role,player_id,player_name,similar_player_id,similar_player_name,cosine_similarity,euclidean_distance,similarity_score,shared_metrics_count,similarity_confidence,quality_flags,research_only,production_ready
GK,6909,Damián Emiliano Martínez,27225,Camilo Andrés Vargas Gil,93.481872,28.170013,93.481872,3,medium_research_only,SAME_ROLE_ONLY;RESEARCH_ONLY;SAMPLE_TOO_SMALL_LOCAL_11_MATCHES_NOT_PRODUCTION_READY,True,False
GK,6909,Damián Emiliano Martínez,36951,Babacar Niasse,97.307511,20.784778,97.307511,3,medium_research_only,SAME_ROLE_ONLY;RESEARCH_ONLY;SAMPLE_TOO_SMALL_LOCAL_11_MATCHES_NOT_PRODUCTION_READY,True,False
GK,6909,Damián Emiliano Martínez,138841,Salaheddine Chihab,98.942274,14.635847,98.942274,3,medium_research_only,SAME_ROLE_ONLY;RESEARCH_ONLY;SAMPLE_TOO_SMALL_LOCAL_11_MATCHES_NOT_PRODUCTION_READY,True,False
GK,6909,Damián Emiliano Martínez,138935,Rachid Ghanimi,88.554856,33.868069,88.554856,3,medium_research_only,SAME_ROLE_ONLY;RESEARCH_ONLY;SAMPLE_TOO_SMALL_LOCAL_11_MATCHES_NOT_PRODUCTION_READY,True,False
GK,6909,Damián Emiliano Martínez,138950,Mehdi Harrar,98.219491,14.070347,98.219491,3,medium_research_only,SAME_ROLE_ONLY;RESEARCH_ONLY;SAMPLE_TOO_SMALL_LOCAL_11_MATCHES_NOT_PRODUCTION_READY,True,False
GK,6909,Damián Emiliano Martínez,138972,Mahdi Benabid,96.406493,23.015355,96.406493,3,medium_research_only,SAME_ROLE_ONLY;RESEARCH_ONLY;SAMPLE_TOO_SMALL_LOCAL_11_MATCHES_NOT_PRODUCTION_READY,True,False
GK,6909,Damián Emiliano Martínez,138989,Mohamed Ferni,85.844809,36.308573,85.844809,3,medium_research_only,SAME_ROLE_ONLY;RESEARCH_ONLY;SAMPLE_TOO_SMALL_LOCAL_11_MATCHES_NOT_PRODUCTION_READY,True,False
GK,6909,Damián Emiliano Martínez,139011,Ahmed Reda Tagnaouti,83.315305,38.949441,83.315305,3,medium_research_only,SAME_ROLE_ONLY;RESEARCH_ONLY;SAMPLE_TOO_SMALL_LOCAL_11_MATCHES_NOT_PRODUCTION_READY,True,False
GK,6909,Damián Emiliano Martínez,139555,Aymane Majid,99.992634,1.541076,99.992634,3,medium_research_only,SAME_ROLE_ONLY;RESEARCH_ONLY;SAMPLE_TOO_SMALL_LOCAL_11_MATCHES_NOT_PRODUCTION_READY,True,False
GK,6909,Damián Emiliano Martínez,139572,Amine El Ouaad,92.324933,29.72551,92.324933,3,medium_research_only,SAME_ROLE_ONLY;RESEARCH_ONLY;SAMPLE_TOO_SMALL_LOCAL_11_MATCHES_NOT_PRODUCTION_READY,True,False
GK,6909,Damián Emiliano Martínez,143162,Mehdi Maftah,95.145628,25.519193,95.145628,3,medium_research_only,SAME_ROLE_ONLY;RESEARCH_ONLY;SAMPLE_TOO_SMALL_LOCAL_11_MATCHES_NOT_PRODUCTION_READY,True,False
GK,6909,Damián Emiliano Martínez,200507,Abderrahmane Kernane,78.42753,41.874914,78.42753,3,medium_research_only,SAME_ROLE_ONLY;RESEARCH_ONLY;SAMPLE_TOO_SMALL_LOCAL_11_MATCHES_NOT_PRODUCTION_READY,True,False
GK,6909,Damián Emiliano Martínez,317852,Abderahmane El Houasli,91.348709,30.914325,91.348709,3,medium_research_only,SAME_ROLE_ONLY;RESEARCH_ONLY;SAMPLE_TOO_SMALL_LOCAL_11_MATCHES_NOT_PRODUCTION_READY,True,False
GK,6909,Damián Emiliano Martínez,362445,Badreddine Abyir,86.566667,35.689113,86.566667,3,medium_research_only,SAME_ROLE_ONLY;RESEARCH_ONLY;SAMPLE_TOO_SMALL_LOCAL_11_MATCHES_NOT_PRODUCTION_READY,True,False
GK,6909,Damián Emiliano Martínez,477675,Mohamed Idar,85.096835,36.930959,85.096835,3,medium_research_only,SAME_ROLE_ONLY;RESEARCH_ONLY;SAMPLE_TOO_SMALL_LOCAL_11_MATCHES_NOT_PRODUCTION_READY,True,False
GK,6909,Damián Emiliano Martínez,522350,Mohamed Jemjami,94.735452,25.44319,94.735452,3,medium_research_only,SAME_ROLE_ONLY;RESEARCH_ONLY;SAMPLE_TOO_SMALL_LOCAL_11_MATCHES_NOT_PRODUCTION_READY,True,False
GK,6909,Damián Emiliano Martínez,523287,Ismail Sayad,99.322763,12.243196,99.322763,3,medium_research_only,SAME_ROLE_ONLY;RESEARCH_ONLY;SAMPLE_TOO_SMALL_LOCAL_11_MATCHES_NOT_PRODUCTION_READY,True,False
GK,27225,Camilo Andrés Vargas Gil,36951,Babacar Niasse,91.390208,34.049728,91.390208,3,medium_research_only,SAME_ROLE_ONLY;RESEARCH_ONLY;SAMPLE_TOO_SMALL_LOCAL_11_MATCHES_NOT_PRODUCTION_READY,True,False
GK,27225,Camilo Andrés Vargas Gil,138841,Salaheddine Chihab,92.719927,31.002603,92.719927,3,medium_research_only,SAME_ROLE_ONLY;RESEARCH_ONLY;SAMPLE_TOO_SMALL_LOCAL_11_MATCHES_NOT_PRODUCTION_READY,True,False
GK,27225,Camilo Andrés Vargas Gil,138935,Rachid Ghanimi,84.02011,42.810859,84.02011,3,medium_research_only,SAME_ROLE_ONLY;RESEARCH_ONLY;SAMPLE_TOO_SMALL_LOCAL_11_MATCHES_NOT_PRODUCTION_READY,True,False
GK,27225,Camilo Andrés Vargas Gil,138950,Mehdi Harrar,98.454093,14.212831,98.454093,3,medium_research_only,SAME_ROLE_ONLY;RESEARCH_ONLY;SAMPLE_TOO_SMALL_LOCAL_11_MATCHES_NOT_PRODUCTION_READY,True,False
GK,27225,Camilo Andrés Vargas Gil,138972,Mahdi Benabid,90.644099,35.355085,90.644099,3,medium_research_only,SAME_ROLE_ONLY;RESEARCH_ONLY;SAMPLE_TOO_SMALL_LOCAL_11_MATCHES_NOT_PRODUCTION_READY,True,False
GK,27225,Camilo Andrés Vargas Gil,138989,Mohamed Ferni,81.710012,44.679595,81.710012,3,medium_research_only,SAME_ROLE_ONLY;RESEARCH_ONLY;SAMPLE_TOO_SMALL_LOCAL_11_MATCHES_NOT_PRODUCTION_READY,True,False
GK,27225,Camilo Andrés Vargas Gil,139011,Ahmed Reda Tagnaouti,95.50096,25.353337,95.50096,3,medium_research_only,SAME_ROLE_ONLY;RESEARCH_ONLY;SAMPLE_TOO_SMALL_LOCAL_11_MATCHES_NOT_PRODUCTION_READY,True,False
GK,27225,Camilo Andrés Vargas Gil,139555,Aymane Majid,93.488712,28.125046,93.488712,3,medium_research_only,SAME_ROLE_ONLY;RESEARCH_ONLY;SAMPLE_TOO_SMALL_LOCAL_11_MATCHES_NOT_PRODUCTION_READY,True,False
GK,27225,Camilo Andrés Vargas Gil,139572,Amine El Ouaad,87.2182,39.780878,87.2182,3,medium_research_only,SAME_ROLE_ONLY;RESEARCH_ONLY;SAMPLE_TOO_SMALL_LOCAL_11_MATCHES_NOT_PRODUCTION_READY,True,False
GK,27225,Camilo Andrés Vargas Gil,143162,Mehdi Maftah,89.59203,36.92605,89.59203,3,medium_research_only,SAME_ROLE_ONLY;RESEARCH_ONLY;SAMPLE_TOO_SMALL_LOCAL_11_MATCHES_NOT_PRODUCTION_READY,True,False
GK,27225,Camilo Andrés Vargas Gil,200507,Abderrahmane Kernane,75.356494,49.129834,75.356494,3,medium_research_only,SAME_ROLE_ONLY;RESEARCH_ONLY;SAMPLE_TOO_SMALL_LOCAL_11_MATCHES_NOT_PRODUCTION_READY,True,False
GK,27225,Camilo Andrés Vargas Gil,317852,Abderahmane El Houasli,86.392274,40.63032,86.392274,3,medium_research_only,SAME_ROLE_ONLY;RESEARCH_ONLY;SAMPLE_TOO_SMALL_LOCAL_11_MATCHES_NOT_PRODUCTION_READY,True,False
GK,27225,Camilo Andrés Vargas Gil,362445,Badreddine Abyir,82.326067,44.199985,82.326067,3,medium_research_only,SAME_ROLE_ONLY;RESEARCH_ONLY;SAMPLE_TOO_SMALL_LOCAL_11_MATCHES_NOT_PRODUCTION_READY,True,False
GK,27225,Camilo Andrés Vargas Gil,477675,Mohamed Idar,81.071167,45.164898,81.071167,3,medium_research_only,SAME_ROLE_ONLY;RESEARCH_ONLY;SAMPLE_TOO_SMALL_LOCAL_11_MATCHES_NOT_PRODUCTION_READY,True,False
GK,27225,Camilo Andrés Vargas Gil,522350,Mohamed Jemjami,94.296016,31.105443,94.296016,3,medium_research_only,SAME_ROLE_ONLY;RESEARCH_ONLY;SAMPLE_TOO_SMALL_LOCAL_11_MATCHES_NOT_PRODUCTION_READY,True,False
GK,27225,Camilo Andrés Vargas Gil,523287,Ismail Sayad,93.019506,30.074353,93.019506,3,medium_research_only,SAME_ROLE_ONLY;RESEARCH_ONLY;SAMPLE_TOO_SMALL_LOCAL_11_MATCHES_NOT_PRODUCTION_READY,True,False
GK,36951,Babacar Niasse,138841,Salaheddine Chihab,99.618494,6.148931,99.618494,3,medium_research_only,SAME_ROLE_ONLY;RESEARCH_ONLY;SAMPLE_TOO_SMALL_LOCAL_11_MATCHES_NOT_PRODUCTION_READY,True,False
GK,36951,Babacar Niasse,138935,Rachid Ghanimi,96.784848,13.083291,96.784848,3,medium_research_only,SAME_ROLE_ONLY;RESEARCH_ONLY;SAMPLE_TOO_SMALL_LOCAL_11_MATCHES_NOT_PRODUCTION_READY,True,False
GK,36951,Babacar Niasse,138950,Mehdi Harrar,95.543848,25.485555,95.543848,3,medium_research_only,SAME_ROLE_ONLY;RESEARCH_ONLY;SAMPLE_TOO_SMALL_LOCAL_11_MATCHES_NOT_PRODUCTION_READY,True,False
GK,36951,Babacar Niasse,138972,Mahdi Benabid,99.933006,2.230577,99.933006,3,medium_research_only,SAME_ROLE_ONLY;RESEARCH_ONLY;SAMPLE_TOO_SMALL_LOCAL_11_MATCHES_NOT_PRODUCTION_READY,True,False
GK,36951,Babacar Niasse,138989,Mohamed Ferni,95.199404,15.523795,95.199404,3,medium_research_only,SAME_ROLE_ONLY;RESEARCH_ONLY;SAMPLE_TOO_SMALL_LOCAL_11_MATCHES_NOT_PRODUCTION_READY,True,False
GK,36951,Babacar Niasse,139011,Ahmed Reda Tagnaouti,87.168902,28.791775,87.168902,3,medium_research_only,SAME_ROLE_ONLY;RESEARCH_ONLY;SAMPLE_TOO_SMALL_LOCAL_11_MATCHES_NOT_PRODUCTION_READY,True,False
GK,36951,Babacar Niasse,139555,Aymane Majid,97.578375,19.243702,97.578375,3,medium_research_only,SAME_ROLE_ONLY;RESEARCH_ONLY;SAMPLE_TOO_SMALL_LOCAL_11_MATCHES_NOT_PRODUCTION_READY,True,False
GK,36951,Babacar Niasse,139572,Amine El Ouaad,98.663234,8.940732,98.663234,3,medium_research_only,SAME_ROLE_ONLY;RESEARCH_ONLY;SAMPLE_TOO_SMALL_LOCAL_11_MATCHES_NOT_PRODUCTION_READY,True,False
GK,36951,Babacar Niasse,143162,Mehdi Maftah,99.671852,4.734415,99.671852,3,medium_research_only,SAME_ROLE_ONLY;RESEARCH_ONLY;SAMPLE_TOO_SMALL_LOCAL_11_MATCHES_NOT_PRODUCTION_READY,True,False
GK,36951,Babacar Niasse,200507,Abderrahmane Kernane,90.212424,21.090136,90.212424,3,medium_research_only,SAME_ROLE_ONLY;RESEARCH_ONLY;SAMPLE_TOO_SMALL_LOCAL_11_MATCHES_NOT_PRODUCTION_READY,True,False
GK,36951,Babacar Niasse,317852,Abderahmane El Houasli,98.222727,10.129547,98.222727,3,medium_research_only,SAME_ROLE_ONLY;RESEARCH_ONLY;SAMPLE_TOO_SMALL_LOCAL_11_MATCHES_NOT_PRODUCTION_READY,True,False
GK,36951,Babacar Niasse,362445,Badreddine Abyir,95.637008,14.904335,95.637008,3,medium_research_only,SAME_ROLE_ONLY;RESEARCH_ONLY;SAMPLE_TOO_SMALL_LOCAL_11_MATCHES_NOT_PRODUCTION_READY,True,False
GK,36951,Babacar Niasse,477675,Mohamed Idar,94.735466,16.146181,94.735466,3,medium_research_only,SAME_ROLE_ONLY;RESEARCH_ONLY;SAMPLE_TOO_SMALL_LOCAL_11_MATCHES_NOT_PRODUCTION_READY,True,False
GK,36951,Babacar Niasse,522350,Mohamed Jemjami,98.739853,7.930294,98.739853,3,medium_research_only,SAME_ROLE_ONLY;RESEARCH_ONLY;SAMPLE_TOO_SMALL_LOCAL_11_MATCHES_NOT_PRODUCTION_READY,True,False
GK,36951,Babacar Niasse,523287,Ismail Sayad,99.321806,8.541582,99.321806,3,medium_research_only,SAME_ROLE_ONLY;RESEARCH_ONLY;SAMPLE_TOO_SMALL_LOCAL_11_MATCHES_NOT_PRODUCTION_READY,True,False
GK,138841,Salaheddine Chihab,138935,Rachid Ghanimi,94.252896,19.232222,94.252896,3,medium_research_only,SAME_ROLE_ONLY;RESEARCH_ONLY;SAMPLE_TOO_SMALL_LOCAL_11_MATCHES_NOT_PRODUCTION_READY,True,False
GK,138841,Salaheddine Chihab,138950,Mehdi Harrar,97.14948,20.638223,97.14948,3,medium_research_only,SAME_ROLE_ONLY;RESEARCH_ONLY;SAMPLE_TOO_SMALL_LOCAL_11_MATCHES_NOT_PRODUCTION_READY,True,False
GK,138841,Salaheddine Chihab,138972,Mahdi Benabid,99.232987,8.379508,99.232987,3,medium_research_only,SAME_ROLE_ONLY;RESEARCH_ONLY;SAMPLE_TOO_SMALL_LOCAL_11_MATCHES_NOT_PRODUCTION_READY,True,False
GK,138841,Salaheddine Chihab,138989,Mohamed Ferni,92.218711,21.672726,92.218711,3,medium_research_only,SAME_ROLE_ONLY;RESEARCH_ONLY;SAMPLE_TOO_SMALL_LOCAL_11_MATCHES_NOT_PRODUCTION_READY,True,False
GK,138841,Salaheddine Chihab,139011,Ahmed Reda Tagnaouti,86.179916,30.700742,86.179916,3,medium_research_only,SAME_ROLE_ONLY;RESEARCH_ONLY;SAMPLE_TOO_SMALL_LOCAL_11_MATCHES_NOT_PRODUCTION_READY,True,False
GK,138841,Salaheddine Chihab,139555,Aymane Majid,99.110659,13.094771,99.110659,3,medium_research_only,SAME_ROLE_ONLY;RESEARCH_ONLY;SAMPLE_TOO_SMALL_LOCAL_11_MATCHES_NOT_PRODUCTION_READY,True,False
GK,138841,Salaheddine Chihab,139572,Amine El Ouaad,96.875952,15.089663,96.875952,3,medium_research_only,SAME_ROLE_ONLY;RESEARCH_ONLY;SAMPLE_TOO_SMALL_LOCAL_11_MATCHES_NOT_PRODUCTION_READY,True,False
GK,138841,Salaheddine Chihab,143162,Mehdi Maftah,98.587716,10.883346,98.587716,3,medium_research_only,SAME_ROLE_ONLY;RESEARCH_ONLY;SAMPLE_TOO_SMALL_LOCAL_11_MATCHES_NOT_PRODUCTION_READY,True,False
GK,138841,Salaheddine Chihab,200507,Abderrahmane Kernane,86.241888,27.239067,86.241888,3,medium_research_only,SAME_ROLE_ONLY;RESEARCH_ONLY;SAMPLE_TOO_SMALL_LOCAL_11_MATCHES_NOT_PRODUCTION_READY,True,False
GK,138841,Salaheddine Chihab,317852,Abderahmane El Houasli,96.225736,16.278478,96.225736,3,medium_research_only,SAME_ROLE_ONLY;RESEARCH_ONLY;SAMPLE_TOO_SMALL_LOCAL_11_MATCHES_NOT_PRODUCTION_READY,True,False
GK,138841,Salaheddine Chihab,362445,Badreddine Abyir,92.770214,21.053266,92.770214,3,medium_research_only,SAME_ROLE_ONLY;RESEARCH_ONLY;SAMPLE_TOO_SMALL_LOCAL_11_MATCHES_NOT_PRODUCTION_READY,True,False
GK,138841,Salaheddine Chihab,477675,Mohamed Idar,91.640619,22.295112,91.640619,3,medium_research_only,SAME_ROLE_ONLY;RESEARCH_ONLY;SAMPLE_TOO_SMALL_LOCAL_11_MATCHES_NOT_PRODUCTION_READY,True,False
GK,138841,Salaheddine Chihab,522350,Mohamed Jemjami,97.842457,12.074858,97.842457,3,medium_research_only,SAME_ROLE_ONLY;RESEARCH_ONLY;SAMPLE_TOO_SMALL_LOCAL_11_MATCHES_NOT_PRODUCTION_READY,True,False
GK,138841,Salaheddine Chihab,523287,Ismail Sayad,99.957403,2.392651,99.957403,3,medium_research_only,SAME_ROLE_ONLY;RESEARCH_ONLY;SAMPLE_TOO_SMALL_LOCAL_11_MATCHES_NOT_PRODUCTION_READY,True,False
GK,138935,Rachid Ghanimi,138950,Mehdi Harrar,87.026464,37.105892,87.026464,3,medium_research_only,SAME_ROLE_ONLY;RESEARCH_ONLY;SAMPLE_TOO_SMALL_LOCAL_11_MATCHES_NOT_PRODUCTION_READY,True,False
GK,138935,Rachid Ghanimi,138972,Mahdi Benabid,97.635028,10.852714,97.635028,3,medium_research_only,SAME_ROLE_ONLY;RESEARCH_ONLY;SAMPLE_TOO_SMALL_LOCAL_11_MATCHES_NOT_PRODUCTION_READY,True,False
GK,138935,Rachid Ghanimi,138989,Mohamed Ferni,99.835164,2.440504,99.835164,3,medium_research_only,SAME_ROLE_ONLY;RESEARCH_ONLY;SAMPLE_TOO_SMALL_LOCAL_11_MATCHES_NOT_PRODUCTION_READY,True,False
GK,138935,Rachid Ghanimi,139011,Ahmed Reda Tagnaouti,86.797238,28.964493,86.797238,3,medium_research_only,SAME_ROLE_ONLY;RESEARCH_ONLY;SAMPLE_TOO_SMALL_LOCAL_11_MATCHES_NOT_PRODUCTION_READY,True,False
GK,138935,Rachid Ghanimi,139555,Aymane Majid,89.095627,32.326993,89.095627,3,medium_research_only,SAME_ROLE_ONLY;RESEARCH_ONLY;SAMPLE_TOO_SMALL_LOCAL_11_MATCHES_NOT_PRODUCTION_READY,True,False
GK,138935,Rachid Ghanimi,139572,Amine El Ouaad,99.585764,4.142559,99.585764,3,medium_research_only,SAME_ROLE_ONLY;RESEARCH_ONLY;SAMPLE_TOO_SMALL_LOCAL_11_MATCHES_NOT_PRODUCTION_READY,True,False
GK,138935,Rachid Ghanimi,143162,Mehdi Maftah,98.495497,8.348876,98.495497,3,medium_research_only,SAME_ROLE_ONLY;RESEARCH_ONLY;SAMPLE_TOO_SMALL_LOCAL_11_MATCHES_NOT_PRODUCTION_READY,True,False
GK,138935,Rachid Ghanimi,200507,Abderrahmane Kernane,98.110116,8.006845,98.110116,3,medium_research_only,SAME_ROLE_ONLY;RESEARCH_ONLY;SAMPLE_TOO_SMALL_LOCAL_11_MATCHES_NOT_PRODUCTION_READY,True,False
GK,138935,Rachid Ghanimi,317852,Abderahmane El Houasli,99.783271,2.953744,99.783271,3,medium_research_only,SAME_ROLE_ONLY;RESEARCH_ONLY;SAMPLE_TOO_SMALL_LOCAL_11_MATCHES_NOT_PRODUCTION_READY,True,False
GK,138935,Rachid Ghanimi,362445,Badreddine Abyir,99.909163,1.821044,99.909163,3,medium_research_only,SAME_ROLE_ONLY;RESEARCH_ONLY;SAMPLE_TOO_SMALL_LOCAL_11_MATCHES_NOT_PRODUCTION_READY,True,False
GK,138935,Rachid Ghanimi,477675,Mohamed Idar,99.737832,3.06289,99.737832,3,medium_research_only,SAME_ROLE_ONLY;RESEARCH_ONLY;SAMPLE_TOO_SMALL_LOCAL_11_MATCHES_NOT_PRODUCTION_READY,True,False
GK,138935,Rachid Ghanimi,522350,Mohamed Jemjami,97.109433,11.751351,97.109433,3,medium_research_only,SAME_ROLE_ONLY;RESEARCH_ONLY;SAMPLE_TOO_SMALL_LOCAL_11_MATCHES_NOT_PRODUCTION_READY,True,False
GK,138935,Rachid Ghanimi,523287,Ismail Sayad,93.254696,21.624873,93.254696,3,medium_research_only,SAME_ROLE_ONLY;RESEARCH_ONLY;SAMPLE_TOO_SMALL_LOCAL_11_MATCHES_NOT_PRODUCTION_READY,True,False
GK,138950,Mehdi Harrar,138972,Mahdi Benabid,94.663067,27.373512,94.663067,3,medium_research_only,SAME_ROLE_ONLY;RESEARCH_ONLY;SAMPLE_TOO_SMALL_LOCAL_11_MATCHES_NOT_PRODUCTION_READY,True,False
GK,138950,Mehdi Harrar,138989,Mohamed Ferni,84.398161,39.375208,84.398161,3,medium_research_only,SAME_ROLE_ONLY;RESEARCH_ONLY;SAMPLE_TOO_SMALL_LOCAL_11_MATCHES_NOT_PRODUCTION_READY,True,False
GK,138950,Mehdi Harrar,139011,Ahmed Reda Tagnaouti,90.757211,30.811343,90.757211,3,medium_research_only,SAME_ROLE_ONLY;RESEARCH_ONLY;SAMPLE_TOO_SMALL_LOCAL_11_MATCHES_NOT_PRODUCTION_READY,True,False
GK,138950,Mehdi Harrar,139555,Aymane Majid,98.208197,14.205554,98.208197,3,medium_research_only,SAME_ROLE_ONLY;RESEARCH_ONLY;SAMPLE_TOO_SMALL_LOCAL_11_MATCHES_NOT_PRODUCTION_READY,True,False
GK,138950,Mehdi Harrar,139572,Amine El Ouaad,90.687758,33.309371,90.687758,3,medium_research_only,SAME_ROLE_ONLY;RESEARCH_ONLY;SAMPLE_TOO_SMALL_LOCAL_11_MATCHES_NOT_PRODUCTION_READY,True,False
GK,138950,Mehdi Harrar,143162,Mehdi Maftah,93.433048,29.549699,93.433048,3,medium_research_only,SAME_ROLE_ONLY;RESEARCH_ONLY;SAMPLE_TOO_SMALL_LOCAL_11_MATCHES_NOT_PRODUCTION_READY,True,False
GK,138950,Mehdi Harrar,200507,Abderrahmane Kernane,77.214381,44.61876,77.214381,3,medium_research_only,SAME_ROLE_ONLY;RESEARCH_ONLY;SAMPLE_TOO_SMALL_LOCAL_11_MATCHES_NOT_PRODUCTION_READY,True,False
GK,138950,Mehdi Harrar,317852,Abderahmane El Houasli,89.73901,34.39071,89.73901,3,medium_research_only,SAME_ROLE_ONLY;RESEARCH_ONLY;SAMPLE_TOO_SMALL_LOCAL_11_MATCHES_NOT_PRODUCTION_READY,True,False
GK,138950,Mehdi Harrar,362445,Badreddine Abyir,85.098014,38.797231,85.098014,3,medium_research_only,SAME_ROLE_ONLY;RESEARCH_ONLY;SAMPLE_TOO_SMALL_LOCAL_11_MATCHES_NOT_PRODUCTION_READY,True,False
GK,138950,Mehdi Harrar,477675,Mohamed Idar,83.673146,39.957166,83.673146,3,medium_research_only,SAME_ROLE_ONLY;RESEARCH_ONLY;SAMPLE_TOO_SMALL_LOCAL_11_MATCHES_NOT_PRODUCTION_READY,True,False
GK,138950,Mehdi Harrar,522350,Mohamed Jemjami,95.771605,25.895076,95.771605,3,medium_research_only,SAME_ROLE_ONLY;RESEARCH_ONLY;SAMPLE_TOO_SMALL_LOCAL_11_MATCHES_NOT_PRODUCTION_READY,True,False
GK,138950,Mehdi Harrar,523287,Ismail Sayad,97.526325,18.957206,97.526325,3,medium_research_only,SAME_ROLE_ONLY;RESEARCH_ONLY;SAMPLE_TOO_SMALL_LOCAL_11_MATCHES_NOT_PRODUCTION_READY,True,False
GK,138972,Mahdi Benabid,138989,Mohamed Ferni,96.245129,13.293218,96.245129,3,medium_research_only,SAME_ROLE_ONLY;RESEARCH_ONLY;SAMPLE_TOO_SMALL_LOCAL_11_MATCHES_NOT_PRODUCTION_READY,True,False
GK,138972,Mahdi Benabid,139011,Ahmed Reda Tagnaouti,87.415159,28.398226,87.415159,3,medium_research_only,SAME_ROLE_ONLY;RESEARCH_ONLY;SAMPLE_TOO_SMALL_LOCAL_11_MATCHES_NOT_PRODUCTION_READY,True,False
GK,138972,Mahdi Benabid,139555,Aymane Majid,96.719138,21.474279,96.719138,3,medium_research_only,SAME_ROLE_ONLY;RESEARCH_ONLY;SAMPLE_TOO_SMALL_LOCAL_11_MATCHES_NOT_PRODUCTION_READY,True,False
GK,138972,Mahdi Benabid,139572,Amine El Ouaad,99.192334,6.710155,99.192334,3,medium_research_only,SAME_ROLE_ONLY;RESEARCH_ONLY;SAMPLE_TOO_SMALL_LOCAL_11_MATCHES_NOT_PRODUCTION_READY,True,False
GK,138972,Mahdi Benabid,143162,Mehdi Maftah,99.901251,2.503838,99.901251,3,medium_research_only,SAME_ROLE_ONLY;RESEARCH_ONLY;SAMPLE_TOO_SMALL_LOCAL_11_MATCHES_NOT_PRODUCTION_READY,True,False
GK,138972,Mahdi Benabid,200507,Abderrahmane Kernane,91.696252,18.859559,91.696252,3,medium_research_only,SAME_ROLE_ONLY;RESEARCH_ONLY;SAMPLE_TOO_SMALL_LOCAL_11_MATCHES_NOT_PRODUCTION_READY,True,False
GK,138972,Mahdi Benabid,317852,Abderahmane El Houasli,98.841847,7.89897,98.841847,3,medium_research_only,SAME_ROLE_ONLY;RESEARCH_ONLY;SAMPLE_TOO_SMALL_LOCAL_11_MATCHES_NOT_PRODUCTION_READY,True,False
GK,138972,Mahdi Benabid,362445,Badreddine Abyir,96.632941,12.673758,96.632941,3,medium_research_only,SAME_ROLE_ONLY;RESEARCH_ONLY;SAMPLE_TOO_SMALL_LOCAL_11_MATCHES_NOT_PRODUCTION_READY,True,False
GK,138972,Mahdi Benabid,477675,Mohamed Idar,95.83121,13.915604,95.83121,3,medium_research_only,SAME_ROLE_ONLY;RESEARCH_ONLY;SAMPLE_TOO_SMALL_LOCAL_11_MATCHES_NOT_PRODUCTION_READY,True,False
GK,138972,Mahdi Benabid,522350,Mohamed Jemjami,98.895109,7.176589,98.895109,3,medium_research_only,SAME_ROLE_ONLY;RESEARCH_ONLY;SAMPLE_TOO_SMALL_LOCAL_11_MATCHES_NOT_PRODUCTION_READY,True,False
GK,138972,Mahdi Benabid,523287,Ismail Sayad,98.831001,10.772159,98.831001,3,medium_research_only,SAME_ROLE_ONLY;RESEARCH_ONLY;SAMPLE_TOO_SMALL_LOCAL_11_MATCHES_NOT_PRODUCTION_READY,True,False
GK,138989,Mohamed Ferni,139011,Ahmed Reda Tagnaouti,86.046318,29.642681,86.046318,3,medium_research_only,SAME_ROLE_ONLY;RESEARCH_ONLY;SAMPLE_TOO_SMALL_LOCAL_11_MATCHES_NOT_PRODUCTION_READY,True,False
GK,138989,Mohamed Ferni,139555,Aymane Majid,86.43787,34.767497,86.43787,3,medium_research_only,SAME_ROLE_ONLY;RESEARCH_ONLY;SAMPLE_TOO_SMALL_LOCAL_11_MATCHES_NOT_PRODUCTION_READY,True,False
GK,138989,Mohamed Ferni,139572,Amine El Ouaad,98.901194,6.583063,98.901194,3,medium_research_only,SAME_ROLE_ONLY;RESEARCH_ONLY;SAMPLE_TOO_SMALL_LOCAL_11_MATCHES_NOT_PRODUCTION_READY,True,False
GK,138989,Mohamed Ferni,143162,Mehdi Maftah,97.347971,10.78938,97.347971,3,medium_research_only,SAME_ROLE_ONLY;RESEARCH_ONLY;SAMPLE_TOO_SMALL_LOCAL_11_MATCHES_NOT_PRODUCTION_READY,True,False
GK,138989,Mohamed Ferni,200507,Abderrahmane Kernane,99.056282,5.566341,99.056282,3,medium_research_only,SAME_ROLE_ONLY;RESEARCH_ONLY;SAMPLE_TOO_SMALL_LOCAL_11_MATCHES_NOT_PRODUCTION_READY,True,False
GK,138989,Mohamed Ferni,317852,Abderahmane El Houasli,99.241851,5.394248,99.241851,3,medium_research_only,SAME_ROLE_ONLY;RESEARCH_ONLY;SAMPLE_TOO_SMALL_LOCAL_11_MATCHES_NOT_PRODUCTION_READY,True,False
GK,138989,Mohamed Ferni,362445,Badreddine Abyir,99.989044,0.61946,99.989044,3,medium_research_only,SAME_ROLE_ONLY;RESEARCH_ONLY;SAMPLE_TOO_SMALL_LOCAL_11_MATCHES_NOT_PRODUCTION_READY,True,False
GK,138989,Mohamed Ferni,477675,Mohamed Idar,99.988736,0.622386,99.988736,3,medium_research_only,SAME_ROLE_ONLY;RESEARCH_ONLY;SAMPLE_TOO_SMALL_LOCAL_11_MATCHES_NOT_PRODUCTION_READY,True,False
GK,138989,Mohamed Ferni,522350,Mohamed Jemjami,95.882554,13.784357,95.882554,3,medium_research_only,SAME_ROLE_ONLY;RESEARCH_ONLY;SAMPLE_TOO_SMALL_LOCAL_11_MATCHES_NOT_PRODUCTION_READY,True,False
GK,138989,Mohamed Ferni,523287,Ismail Sayad,91.077239,24.065377,91.077239,3,medium_research_only,SAME_ROLE_ONLY;RESEARCH_ONLY;SAMPLE_TOO_SMALL_LOCAL_11_MATCHES_NOT_PRODUCTION_READY,True,False
GK,139011,Ahmed Reda Tagnaouti,139555,Aymane Majid,83.609844,37.899666,83.609844,3,medium_research_only,SAME_ROLE_ONLY;RESEARCH_ONLY;SAMPLE_TOO_SMALL_LOCAL_11_MATCHES_NOT_PRODUCTION_READY,True,False
GK,139011,Ahmed Reda Tagnaouti,139572,Amine El Ouaad,87.489225,28.262091,87.489225,3,medium_research_only,SAME_ROLE_ONLY;RESEARCH_ONLY;SAMPLE_TOO_SMALL_LOCAL_11_MATCHES_NOT_PRODUCTION_READY,True,False
GK,139011,Ahmed Reda Tagnaouti,143162,Mehdi Maftah,87.579338,28.161127,87.579338,3,medium_research_only,SAME_ROLE_ONLY;RESEARCH_ONLY;SAMPLE_TOO_SMALL_LOCAL_11_MATCHES_NOT_PRODUCTION_READY,True,False
GK,139011,Ahmed Reda Tagnaouti,200507,Abderrahmane Kernane,83.293007,31.841989,83.293007,3,medium_research_only,SAME_ROLE_ONLY;RESEARCH_ONLY;SAMPLE_TOO_SMALL_LOCAL_11_MATCHES_NOT_PRODUCTION_READY,True,False
GK,139011,Ahmed Reda Tagnaouti,317852,Abderahmane El Houasli,87.359494,28.403691,87.359494,3,medium_research_only,SAME_ROLE_ONLY;RESEARCH_ONLY;SAMPLE_TOO_SMALL_LOCAL_11_MATCHES_NOT_PRODUCTION_READY,True,False
GK,139011,Ahmed Reda Tagnaouti,362445,Badreddine Abyir,86.262826,29.452874,86.262826,3,medium_research_only,SAME_ROLE_ONLY;RESEARCH_ONLY;SAMPLE_TOO_SMALL_LOCAL_11_MATCHES_NOT_PRODUCTION_READY,True,False
GK,139011,Ahmed Reda Tagnaouti,477675,Mohamed Idar,85.810659,29.84512,85.810659,3,medium_research_only,SAME_ROLE_ONLY;RESEARCH_ONLY;SAMPLE_TOO_SMALL_LOCAL_11_MATCHES_NOT_PRODUCTION_READY,True,False
GK,139011,Ahmed Reda Tagnaouti,522350,Mohamed Jemjami,93.513104,21.24054,93.513104,3,medium_research_only,SAME_ROLE_ONLY;RESEARCH_ONLY;SAMPLE_TOO_SMALL_LOCAL_11_MATCHES_NOT_PRODUCTION_READY,True,False
GK,139011,Ahmed Reda Tagnaouti,523287,Ismail Sayad,85.725664,31.735852,85.725664,3,medium_research_only,SAME_ROLE_ONLY;RESEARCH_ONLY;SAMPLE_TOO_SMALL_LOCAL_11_MATCHES_NOT_PRODUCTION_READY,True,False
GK,139555,Aymane Majid,139572,Amine El Ouaad,92.775612,28.184434,92.775612,3,medium_research_only,SAME_ROLE_ONLY;RESEARCH_ONLY;SAMPLE_TOO_SMALL_LOCAL_11_MATCHES_NOT_PRODUCTION_READY,True,False
GK,139555,Aymane Majid,143162,Mehdi Maftah,95.507866,23.978117,95.507866,3,medium_research_only,SAME_ROLE_ONLY;RESEARCH_ONLY;SAMPLE_TOO_SMALL_LOCAL_11_MATCHES_NOT_PRODUCTION_READY,True,False
GK,139555,Aymane Majid,200507,Abderrahmane Kernane,79.129365,40.333838,79.129365,3,medium_research_only,SAME_ROLE_ONLY;RESEARCH_ONLY;SAMPLE_TOO_SMALL_LOCAL_11_MATCHES_NOT_PRODUCTION_READY,True,False
GK,139555,Aymane Majid,317852,Abderahmane El Houasli,91.825149,29.373249,91.825149,3,medium_research_only,SAME_ROLE_ONLY;RESEARCH_ONLY;SAMPLE_TOO_SMALL_LOCAL_11_MATCHES_NOT_PRODUCTION_READY,True,False
GK,139555,Aymane Majid,362445,Badreddine Abyir,87.146611,34.148037,87.146611,3,medium_research_only,SAME_ROLE_ONLY;RESEARCH_ONLY;SAMPLE_TOO_SMALL_LOCAL_11_MATCHES_NOT_PRODUCTION_READY,True,False
GK,139555,Aymane Majid,477675,Mohamed Idar,85.702931,35.389883,85.702931,3,medium_research_only,SAME_ROLE_ONLY;RESEARCH_ONLY;SAMPLE_TOO_SMALL_LOCAL_11_MATCHES_NOT_PRODUCTION_READY,True,False
GK,139555,Aymane Majid,522350,Mohamed Jemjami,95.068911,23.965912,95.068911,3,medium_research_only,SAME_ROLE_ONLY;RESEARCH_ONLY;SAMPLE_TOO_SMALL_LOCAL_11_MATCHES_NOT_PRODUCTION_READY,True,False
GK,139555,Aymane Majid,523287,Ismail Sayad,99.456273,10.70212,99.456273,3,medium_research_only,SAME_ROLE_ONLY;RESEARCH_ONLY;SAMPLE_TOO_SMALL_LOCAL_11_MATCHES_NOT_PRODUCTION_READY,True,False
GK,139572,Amine El Ouaad,143162,Mehdi Maftah,99.657439,4.206317,99.657439,3,medium_research_only,SAME_ROLE_ONLY;RESEARCH_ONLY;SAMPLE_TOO_SMALL_LOCAL_11_MATCHES_NOT_PRODUCTION_READY,True,False
GK,139572,Amine El Ouaad,200507,Abderrahmane Kernane,95.962387,12.149404,95.962387,3,medium_research_only,SAME_ROLE_ONLY;RESEARCH_ONLY;SAMPLE_TOO_SMALL_LOCAL_11_MATCHES_NOT_PRODUCTION_READY,True,False
GK,139572,Amine El Ouaad,317852,Abderahmane El Houasli,99.968196,1.188815,99.968196,3,medium_research_only,SAME_ROLE_ONLY;RESEARCH_ONLY;SAMPLE_TOO_SMALL_LOCAL_11_MATCHES_NOT_PRODUCTION_READY,True,False
GK,139572,Amine El Ouaad,362445,Badreddine Abyir,99.1087,5.963603,99.1087,3,medium_research_only,SAME_ROLE_ONLY;RESEARCH_ONLY;SAMPLE_TOO_SMALL_LOCAL_11_MATCHES_NOT_PRODUCTION_READY,True,False
GK,139572,Amine El Ouaad,477675,Mohamed Idar,98.668909,7.205449,98.668909,3,medium_research_only,SAME_ROLE_ONLY;RESEARCH_ONLY;SAMPLE_TOO_SMALL_LOCAL_11_MATCHES_NOT_PRODUCTION_READY,True,False
GK,139572,Amine El Ouaad,522350,Mohamed Jemjami,98.415732,8.788896,98.415732,3,medium_research_only,SAME_ROLE_ONLY;RESEARCH_ONLY;SAMPLE_TOO_SMALL_LOCAL_11_MATCHES_NOT_PRODUCTION_READY,True,False
GK,139572,Amine El Ouaad,523287,Ismail Sayad,96.11807,17.482314,96.11807,3,medium_research_only,SAME_ROLE_ONLY;RESEARCH_ONLY;SAMPLE_TOO_SMALL_LOCAL_11_MATCHES_NOT_PRODUCTION_READY,True,False
GK,143162,Mehdi Maftah,200507,Abderrahmane Kernane,93.347284,16.355721,93.347284,3,medium_research_only,SAME_ROLE_ONLY;RESEARCH_ONLY;SAMPLE_TOO_SMALL_LOCAL_11_MATCHES_NOT_PRODUCTION_READY,True,False
GK,143162,Mehdi Maftah,317852,Abderahmane El Houasli,99.417487,5.395132,99.417487,3,medium_research_only,SAME_ROLE_ONLY;RESEARCH_ONLY;SAMPLE_TOO_SMALL_LOCAL_11_MATCHES_NOT_PRODUCTION_READY,True,False
GK,143162,Mehdi Maftah,362445,Badreddine Abyir,97.673945,10.16992,97.673945,3,medium_research_only,SAME_ROLE_ONLY;RESEARCH_ONLY;SAMPLE_TOO_SMALL_LOCAL_11_MATCHES_NOT_PRODUCTION_READY,True,False
GK,143162,Mehdi Maftah,477675,Mohamed Idar,96.996261,11.411766,96.996261,3,medium_research_only,SAME_ROLE_ONLY;RESEARCH_ONLY;SAMPLE_TOO_SMALL_LOCAL_11_MATCHES_NOT_PRODUCTION_READY,True,False
GK,143162,Mehdi Maftah,522350,Mohamed Jemjami,98.90748,7.111725,98.90748,3,medium_research_only,SAME_ROLE_ONLY;RESEARCH_ONLY;SAMPLE_TOO_SMALL_LOCAL_11_MATCHES_NOT_PRODUCTION_READY,True,False
GK,143162,Mehdi Maftah,523287,Ismail Sayad,98.059357,13.275997,98.059357,3,medium_research_only,SAME_ROLE_ONLY;RESEARCH_ONLY;SAMPLE_TOO_SMALL_LOCAL_11_MATCHES_NOT_PRODUCTION_READY,True,False
GK,200507,Abderrahmane Kernane,317852,Abderahmane El Houasli,96.635118,10.960589,96.635118,3,medium_research_only,SAME_ROLE_ONLY;RESEARCH_ONLY;SAMPLE_TOO_SMALL_LOCAL_11_MATCHES_NOT_PRODUCTION_READY,True,False
GK,200507,Abderrahmane Kernane,362445,Badreddine Abyir,98.843138,6.185801,98.843138,3,medium_research_only,SAME_ROLE_ONLY;RESEARCH_ONLY;SAMPLE_TOO_SMALL_LOCAL_11_MATCHES_NOT_PRODUCTION_READY,True,False
GK,200507,Abderrahmane Kernane,477675,Mohamed Idar,99.25045,4.943955,99.25045,3,medium_research_only,SAME_ROLE_ONLY;RESEARCH_ONLY;SAMPLE_TOO_SMALL_LOCAL_11_MATCHES_NOT_PRODUCTION_READY,True,False
GK,200507,Abderrahmane Kernane,522350,Mohamed Jemjami,91.73191,18.787874,91.73191,3,medium_research_only,SAME_ROLE_ONLY;RESEARCH_ONLY;SAMPLE_TOO_SMALL_LOCAL_11_MATCHES_NOT_PRODUCTION_READY,True,False
GK,200507,Abderrahmane Kernane,523287,Ismail Sayad,84.789457,29.631718,84.789457,3,medium_research_only,SAME_ROLE_ONLY;RESEARCH_ONLY;SAMPLE_TOO_SMALL_LOCAL_11_MATCHES_NOT_PRODUCTION_READY,True,False
GK,317852,Abderahmane El Houasli,362445,Badreddine Abyir,99.412638,4.774788,99.412638,3,medium_research_only,SAME_ROLE_ONLY;RESEARCH_ONLY;SAMPLE_TOO_SMALL_LOCAL_11_MATCHES_NOT_PRODUCTION_READY,True,False
GK,317852,Abderahmane El Houasli,477675,Mohamed Idar,99.046645,6.016634,99.046645,3,medium_research_only,SAME_ROLE_ONLY;RESEARCH_ONLY;SAMPLE_TOO_SMALL_LOCAL_11_MATCHES_NOT_PRODUCTION_READY,True,False
GK,317852,Abderahmane El Houasli,522350,Mohamed Jemjami,98.133637,9.549639,98.133637,3,medium_research_only,SAME_ROLE_ONLY;RESEARCH_ONLY;SAMPLE_TOO_SMALL_LOCAL_11_MATCHES_NOT_PRODUCTION_READY,True,False
GK,317852,Abderahmane El Houasli,523287,Ismail Sayad,95.399876,18.671129,95.399876,3,medium_research_only,SAME_ROLE_ONLY;RESEARCH_ONLY;SAMPLE_TOO_SMALL_LOCAL_11_MATCHES_NOT_PRODUCTION_READY,True,False
GK,362445,Badreddine Abyir,477675,Mohamed Idar,99.955566,1.241846,99.955566,3,medium_research_only,SAME_ROLE_ONLY;RESEARCH_ONLY;SAMPLE_TOO_SMALL_LOCAL_11_MATCHES_NOT_PRODUCTION_READY,True,False
GK,362445,Badreddine Abyir,522350,Mohamed Jemjami,96.228076,13.255313,96.228076,3,medium_research_only,SAME_ROLE_ONLY;RESEARCH_ONLY;SAMPLE_TOO_SMALL_LOCAL_11_MATCHES_NOT_PRODUCTION_READY,True,False
GK,362445,Badreddine Abyir,523287,Ismail Sayad,91.664987,23.445917,91.664987,3,medium_research_only,SAME_ROLE_ONLY;RESEARCH_ONLY;SAMPLE_TOO_SMALL_LOCAL_11_MATCHES_NOT_PRODUCTION_READY,True,False
GK,477675,Mohamed Idar,522350,Mohamed Jemjami,95.511678,14.323204,95.511678,3,medium_research_only,SAME_ROLE_ONLY;RESEARCH_ONLY;SAMPLE_TOO_SMALL_LOCAL_11_MATCHES_NOT_PRODUCTION_READY,True,False
GK,477675,Mohamed Idar,523287,Ismail Sayad,90.462907,24.687763,90.462907,3,medium_research_only,SAME_ROLE_ONLY;RESEARCH_ONLY;SAMPLE_TOO_SMALL_LOCAL_11_MATCHES_NOT_PRODUCTION_READY,True,False
GK,522350,Mohamed Jemjami,523287,Ismail Sayad,97.379142,14.089071,97.379142,3,medium_research_only,SAME_ROLE_ONLY;RESEARCH_ONLY;SAMPLE_TOO_SMALL_LOCAL_11_MATCHES_NOT_PRODUCTION_READY,True,False
CB,3252,Oussama Haddadi,3494,Davinson Sánchez Mina,99.077993,13.416737,99.077993,3,medium_research_only,SAME_ROLE_ONLY;RESEARCH_ONLY;SAMPLE_TOO_SMALL_LOCAL_11_MATCHES_NOT_PRODUCTION_READY,True,False
CB,3252,Oussama Haddadi,6725,Zakaria Bakkali,66.782164,42.274137,66.782164,3,medium_research_only,SAME_ROLE_ONLY;RESEARCH_ONLY;SAMPLE_TOO_SMALL_LOCAL_11_MATCHES_NOT_PRODUCTION_READY,True,False
CB,3252,Oussama Haddadi,7378,Yunis Abdelhamid,97.713657,12.27674,97.713657,3,medium_research_only,SAME_ROLE_ONLY;RESEARCH_ONLY;SAMPLE_TOO_SMALL_LOCAL_11_MATCHES_NOT_PRODUCTION_READY,True,False
CB,3252,Oussama Haddadi,8861,Bart Meijers,99.160226,6.769608,99.160226,3,medium_research_only,SAME_ROLE_ONLY;RESEARCH_ONLY;SAMPLE_TOO_SMALL_LOCAL_11_MATCHES_NOT_PRODUCTION_READY,True,False
CB,3252,Oussama Haddadi,20572,Cristian Gabriel Romero,96.763737,13.497121,96.763737,3,medium_research_only,SAME_ROLE_ONLY;RESEARCH_ONLY;SAMPLE_TOO_SMALL_LOCAL_11_MATCHES_NOT_PRODUCTION_READY,True,False
CB,3252,Oussama Haddadi,27768,Lisandro Martínez,92.60491,20.292986,92.60491,3,medium_research_only,SAME_ROLE_ONLY;RESEARCH_ONLY;SAMPLE_TOO_SMALL_LOCAL_11_MATCHES_NOT_PRODUCTION_READY,True,False
CB,3252,Oussama Haddadi,28567,Carlos Eccehomo Cuesta Figueroa,99.625217,5.016507,99.625217,3,medium_research_only,SAME_ROLE_ONLY;RESEARCH_ONLY;SAMPLE_TOO_SMALL_LOCAL_11_MATCHES_NOT_PRODUCTION_READY,True,False
CB,3252,Oussama Haddadi,49760,Adil Rhaili,99.165327,17.134796,99.165327,3,medium_research_only,SAME_ROLE_ONLY;RESEARCH_ONLY;SAMPLE_TOO_SMALL_LOCAL_11_MATCHES_NOT_PRODUCTION_READY,True,False
CB,3252,Oussama Haddadi,67700,Badr Banoun,99.60003,4.524377,99.60003,3,medium_research_only,SAME_ROLE_ONLY;RESEARCH_ONLY;SAMPLE_TOO_SMALL_LOCAL_11_MATCHES_NOT_PRODUCTION_READY,True,False
CB,3252,Oussama Haddadi,131244,Ismaël Kandouss,99.380052,5.871014,99.380052,3,medium_research_only,SAME_ROLE_ONLY;RESEARCH_ONLY;SAMPLE_TOO_SMALL_LOCAL_11_MATCHES_NOT_PRODUCTION_READY,True,False
CB,3252,Oussama Haddadi,138839,Driss Abdi,99.524551,21.404164,99.524551,3,medium_research_only,SAME_ROLE_ONLY;RESEARCH_ONLY;SAMPLE_TOO_SMALL_LOCAL_11_MATCHES_NOT_PRODUCTION_READY,True,False
CB,3252,Oussama Haddadi,138842,Marouane Hadhoudi,94.743252,15.951573,94.743252,3,medium_research_only,SAME_ROLE_ONLY;RESEARCH_ONLY;SAMPLE_TOO_SMALL_LOCAL_11_MATCHES_NOT_PRODUCTION_READY,True,False
CB,3252,Oussama Haddadi,138865,Mouhcine Boumlik,91.533295,20.596644,91.533295,3,medium_research_only,SAME_ROLE_ONLY;RESEARCH_ONLY;SAMPLE_TOO_SMALL_LOCAL_11_MATCHES_NOT_PRODUCTION_READY,True,False
CB,3252,Oussama Haddadi,138871,Karim El Bounagat,99.338307,7.215544,99.338307,3,medium_research_only,SAME_ROLE_ONLY;RESEARCH_ONLY;SAMPLE_TOO_SMALL_LOCAL_11_MATCHES_NOT_PRODUCTION_READY,True,False
CB,3252,Oussama Haddadi,138918,Marwan Louadni,92.486102,18.974064,92.486102,3,medium_research_only,SAME_ROLE_ONLY;RESEARCH_ONLY;SAMPLE_TOO_SMALL_LOCAL_11_MATCHES_NOT_PRODUCTION_READY,True,False
CB,3252,Oussama Haddadi,138957,Youssef Limouri,99.124579,7.193494,99.124579,3,medium_research_only,SAME_ROLE_ONLY;RESEARCH_ONLY;SAMPLE_TOO_SMALL_LOCAL_11_MATCHES_NOT_PRODUCTION_READY,True,False
CB,3252,Oussama Haddadi,138958,Mouad Bahsain,93.031148,20.064805,93.031148,3,medium_research_only,SAME_ROLE_ONLY;RESEARCH_ONLY;SAMPLE_TOO_SMALL_LOCAL_11_MATCHES_NOT_PRODUCTION_READY,True,False
CB,3252,Oussama Haddadi,138998,Abdellah Khafifi,98.572865,8.492678,98.572865,3,medium_research_only,SAME_ROLE_ONLY;RESEARCH_ONLY;SAMPLE_TOO_SMALL_LOCAL_11_MATCHES_NOT_PRODUCTION_READY,True,False
CB,3252,Oussama Haddadi,139023,Amine Aboulfath,98.134872,9.986991,98.134872,3,medium_research_only,SAME_ROLE_ONLY;RESEARCH_ONLY;SAMPLE_TOO_SMALL_LOCAL_11_MATCHES_NOT_PRODUCTION_READY,True,False
CB,3252,Oussama Haddadi,139556,Bilal El Ouadghiri,99.899486,7.778507,99.899486,3,medium_research_only,SAME_ROLE_ONLY;RESEARCH_ONLY;SAMPLE_TOO_SMALL_LOCAL_11_MATCHES_NOT_PRODUCTION_READY,True,False
CB,3252,Oussama Haddadi,140881,Yassine Kordani,98.522301,9.52698,98.522301,3,medium_research_only,SAME_ROLE_ONLY;RESEARCH_ONLY;SAMPLE_TOO_SMALL_LOCAL_11_MATCHES_NOT_PRODUCTION_READY,True,False
CB,3252,Oussama Haddadi,143160,Anouar Tarkhatt,93.449327,19.195273,93.449327,3,medium_research_only,SAME_ROLE_ONLY;RESEARCH_ONLY;SAMPLE_TOO_SMALL_LOCAL_11_MATCHES_NOT_PRODUCTION_READY,True,False
CB,3252,Oussama Haddadi,157113,Badr Gaddarine,99.08956,8.065988,99.08956,3,medium_research_only,SAME_ROLE_ONLY;RESEARCH_ONLY;SAMPLE_TOO_SMALL_LOCAL_11_MATCHES_NOT_PRODUCTION_READY,True,False
CB,3252,Oussama Haddadi,202502,Soulaimane El Amrani,79.262405,28.846515,79.262405,3,medium_research_only,SAME_ROLE_ONLY;RESEARCH_ONLY;SAMPLE_TOO_SMALL_LOCAL_11_MATCHES_NOT_PRODUCTION_READY,True,False
CB,3252,Oussama Haddadi,313280,André Yassine Madeira El Khalej,98.694586,13.907506,98.694586,3,medium_research_only,SAME_ROLE_ONLY;RESEARCH_ONLY;SAMPLE_TOO_SMALL_LOCAL_11_MATCHES_NOT_PRODUCTION_READY,True,False
CB,3252,Oussama Haddadi,313283,Tahar Ahmed Madeira El Khalej,95.038797,15.404282,95.038797,3,medium_research_only,SAME_ROLE_ONLY;RESEARCH_ONLY;SAMPLE_TOO_SMALL_LOCAL_11_MATCHES_NOT_PRODUCTION_READY,True,False
CB,3252,Oussama Haddadi,314452,Zouhair Marour,91.334796,20.052336,91.334796,3,medium_research_only,SAME_ROLE_ONLY;RESEARCH_ONLY;SAMPLE_TOO_SMALL_LOCAL_11_MATCHES_NOT_PRODUCTION_READY,True,False
CB,3252,Oussama Haddadi,314465,Yassine Amhih,95.671133,17.033891,95.671133,3,medium_research_only,SAME_ROLE_ONLY;RESEARCH_ONLY;SAMPLE_TOO_SMALL_LOCAL_11_MATCHES_NOT_PRODUCTION_READY,True,False
CB,3252,Oussama Haddadi,314466,Mohamed Saoud,98.761145,9.273001,98.761145,3,medium_research_only,SAME_ROLE_ONLY;RESEARCH_ONLY;SAMPLE_TOO_SMALL_LOCAL_11_MATCHES_NOT_PRODUCTION_READY,True,False
CB,3252,Oussama Haddadi,332384,Ismail Al Alami,95.454349,14.765128,95.454349,3,medium_research_only,SAME_ROLE_ONLY;RESEARCH_ONLY;SAMPLE_TOO_SMALL_LOCAL_11_MATCHES_NOT_PRODUCTION_READY,True,False
CB,3252,Oussama Haddadi,338916,Johnstone Omurwa,92.557562,18.970493,92.557562,3,medium_research_only,SAME_ROLE_ONLY;RESEARCH_ONLY;SAMPLE_TOO_SMALL_LOCAL_11_MATCHES_NOT_PRODUCTION_READY,True,False
CB,3252,Oussama Haddadi,363239,Bilal Soufi,98.97206,11.740969,98.97206,3,medium_research_only,SAME_ROLE_ONLY;RESEARCH_ONLY;SAMPLE_TOO_SMALL_LOCAL_11_MATCHES_NOT_PRODUCTION_READY,True,False
CB,3252,Oussama Haddadi,407555,James Monday Ajako,99.108825,7.52738,99.108825,3,medium_research_only,SAME_ROLE_ONLY;RESEARCH_ONLY;SAMPLE_TOO_SMALL_LOCAL_11_MATCHES_NOT_PRODUCTION_READY,True,False
CB,3252,Oussama Haddadi,409303,Faraji Karmoune,96.248908,13.639405,96.248908,3,medium_research_only,SAME_ROLE_ONLY;RESEARCH_ONLY;SAMPLE_TOO_SMALL_LOCAL_11_MATCHES_NOT_PRODUCTION_READY,True,False
CB,3252,Oussama Haddadi,419744,Driss El Jabali,95.470788,16.59993,95.470788,3,medium_research_only,SAME_ROLE_ONLY;RESEARCH_ONLY;SAMPLE_TOO_SMALL_LOCAL_11_MATCHES_NOT_PRODUCTION_READY,True,False
CB,3252,Oussama Haddadi,422075,Zakary Lamgahez,84.113789,26.546575,84.113789,3,medium_research_only,SAME_ROLE_ONLY;RESEARCH_ONLY;SAMPLE_TOO_SMALL_LOCAL_11_MATCHES_NOT_PRODUCTION_READY,True,False
CB,3252,Oussama Haddadi,442093,Yassine Fatine,98.057962,10.136902,98.057962,3,medium_research_only,SAME_ROLE_ONLY;RESEARCH_ONLY;SAMPLE_TOO_SMALL_LOCAL_11_MATCHES_NOT_PRODUCTION_READY,True,False
CB,3252,Oussama Haddadi,477678,Cheick Keita,91.665302,19.830936,91.665302,3,medium_research_only,SAME_ROLE_ONLY;RESEARCH_ONLY;SAMPLE_TOO_SMALL_LOCAL_11_MATCHES_NOT_PRODUCTION_READY,True,False
CB,3252,Oussama Haddadi,522354,Akram El Hamdaoui,99.030124,7.625894,99.030124,3,medium_research_only,SAME_ROLE_ONLY;RESEARCH_ONLY;SAMPLE_TOO_SMALL_LOCAL_11_MATCHES_NOT_PRODUCTION_READY,True,False
CB,3252,Oussama Haddadi,522357,Mohamed Adam Benhita,97.21505,13.37516,97.21505,3,medium_research_only,SAME_ROLE_ONLY;RESEARCH_ONLY;SAMPLE_TOO_SMALL_LOCAL_11_MATCHES_NOT_PRODUCTION_READY,True,False
CB,3252,Oussama Haddadi,523290,Achraf Zine,97.893123,13.257929,97.893123,3,medium_research_only,SAME_ROLE_ONLY;RESEARCH_ONLY;SAMPLE_TOO_SMALL_LOCAL_11_MATCHES_NOT_PRODUCTION_READY,True,False
CB,3252,Oussama Haddadi,523317,Ismail Soubai,96.987238,16.865914,96.987238,3,medium_research_only,SAME_ROLE_ONLY;RESEARCH_ONLY;SAMPLE_TOO_SMALL_LOCAL_11_MATCHES_NOT_PRODUCTION_READY,True,False
CB,3252,Oussama Haddadi,524512,Reda Ait Boughima,99.21826,56.649474,99.21826,3,medium_research_only,SAME_ROLE_ONLY;RESEARCH_ONLY;SAMPLE_TOO_SMALL_LOCAL_11_MATCHES_NOT_PRODUCTION_READY,True,False
CB,3494,Davinson Sánchez Mina,6725,Zakaria Bakkali,64.846831,50.391962,64.846831,3,medium_research_only,SAME_ROLE_ONLY;RESEARCH_ONLY;SAMPLE_TOO_SMALL_LOCAL_11_MATCHES_NOT_PRODUCTION_READY,True,False
CB,3494,Davinson Sánchez Mina,7378,Yunis Abdelhamid,94.105945,25.563456,94.105945,3,medium_research_only,SAME_ROLE_ONLY;RESEARCH_ONLY;SAMPLE_TOO_SMALL_LOCAL_11_MATCHES_NOT_PRODUCTION_READY,True,False
CB,3494,Davinson Sánchez Mina,8861,Bart Meijers,97.695489,17.977292,97.695489,3,medium_research_only,SAME_ROLE_ONLY;RESEARCH_ONLY;SAMPLE_TOO_SMALL_LOCAL_11_MATCHES_NOT_PRODUCTION_READY,True,False
CB,3494,Davinson Sánchez Mina,20572,Cristian Gabriel Romero,92.519459,26.873014,92.519459,3,medium_research_only,SAME_ROLE_ONLY;RESEARCH_ONLY;SAMPLE_TOO_SMALL_LOCAL_11_MATCHES_NOT_PRODUCTION_READY,True,False
CB,3494,Davinson Sánchez Mina,27768,Lisandro Martínez,87.302383,33.3571,87.302383,3,medium_research_only,SAME_ROLE_ONLY;RESEARCH_ONLY;SAMPLE_TOO_SMALL_LOCAL_11_MATCHES_NOT_PRODUCTION_READY,True,False
CB,3494,Davinson Sánchez Mina,28567,Carlos Eccehomo Cuesta Figueroa,97.54943,18.349786,97.54943,3,medium_research_only,SAME_ROLE_ONLY;RESEARCH_ONLY;SAMPLE_TOO_SMALL_LOCAL_11_MATCHES_NOT_PRODUCTION_READY,True,False
CB,3494,Davinson Sánchez Mina,49760,Adil Rhaili,96.688902,29.443885,96.688902,3,medium_research_only,SAME_ROLE_ONLY;RESEARCH_ONLY;SAMPLE_TOO_SMALL_LOCAL_11_MATCHES_NOT_PRODUCTION_READY,True,False
CB,3494,Davinson Sánchez Mina,67700,Badr Banoun,97.803381,16.785099,97.803381,3,medium_research_only,SAME_ROLE_ONLY;RESEARCH_ONLY;SAMPLE_TOO_SMALL_LOCAL_11_MATCHES_NOT_PRODUCTION_READY,True,False
CB,3494,Davinson Sánchez Mina,131244,Ismaël Kandouss,97.077076,17.029816,97.077076,3,medium_research_only,SAME_ROLE_ONLY;RESEARCH_ONLY;SAMPLE_TOO_SMALL_LOCAL_11_MATCHES_NOT_PRODUCTION_READY,True,False
CB,3494,Davinson Sánchez Mina,138839,Driss Abdi,97.374848,19.081962,97.374848,3,medium_research_only,SAME_ROLE_ONLY;RESEARCH_ONLY;SAMPLE_TOO_SMALL_LOCAL_11_MATCHES_NOT_PRODUCTION_READY,True,False
CB,3494,Davinson Sánchez Mina,138842,Marouane Hadhoudi,92.734987,26.054017,92.734987,3,medium_research_only,SAME_ROLE_ONLY;RESEARCH_ONLY;SAMPLE_TOO_SMALL_LOCAL_11_MATCHES_NOT_PRODUCTION_READY,True,False
CB,3494,Davinson Sánchez Mina,138865,Mouhcine Boumlik,88.205972,29.911185,88.205972,3,medium_research_only,SAME_ROLE_ONLY;RESEARCH_ONLY;SAMPLE_TOO_SMALL_LOCAL_11_MATCHES_NOT_PRODUCTION_READY,True,False
CB,3494,Davinson Sánchez Mina,138871,Karim El Bounagat,97.236173,20.13122,97.236173,3,medium_research_only,SAME_ROLE_ONLY;RESEARCH_ONLY;SAMPLE_TOO_SMALL_LOCAL_11_MATCHES_NOT_PRODUCTION_READY,True,False
CB,3494,Davinson Sánchez Mina,138918,Marwan Louadni,89.939278,28.13085,89.939278,3,medium_research_only,SAME_ROLE_ONLY;RESEARCH_ONLY;SAMPLE_TOO_SMALL_LOCAL_11_MATCHES_NOT_PRODUCTION_READY,True,False
CB,3494,Davinson Sánchez Mina,138957,Youssef Limouri,96.842718,19.864781,96.842718,3,medium_research_only,SAME_ROLE_ONLY;RESEARCH_ONLY;SAMPLE_TOO_SMALL_LOCAL_11_MATCHES_NOT_PRODUCTION_READY,True,False
CB,3494,Davinson Sánchez Mina,138958,Mouad Bahsain,91.424429,30.862897,91.424429,3,medium_research_only,SAME_ROLE_ONLY;RESEARCH_ONLY;SAMPLE_TOO_SMALL_LOCAL_11_MATCHES_NOT_PRODUCTION_READY,True,False
CB,3494,Davinson Sánchez Mina,138998,Abdellah Khafifi,96.027119,20.433339,96.027119,3,medium_research_only,SAME_ROLE_ONLY;RESEARCH_ONLY;SAMPLE_TOO_SMALL_LOCAL_11_MATCHES_NOT_PRODUCTION_READY,True,False
CB,3494,Davinson Sánchez Mina,139023,Amine Aboulfath,96.814185,20.279725,96.814185,3,medium_research_only,SAME_ROLE_ONLY;RESEARCH_ONLY;SAMPLE_TOO_SMALL_LOCAL_11_MATCHES_NOT_PRODUCTION_READY,True,False
CB,3494,Davinson Sánchez Mina,139556,Bilal El Ouadghiri,99.451145,19.200558,99.451145,3,medium_research_only,SAME_ROLE_ONLY;RESEARCH_ONLY;SAMPLE_TOO_SMALL_LOCAL_11_MATCHES_NOT_PRODUCTION_READY,True,False
CB,3494,Davinson Sánchez Mina,140881,Yassine Kordani,96.128346,21.871489,96.128346,3,medium_research_only,SAME_ROLE_ONLY;RESEARCH_ONLY;SAMPLE_TOO_SMALL_LOCAL_11_MATCHES_NOT_PRODUCTION_READY,True,False
CB,3494,Davinson Sánchez Mina,143160,Anouar Tarkhatt,88.921096,31.919159,88.921096,3,medium_research_only,SAME_ROLE_ONLY;RESEARCH_ONLY;SAMPLE_TOO_SMALL_LOCAL_11_MATCHES_NOT_PRODUCTION_READY,True,False
CB,3494,Davinson Sánchez Mina,157113,Badr Gaddarine,98.561403,12.47141,98.561403,3,medium_research_only,SAME_ROLE_ONLY;RESEARCH_ONLY;SAMPLE_TOO_SMALL_LOCAL_11_MATCHES_NOT_PRODUCTION_READY,True,False
CB,3494,Davinson Sánchez Mina,202502,Soulaimane El Amrani,76.29128,39.916109,76.29128,3,medium_research_only,SAME_ROLE_ONLY;RESEARCH_ONLY;SAMPLE_TOO_SMALL_LOCAL_11_MATCHES_NOT_PRODUCTION_READY,True,False
CB,3494,Davinson Sánchez Mina,313280,André Yassine Madeira El Khalej,95.681481,26.901198,95.681481,3,medium_research_only,SAME_ROLE_ONLY;RESEARCH_ONLY;SAMPLE_TOO_SMALL_LOCAL_11_MATCHES_NOT_PRODUCTION_READY,True,False
CB,3494,Davinson Sánchez Mina,313283,Tahar Ahmed Madeira El Khalej,91.160336,27.207347,91.160336,3,medium_research_only,SAME_ROLE_ONLY;RESEARCH_ONLY;SAMPLE_TOO_SMALL_LOCAL_11_MATCHES_NOT_PRODUCTION_READY,True,False
CB,3494,Davinson Sánchez Mina,314452,Zouhair Marour,87.985408,30.392317,87.985408,3,medium_research_only,SAME_ROLE_ONLY;RESEARCH_ONLY;SAMPLE_TOO_SMALL_LOCAL_11_MATCHES_NOT_PRODUCTION_READY,True,False
CB,3494,Davinson Sánchez Mina,314465,Yassine Amhih,91.033955,30.31867,91.033955,3,medium_research_only,SAME_ROLE_ONLY;RESEARCH_ONLY;SAMPLE_TOO_SMALL_LOCAL_11_MATCHES_NOT_PRODUCTION_READY,True,False
CB,3494,Davinson Sánchez Mina,314466,Mohamed Saoud,97.465842,20.492998,97.465842,3,medium_research_only,SAME_ROLE_ONLY;RESEARCH_ONLY;SAMPLE_TOO_SMALL_LOCAL_11_MATCHES_NOT_PRODUCTION_READY,True,False
CB,3494,Davinson Sánchez Mina,332384,Ismail Al Alami,96.860482,19.665505,96.860482,3,medium_research_only,SAME_ROLE_ONLY;RESEARCH_ONLY;SAMPLE_TOO_SMALL_LOCAL_11_MATCHES_NOT_PRODUCTION_READY,True,False
CB,3494,Davinson Sánchez Mina,338916,Johnstone Omurwa,87.545387,31.743757,87.545387,3,medium_research_only,SAME_ROLE_ONLY;RESEARCH_ONLY;SAMPLE_TOO_SMALL_LOCAL_11_MATCHES_NOT_PRODUCTION_READY,True,False
CB,3494,Davinson Sánchez Mina,363239,Bilal Soufi,96.147459,24.923548,96.147459,3,medium_research_only,SAME_ROLE_ONLY;RESEARCH_ONLY;SAMPLE_TOO_SMALL_LOCAL_11_MATCHES_NOT_PRODUCTION_READY,True,False
CB,3494,Davinson Sánchez Mina,407555,James Monday Ajako,97.110061,19.86736,97.110061,3,medium_research_only,SAME_ROLE_ONLY;RESEARCH_ONLY;SAMPLE_TOO_SMALL_LOCAL_11_MATCHES_NOT_PRODUCTION_READY,True,False
CB,3494,Davinson Sánchez Mina,409303,Faraji Karmoune,94.373966,23.818654,94.373966,3,medium_research_only,SAME_ROLE_ONLY;RESEARCH_ONLY;SAMPLE_TOO_SMALL_LOCAL_11_MATCHES_NOT_PRODUCTION_READY,True,False
CB,3494,Davinson Sánchez Mina,419744,Driss El Jabali,93.475154,27.779774,93.475154,3,medium_research_only,SAME_ROLE_ONLY;RESEARCH_ONLY;SAMPLE_TOO_SMALL_LOCAL_11_MATCHES_NOT_PRODUCTION_READY,True,False
CB,3494,Davinson Sánchez Mina,422075,Zakary Lamgahez,81.129534,37.763654,81.129534,3,medium_research_only,SAME_ROLE_ONLY;RESEARCH_ONLY;SAMPLE_TOO_SMALL_LOCAL_11_MATCHES_NOT_PRODUCTION_READY,True,False
CB,3494,Davinson Sánchez Mina,442093,Yassine Fatine,95.34714,20.246583,95.34714,3,medium_research_only,SAME_ROLE_ONLY;RESEARCH_ONLY;SAMPLE_TOO_SMALL_LOCAL_11_MATCHES_NOT_PRODUCTION_READY,True,False
CB,3494,Davinson Sánchez Mina,477678,Cheick Keita,87.097366,32.085083,87.097366,3,medium_research_only,SAME_ROLE_ONLY;RESEARCH_ONLY;SAMPLE_TOO_SMALL_LOCAL_11_MATCHES_NOT_PRODUCTION_READY,True,False
CB,3494,Davinson Sánchez Mina,522354,Akram El Hamdaoui,98.993128,11.937098,98.993128,3,medium_research_only,SAME_ROLE_ONLY;RESEARCH_ONLY;SAMPLE_TOO_SMALL_LOCAL_11_MATCHES_NOT_PRODUCTION_READY,True,False
CB,3494,Davinson Sánchez Mina,522357,Mohamed Adam Benhita,94.056034,25.981127,94.056034,3,medium_research_only,SAME_ROLE_ONLY;RESEARCH_ONLY;SAMPLE_TOO_SMALL_LOCAL_11_MATCHES_NOT_PRODUCTION_READY,True,False
CB,3494,Davinson Sánchez Mina,523290,Achraf Zine,96.0318,24.995054,96.0318,3,medium_research_only,SAME_ROLE_ONLY;RESEARCH_ONLY;SAMPLE_TOO_SMALL_LOCAL_11_MATCHES_NOT_PRODUCTION_READY,True,False
CB,3494,Davinson Sánchez Mina,523317,Ismail Soubai,97.117537,27.020864,97.117537,3,medium_research_only,SAME_ROLE_ONLY;RESEARCH_ONLY;SAMPLE_TOO_SMALL_LOCAL_11_MATCHES_NOT_PRODUCTION_READY,True,False
CB,3494,Davinson Sánchez Mina,524512,Reda Ait Boughima,99.740065,45.311011,99.740065,3,medium_research_only,SAME_ROLE_ONLY;RESEARCH_ONLY;SAMPLE_TOO_SMALL_LOCAL_11_MATCHES_NOT_PRODUCTION_READY,True,False
CB,6725,Zakaria Bakkali,7378,Yunis Abdelhamid,64.323648,39.939737,64.323648,3,medium_research_only,SAME_ROLE_ONLY;RESEARCH_ONLY;SAMPLE_TOO_SMALL_LOCAL_11_MATCHES_NOT_PRODUCTION_READY,True,False
CB,6725,Zakaria Bakkali,8861,Bart Meijers,58.986993,45.42417,58.986993,3,medium_research_only,SAME_ROLE_ONLY;RESEARCH_ONLY;SAMPLE_TOO_SMALL_LOCAL_11_MATCHES_NOT_PRODUCTION_READY,True,False
CB,6725,Zakaria Bakkali,20572,Cristian Gabriel Romero,69.051664,37.58071,69.051664,3,medium_research_only,SAME_ROLE_ONLY;RESEARCH_ONLY;SAMPLE_TOO_SMALL_LOCAL_11_MATCHES_NOT_PRODUCTION_READY,True,False
CB,6725,Zakaria Bakkali,27768,Lisandro Martínez,78.739022,30.956367,78.739022,3,medium_research_only,SAME_ROLE_ONLY;RESEARCH_ONLY;SAMPLE_TOO_SMALL_LOCAL_11_MATCHES_NOT_PRODUCTION_READY,True,False
CB,6725,Zakaria Bakkali,28567,Carlos Eccehomo Cuesta Figueroa,68.323606,39.894479,68.323606,3,medium_research_only,SAME_ROLE_ONLY;RESEARCH_ONLY;SAMPLE_TOO_SMALL_LOCAL_11_MATCHES_NOT_PRODUCTION_READY,True,False
CB,6725,Zakaria Bakkali,49760,Adil Rhaili,64.271446,37.165786,64.271446,3,medium_research_only,SAME_ROLE_ONLY;RESEARCH_ONLY;SAMPLE_TOO_SMALL_LOCAL_11_MATCHES_NOT_PRODUCTION_READY,True,False
CB,6725,Zakaria Bakkali,67700,Badr Banoun,71.422891,38.759618,71.422891,3,medium_research_only,SAME_ROLE_ONLY;RESEARCH_ONLY;SAMPLE_TOO_SMALL_LOCAL_11_MATCHES_NOT_PRODUCTION_READY,True,False
CB,6725,Zakaria Bakkali,131244,Ismaël Kandouss,70.522571,40.567574,70.522571,3,medium_research_only,SAME_ROLE_ONLY;RESEARCH_ONLY;SAMPLE_TOO_SMALL_LOCAL_11_MATCHES_NOT_PRODUCTION_READY,True,False
CB,6725,Zakaria Bakkali,138839,Driss Abdi,69.891592,53.637877,69.891592,3,medium_research_only,SAME_ROLE_ONLY;RESEARCH_ONLY;SAMPLE_TOO_SMALL_LOCAL_11_MATCHES_NOT_PRODUCTION_READY,True,False
CB,6725,Zakaria Bakkali,138842,Marouane Hadhoudi,85.936104,26.418171,85.936104,3,medium_research_only,SAME_ROLE_ONLY;RESEARCH_ONLY;SAMPLE_TOO_SMALL_LOCAL_11_MATCHES_NOT_PRODUCTION_READY,True,False
CB,6725,Zakaria Bakkali,138865,Mouhcine Boumlik,88.827795,24.569412,88.827795,3,medium_research_only,SAME_ROLE_ONLY;RESEARCH_ONLY;SAMPLE_TOO_SMALL_LOCAL_11_MATCHES_NOT_PRODUCTION_READY,True,False
CB,6725,Zakaria Bakkali,138871,Karim El Bounagat,72.419755,36.462698,72.419755,3,medium_research_only,SAME_ROLE_ONLY;RESEARCH_ONLY;SAMPLE_TOO_SMALL_LOCAL_11_MATCHES_NOT_PRODUCTION_READY,True,False
CB,6725,Zakaria Bakkali,138918,Marwan Louadni,88.709201,24.296661,88.709201,3,medium_research_only,SAME_ROLE_ONLY;RESEARCH_ONLY;SAMPLE_TOO_SMALL_LOCAL_11_MATCHES_NOT_PRODUCTION_READY,True,False
CB,6725,Zakaria Bakkali,138957,Youssef Limouri,73.190954,36.484486,73.190954,3,medium_research_only,SAME_ROLE_ONLY;RESEARCH_ONLY;SAMPLE_TOO_SMALL_LOCAL_11_MATCHES_NOT_PRODUCTION_READY,True,False
CB,6725,Zakaria Bakkali,138958,Mouad Bahsain,88.425915,25.291609,88.425915,3,medium_research_only,SAME_ROLE_ONLY;RESEARCH_ONLY;SAMPLE_TOO_SMALL_LOCAL_11_MATCHES_NOT_PRODUCTION_READY,True,False
CB,6725,Zakaria Bakkali,138998,Abdellah Khafifi,75.307882,35.533768,75.307882,3,medium_research_only,SAME_ROLE_ONLY;RESEARCH_ONLY;SAMPLE_TOO_SMALL_LOCAL_11_MATCHES_NOT_PRODUCTION_READY,True,False
CB,6725,Zakaria Bakkali,139023,Amine Aboulfath,78.899196,32.288779,78.899196,3,medium_research_only,SAME_ROLE_ONLY;RESEARCH_ONLY;SAMPLE_TOO_SMALL_LOCAL_11_MATCHES_NOT_PRODUCTION_READY,True,False
CB,6725,Zakaria Bakkali,139556,Bilal El Ouadghiri,68.169767,37.986833,68.169767,3,medium_research_only,SAME_ROLE_ONLY;RESEARCH_ONLY;SAMPLE_TOO_SMALL_LOCAL_11_MATCHES_NOT_PRODUCTION_READY,True,False
CB,6725,Zakaria Bakkali,140881,Yassine Kordani,76.115712,33.905322,76.115712,3,medium_research_only,SAME_ROLE_ONLY;RESEARCH_ONLY;SAMPLE_TOO_SMALL_LOCAL_11_MATCHES_NOT_PRODUCTION_READY,True,False
CB,6725,Zakaria Bakkali,143160,Anouar Tarkhatt,82.012491,29.084587,82.012491,3,medium_research_only,SAME_ROLE_ONLY;RESEARCH_ONLY;SAMPLE_TOO_SMALL_LOCAL_11_MATCHES_NOT_PRODUCTION_READY,True,False
CB,6725,Zakaria Bakkali,157113,Badr Gaddarine,74.749237,38.745356,74.749237,3,medium_research_only,SAME_ROLE_ONLY;RESEARCH_ONLY;SAMPLE_TOO_SMALL_LOCAL_11_MATCHES_NOT_PRODUCTION_READY,True,False
CB,6725,Zakaria Bakkali,202502,Soulaimane El Amrani,97.651786,21.17968,97.651786,3,medium_research_only,SAME_ROLE_ONLY;RESEARCH_ONLY;SAMPLE_TOO_SMALL_LOCAL_11_MATCHES_NOT_PRODUCTION_READY,True,False
CB,6725,Zakaria Bakkali,313280,André Yassine Madeira El Khalej,65.882745,37.564089,65.882745,3,medium_research_only,SAME_ROLE_ONLY;RESEARCH_ONLY;SAMPLE_TOO_SMALL_LOCAL_11_MATCHES_NOT_PRODUCTION_READY,True,False
CB,6725,Zakaria Bakkali,313283,Tahar Ahmed Madeira El Khalej,81.486009,30.32261,81.486009,3,medium_research_only,SAME_ROLE_ONLY;RESEARCH_ONLY;SAMPLE_TOO_SMALL_LOCAL_11_MATCHES_NOT_PRODUCTION_READY,True,False
CB,6725,Zakaria Bakkali,314452,Zouhair Marour,89.026234,23.722548,89.026234,3,medium_research_only,SAME_ROLE_ONLY;RESEARCH_ONLY;SAMPLE_TOO_SMALL_LOCAL_11_MATCHES_NOT_PRODUCTION_READY,True,False
CB,6725,Zakaria Bakkali,314465,Yassine Amhih,72.850537,34.182419,72.850537,3,medium_research_only,SAME_ROLE_ONLY;RESEARCH_ONLY;SAMPLE_TOO_SMALL_LOCAL_11_MATCHES_NOT_PRODUCTION_READY,True,False
CB,6725,Zakaria Bakkali,314466,Mohamed Saoud,76.78566,33.281894,76.78566,3,medium_research_only,SAME_ROLE_ONLY;RESEARCH_ONLY;SAMPLE_TOO_SMALL_LOCAL_11_MATCHES_NOT_PRODUCTION_READY,True,False
CB,6725,Zakaria Bakkali,332384,Ismail Al Alami,79.200846,32.348914,79.200846,3,medium_research_only,SAME_ROLE_ONLY;RESEARCH_ONLY;SAMPLE_TOO_SMALL_LOCAL_11_MATCHES_NOT_PRODUCTION_READY,True,False
CB,6725,Zakaria Bakkali,338916,Johnstone Omurwa,81.141566,29.736622,81.141566,3,medium_research_only,SAME_ROLE_ONLY;RESEARCH_ONLY;SAMPLE_TOO_SMALL_LOCAL_11_MATCHES_NOT_PRODUCTION_READY,True,False
CB,6725,Zakaria Bakkali,363239,Bilal Soufi,67.378455,37.526486,67.378455,3,medium_research_only,SAME_ROLE_ONLY;RESEARCH_ONLY;SAMPLE_TOO_SMALL_LOCAL_11_MATCHES_NOT_PRODUCTION_READY,True,False
CB,6725,Zakaria Bakkali,407555,James Monday Ajako,60.546278,43.719879,60.546278,3,medium_research_only,SAME_ROLE_ONLY;RESEARCH_ONLY;SAMPLE_TOO_SMALL_LOCAL_11_MATCHES_NOT_PRODUCTION_READY,True,False
CB,6725,Zakaria Bakkali,409303,Faraji Karmoune,83.325775,28.71632,83.325775,3,medium_research_only,SAME_ROLE_ONLY;RESEARCH_ONLY;SAMPLE_TOO_SMALL_LOCAL_11_MATCHES_NOT_PRODUCTION_READY,True,False
CB,6725,Zakaria Bakkali,419744,Driss El Jabali,84.723362,27.270214,84.723362,3,medium_research_only,SAME_ROLE_ONLY;RESEARCH_ONLY;SAMPLE_TOO_SMALL_LOCAL_11_MATCHES_NOT_PRODUCTION_READY,True,False
CB,6725,Zakaria Bakkali,422075,Zakary Lamgahez,95.432257,22.460023,95.432257,3,medium_research_only,SAME_ROLE_ONLY;RESEARCH_ONLY;SAMPLE_TOO_SMALL_LOCAL_11_MATCHES_NOT_PRODUCTION_READY,True,False
CB,6725,Zakaria Bakkali,442093,Yassine Fatine,76.987541,35.777512,76.987541,3,medium_research_only,SAME_ROLE_ONLY;RESEARCH_ONLY;SAMPLE_TOO_SMALL_LOCAL_11_MATCHES_NOT_PRODUCTION_READY,True,False
CB,6725,Zakaria Bakkali,477678,Cheick Keita,85.161102,26.895444,85.161102,3,medium_research_only,SAME_ROLE_ONLY;RESEARCH_ONLY;SAMPLE_TOO_SMALL_LOCAL_11_MATCHES_NOT_PRODUCTION_READY,True,False
CB,6725,Zakaria Bakkali,522354,Akram El Hamdaoui,57.636156,49.289808,57.636156,3,medium_research_only,SAME_ROLE_ONLY;RESEARCH_ONLY;SAMPLE_TOO_SMALL_LOCAL_11_MATCHES_NOT_PRODUCTION_READY,True,False
CB,6725,Zakaria Bakkali,522357,Mohamed Adam Benhita,78.342581,31.641625,78.342581,3,medium_research_only,SAME_ROLE_ONLY;RESEARCH_ONLY;SAMPLE_TOO_SMALL_LOCAL_11_MATCHES_NOT_PRODUCTION_READY,True,False
CB,6725,Zakaria Bakkali,523290,Achraf Zine,79.37801,30.779925,79.37801,3,medium_research_only,SAME_ROLE_ONLY;RESEARCH_ONLY;SAMPLE_TOO_SMALL_LOCAL_11_MATCHES_NOT_PRODUCTION_READY,True,False
CB,6725,Zakaria Bakkali,523317,Ismail Soubai,79.966584,30.301849,79.966584,3,medium_research_only,SAME_ROLE_ONLY;RESEARCH_ONLY;SAMPLE_TOO_SMALL_LOCAL_11_MATCHES_NOT_PRODUCTION_READY,True,False
CB,6725,Zakaria Bakkali,524512,Reda Ait Boughima,69.55844,83.95308,69.55844,3,medium_research_only,SAME_ROLE_ONLY;RESEARCH_ONLY;SAMPLE_TOO_SMALL_LOCAL_11_MATCHES_NOT_PRODUCTION_READY,True,False
CB,7378,Yunis Abdelhamid,8861,Bart Meijers,98.514392,9.015037,98.514392,3,medium_research_only,SAME_ROLE_ONLY;RESEARCH_ONLY;SAMPLE_TOO_SMALL_LOCAL_11_MATCHES_NOT_PRODUCTION_READY,True,False
CB,7378,Yunis Abdelhamid,20572,Cristian Gabriel Romero,99.641669,3.383314,99.641669,3,medium_research_only,SAME_ROLE_ONLY;RESEARCH_ONLY;SAMPLE_TOO_SMALL_LOCAL_11_MATCHES_NOT_PRODUCTION_READY,True,False
CB,7378,Yunis Abdelhamid,27768,Lisandro Martínez,96.400925,10.920425,96.400925,3,medium_research_only,SAME_ROLE_ONLY;RESEARCH_ONLY;SAMPLE_TOO_SMALL_LOCAL_11_MATCHES_NOT_PRODUCTION_READY,True,False
CB,7378,Yunis Abdelhamid,28567,Carlos Eccehomo Cuesta Figueroa,99.028141,7.766262,99.028141,3,medium_research_only,SAME_ROLE_ONLY;RESEARCH_ONLY;SAMPLE_TOO_SMALL_LOCAL_11_MATCHES_NOT_PRODUCTION_READY,True,False
CB,7378,Yunis Abdelhamid,49760,Adil Rhaili,99.609099,9.105126,99.609099,3,medium_research_only,SAME_ROLE_ONLY;RESEARCH_ONLY;SAMPLE_TOO_SMALL_LOCAL_11_MATCHES_NOT_PRODUCTION_READY,True,False
CB,7378,Yunis Abdelhamid,67700,Badr Banoun,98.266006,10.639101,98.266006,3,medium_research_only,SAME_ROLE_ONLY;RESEARCH_ONLY;SAMPLE_TOO_SMALL_LOCAL_11_MATCHES_NOT_PRODUCTION_READY,True,False
CB,7378,Yunis Abdelhamid,131244,Ismaël Kandouss,98.941024,11.351426,98.941024,3,medium_research_only,SAME_ROLE_ONLY;RESEARCH_ONLY;SAMPLE_TOO_SMALL_LOCAL_11_MATCHES_NOT_PRODUCTION_READY,True,False
CB,7378,Yunis Abdelhamid,138839,Driss Abdi,98.897974,29.505238,98.897974,3,medium_research_only,SAME_ROLE_ONLY;RESEARCH_ONLY;SAMPLE_TOO_SMALL_LOCAL_11_MATCHES_NOT_PRODUCTION_READY,True,False
CB,7378,Yunis Abdelhamid,138842,Marouane Hadhoudi,92.557583,15.749229,92.557583,3,medium_research_only,SAME_ROLE_ONLY;RESEARCH_ONLY;SAMPLE_TOO_SMALL_LOCAL_11_MATCHES_NOT_PRODUCTION_READY,True,False
CB,7378,Yunis Abdelhamid,138865,Mouhcine Boumlik,91.28906,19.99446,91.28906,3,medium_research_only,SAME_ROLE_ONLY;RESEARCH_ONLY;SAMPLE_TOO_SMALL_LOCAL_11_MATCHES_NOT_PRODUCTION_READY,True,False
CB,7378,Yunis Abdelhamid,138871,Karim El Bounagat,98.401979,7.936064,98.401979,3,medium_research_only,SAME_ROLE_ONLY;RESEARCH_ONLY;SAMPLE_TOO_SMALL_LOCAL_11_MATCHES_NOT_PRODUCTION_READY,True,False
CB,7378,Yunis Abdelhamid,138918,Marwan Louadni,90.980637,19.142903,90.980637,3,medium_research_only,SAME_ROLE_ONLY;RESEARCH_ONLY;SAMPLE_TOO_SMALL_LOCAL_11_MATCHES_NOT_PRODUCTION_READY,True,False
CB,7378,Yunis Abdelhamid,138957,Youssef Limouri,98.40705,8.669539,98.40705,3,medium_research_only,SAME_ROLE_ONLY;RESEARCH_ONLY;SAMPLE_TOO_SMALL_LOCAL_11_MATCHES_NOT_PRODUCTION_READY,True,False
CB,7378,Yunis Abdelhamid,138958,Mouad Bahsain,90.045706,16.541629,90.045706,3,medium_research_only,SAME_ROLE_ONLY;RESEARCH_ONLY;SAMPLE_TOO_SMALL_LOCAL_11_MATCHES_NOT_PRODUCTION_READY,True,False
CB,7378,Yunis Abdelhamid,138998,Abdellah Khafifi,98.092246,10.074479,98.092246,3,medium_research_only,SAME_ROLE_ONLY;RESEARCH_ONLY;SAMPLE_TOO_SMALL_LOCAL_11_MATCHES_NOT_PRODUCTION_READY,True,False
CB,7378,Yunis Abdelhamid,139023,Amine Aboulfath,95.394577,13.159826,95.394577,3,medium_research_only,SAME_ROLE_ONLY;RESEARCH_ONLY;SAMPLE_TOO_SMALL_LOCAL_11_MATCHES_NOT_PRODUCTION_READY,True,False
CB,7378,Yunis Abdelhamid,139556,Bilal El Ouadghiri,96.736603,10.037879,96.736603,3,medium_research_only,SAME_ROLE_ONLY;RESEARCH_ONLY;SAMPLE_TOO_SMALL_LOCAL_11_MATCHES_NOT_PRODUCTION_READY,True,False
CB,7378,Yunis Abdelhamid,140881,Yassine Kordani,97.72672,9.082035,97.72672,3,medium_research_only,SAME_ROLE_ONLY;RESEARCH_ONLY;SAMPLE_TOO_SMALL_LOCAL_11_MATCHES_NOT_PRODUCTION_READY,True,False
CB,7378,Yunis Abdelhamid,143160,Anouar Tarkhatt,95.673018,11.458332,95.673018,3,medium_research_only,SAME_ROLE_ONLY;RESEARCH_ONLY;SAMPLE_TOO_SMALL_LOCAL_11_MATCHES_NOT_PRODUCTION_READY,True,False
CB,7378,Yunis Abdelhamid,157113,Badr Gaddarine,95.45582,18.220933,95.45582,3,medium_research_only,SAME_ROLE_ONLY;RESEARCH_ONLY;SAMPLE_TOO_SMALL_LOCAL_11_MATCHES_NOT_PRODUCTION_READY,True,False
CB,7378,Yunis Abdelhamid,202502,Soulaimane El Amrani,78.132216,22.990883,78.132216,3,medium_research_only,SAME_ROLE_ONLY;RESEARCH_ONLY;SAMPLE_TOO_SMALL_LOCAL_11_MATCHES_NOT_PRODUCTION_READY,True,False
CB,7378,Yunis Abdelhamid,313280,André Yassine Madeira El Khalej,99.850936,4.856369,99.850936,3,medium_research_only,SAME_ROLE_ONLY;RESEARCH_ONLY;SAMPLE_TOO_SMALL_LOCAL_11_MATCHES_NOT_PRODUCTION_READY,True,False
CB,7378,Yunis Abdelhamid,313283,Tahar Ahmed Madeira El Khalej,96.219614,12.010924,96.219614,3,medium_research_only,SAME_ROLE_ONLY;RESEARCH_ONLY;SAMPLE_TOO_SMALL_LOCAL_11_MATCHES_NOT_PRODUCTION_READY,True,False
CB,7378,Yunis Abdelhamid,314452,Zouhair Marour,91.114808,17.963285,91.114808,3,medium_research_only,SAME_ROLE_ONLY;RESEARCH_ONLY;SAMPLE_TOO_SMALL_LOCAL_11_MATCHES_NOT_PRODUCTION_READY,True,False
CB,7378,Yunis Abdelhamid,314465,Yassine Amhih,98.851277,6.936508,98.851277,3,medium_research_only,SAME_ROLE_ONLY;RESEARCH_ONLY;SAMPLE_TOO_SMALL_LOCAL_11_MATCHES_NOT_PRODUCTION_READY,True,False
CB,7378,Yunis Abdelhamid,314466,Mohamed Saoud,96.156904,11.388308,96.156904,3,medium_research_only,SAME_ROLE_ONLY;RESEARCH_ONLY;SAMPLE_TOO_SMALL_LOCAL_11_MATCHES_NOT_PRODUCTION_READY,True,False
CB,7378,Yunis Abdelhamid,332384,Ismail Al Alami,88.49516,20.777897,88.49516,3,medium_research_only,SAME_ROLE_ONLY;RESEARCH_ONLY;SAMPLE_TOO_SMALL_LOCAL_11_MATCHES_NOT_PRODUCTION_READY,True,False
CB,7378,Yunis Abdelhamid,338916,Johnstone Omurwa,95.666733,11.313378,95.666733,3,medium_research_only,SAME_ROLE_ONLY;RESEARCH_ONLY;SAMPLE_TOO_SMALL_LOCAL_11_MATCHES_NOT_PRODUCTION_READY,True,False
CB,7378,Yunis Abdelhamid,363239,Bilal Soufi,99.675504,3.745313,99.675504,3,medium_research_only,SAME_ROLE_ONLY;RESEARCH_ONLY;SAMPLE_TOO_SMALL_LOCAL_11_MATCHES_NOT_PRODUCTION_READY,True,False
CB,7378,Yunis Abdelhamid,407555,James Monday Ajako,99.1585,6.533882,99.1585,3,medium_research_only,SAME_ROLE_ONLY;RESEARCH_ONLY;SAMPLE_TOO_SMALL_LOCAL_11_MATCHES_NOT_PRODUCTION_READY,True,False
CB,7378,Yunis Abdelhamid,409303,Faraji Karmoune,94.039101,14.517775,94.039101,3,medium_research_only,SAME_ROLE_ONLY;RESEARCH_ONLY;SAMPLE_TOO_SMALL_LOCAL_11_MATCHES_NOT_PRODUCTION_READY,True,False
CB,7378,Yunis Abdelhamid,419744,Driss El Jabali,93.350546,13.777145,93.350546,3,medium_research_only,SAME_ROLE_ONLY;RESEARCH_ONLY;SAMPLE_TOO_SMALL_LOCAL_11_MATCHES_NOT_PRODUCTION_READY,True,False
CB,7378,Yunis Abdelhamid,422075,Zakary Lamgahez,83.010522,20.744139,83.010522,3,medium_research_only,SAME_ROLE_ONLY;RESEARCH_ONLY;SAMPLE_TOO_SMALL_LOCAL_11_MATCHES_NOT_PRODUCTION_READY,True,False
CB,7378,Yunis Abdelhamid,442093,Yassine Fatine,97.69868,13.277906,97.69868,3,medium_research_only,SAME_ROLE_ONLY;RESEARCH_ONLY;SAMPLE_TOO_SMALL_LOCAL_11_MATCHES_NOT_PRODUCTION_READY,True,False
CB,7378,Yunis Abdelhamid,477678,Cheick Keita,93.72557,13.593345,93.72557,3,medium_research_only,SAME_ROLE_ONLY;RESEARCH_ONLY;SAMPLE_TOO_SMALL_LOCAL_11_MATCHES_NOT_PRODUCTION_READY,True,False
CB,7378,Yunis Abdelhamid,522354,Akram El Hamdaoui,96.265815,16.188201,96.265815,3,medium_research_only,SAME_ROLE_ONLY;RESEARCH_ONLY;SAMPLE_TOO_SMALL_LOCAL_11_MATCHES_NOT_PRODUCTION_READY,True,False
CB,7378,Yunis Abdelhamid,522357,Mohamed Adam Benhita,97.469126,8.703641,97.469126,3,medium_research_only,SAME_ROLE_ONLY;RESEARCH_ONLY;SAMPLE_TOO_SMALL_LOCAL_11_MATCHES_NOT_PRODUCTION_READY,True,False
CB,7378,Yunis Abdelhamid,523290,Achraf Zine,95.970564,10.862304,95.970564,3,medium_research_only,SAME_ROLE_ONLY;RESEARCH_ONLY;SAMPLE_TOO_SMALL_LOCAL_11_MATCHES_NOT_PRODUCTION_READY,True,False
CB,7378,Yunis Abdelhamid,523317,Ismail Soubai,91.903095,15.149564,91.903095,3,medium_research_only,SAME_ROLE_ONLY;RESEARCH_ONLY;SAMPLE_TOO_SMALL_LOCAL_11_MATCHES_NOT_PRODUCTION_READY,True,False
CB,7378,Yunis Abdelhamid,524512,Reda Ait Boughima,94.419811,67.850911,94.419811,3,medium_research_only,SAME_ROLE_ONLY;RESEARCH_ONLY;SAMPLE_TOO_SMALL_LOCAL_11_MATCHES_NOT_PRODUCTION_READY,True,False
CB,8861,Bart Meijers,20572,Cristian Gabriel Romero,96.947026,11.615771,96.947026,3,medium_research_only,SAME_ROLE_ONLY;RESEARCH_ONLY;SAMPLE_TOO_SMALL_LOCAL_11_MATCHES_NOT_PRODUCTION_READY,True,False
CB,8861,Bart Meijers,27768,Lisandro Martínez,91.324876,19.203645,91.324876,3,medium_research_only,SAME_ROLE_ONLY;RESEARCH_ONLY;SAMPLE_TOO_SMALL_LOCAL_11_MATCHES_NOT_PRODUCTION_READY,True,False
CB,8861,Bart Meijers,28567,Carlos Eccehomo Cuesta Figueroa,99.027986,6.460241,99.027986,3,medium_research_only,SAME_ROLE_ONLY;RESEARCH_ONLY;SAMPLE_TOO_SMALL_LOCAL_11_MATCHES_NOT_PRODUCTION_READY,True,False
CB,8861,Bart Meijers,49760,Adil Rhaili,99.4962,14.319639,99.4962,3,medium_research_only,SAME_ROLE_ONLY;RESEARCH_ONLY;SAMPLE_TOO_SMALL_LOCAL_11_MATCHES_NOT_PRODUCTION_READY,True,False
CB,8861,Bart Meijers,67700,Badr Banoun,98.291809,8.948189,98.291809,3,medium_research_only,SAME_ROLE_ONLY;RESEARCH_ONLY;SAMPLE_TOO_SMALL_LOCAL_11_MATCHES_NOT_PRODUCTION_READY,True,False
CB,8861,Bart Meijers,131244,Ismaël Kandouss,98.470475,9.504316,98.470475,3,medium_research_only,SAME_ROLE_ONLY;RESEARCH_ONLY;SAMPLE_TOO_SMALL_LOCAL_11_MATCHES_NOT_PRODUCTION_READY,True,False
CB,8861,Bart Meijers,138839,Driss Abdi,98.665812,25.130474,98.665812,3,medium_research_only,SAME_ROLE_ONLY;RESEARCH_ONLY;SAMPLE_TOO_SMALL_LOCAL_11_MATCHES_NOT_PRODUCTION_READY,True,False
CB,8861,Bart Meijers,138842,Marouane Hadhoudi,90.645864,19.357694,90.645864,3,medium_research_only,SAME_ROLE_ONLY;RESEARCH_ONLY;SAMPLE_TOO_SMALL_LOCAL_11_MATCHES_NOT_PRODUCTION_READY,True,False
CB,8861,Bart Meijers,138865,Mouhcine Boumlik,87.399087,24.318467,87.399087,3,medium_research_only,SAME_ROLE_ONLY;RESEARCH_ONLY;SAMPLE_TOO_SMALL_LOCAL_11_MATCHES_NOT_PRODUCTION_READY,True,False
CB,8861,Bart Meijers,138871,Karim El Bounagat,97.978394,9.291025,97.978394,3,medium_research_only,SAME_ROLE_ONLY;RESEARCH_ONLY;SAMPLE_TOO_SMALL_LOCAL_11_MATCHES_NOT_PRODUCTION_READY,True,False
CB,8861,Bart Meijers,138918,Marwan Louadni,88.041326,22.919386,88.041326,3,medium_research_only,SAME_ROLE_ONLY;RESEARCH_ONLY;SAMPLE_TOO_SMALL_LOCAL_11_MATCHES_NOT_PRODUCTION_READY,True,False
CB,8861,Bart Meijers,138957,Youssef Limouri,97.697562,9.87351,97.697562,3,medium_research_only,SAME_ROLE_ONLY;RESEARCH_ONLY;SAMPLE_TOO_SMALL_LOCAL_11_MATCHES_NOT_PRODUCTION_READY,True,False
CB,8861,Bart Meijers,138958,Mouad Bahsain,88.21612,21.4488,88.21612,3,medium_research_only,SAME_ROLE_ONLY;RESEARCH_ONLY;SAMPLE_TOO_SMALL_LOCAL_11_MATCHES_NOT_PRODUCTION_READY,True,False
CB,8861,Bart Meijers,138998,Abdellah Khafifi,96.85473,11.724515,96.85473,3,medium_research_only,SAME_ROLE_ONLY;RESEARCH_ONLY;SAMPLE_TOO_SMALL_LOCAL_11_MATCHES_NOT_PRODUCTION_READY,True,False
CB,8861,Bart Meijers,139023,Amine Aboulfath,95.152476,14.207795,95.152476,3,medium_research_only,SAME_ROLE_ONLY;RESEARCH_ONLY;SAMPLE_TOO_SMALL_LOCAL_11_MATCHES_NOT_PRODUCTION_READY,True,False
CB,8861,Bart Meijers,139556,Bilal El Ouadghiri,98.573626,8.75199,98.573626,3,medium_research_only,SAME_ROLE_ONLY;RESEARCH_ONLY;SAMPLE_TOO_SMALL_LOCAL_11_MATCHES_NOT_PRODUCTION_READY,True,False
CB,8861,Bart Meijers,140881,Yassine Kordani,96.579939,11.947017,96.579939,3,medium_research_only,SAME_ROLE_ONLY;RESEARCH_ONLY;SAMPLE_TOO_SMALL_LOCAL_11_MATCHES_NOT_PRODUCTION_READY,True,False
CB,8861,Bart Meijers,143160,Anouar Tarkhatt,91.224576,19.032675,91.224576,3,medium_research_only,SAME_ROLE_ONLY;RESEARCH_ONLY;SAMPLE_TOO_SMALL_LOCAL_11_MATCHES_NOT_PRODUCTION_READY,True,False
CB,8861,Bart Meijers,157113,Badr Gaddarine,96.543353,14.799924,96.543353,3,medium_research_only,SAME_ROLE_ONLY;RESEARCH_ONLY;SAMPLE_TOO_SMALL_LOCAL_11_MATCHES_NOT_PRODUCTION_READY,True,False
CB,8861,Bart Meijers,202502,Soulaimane El Amrani,72.857581,29.392431,72.857581,3,medium_research_only,SAME_ROLE_ONLY;RESEARCH_ONLY;SAMPLE_TOO_SMALL_LOCAL_11_MATCHES_NOT_PRODUCTION_READY,True,False
CB,8861,Bart Meijers,313280,André Yassine Madeira El Khalej,98.960367,11.193518,98.960367,3,medium_research_only,SAME_ROLE_ONLY;RESEARCH_ONLY;SAMPLE_TOO_SMALL_LOCAL_11_MATCHES_NOT_PRODUCTION_READY,True,False
CB,8861,Bart Meijers,313283,Tahar Ahmed Madeira El Khalej,92.664905,17.437317,92.664905,3,medium_research_only,SAME_ROLE_ONLY;RESEARCH_ONLY;SAMPLE_TOO_SMALL_LOCAL_11_MATCHES_NOT_PRODUCTION_READY,True,False
CB,8861,Bart Meijers,314452,Zouhair Marour,87.166585,23.058898,87.166585,3,medium_research_only,SAME_ROLE_ONLY;RESEARCH_ONLY;SAMPLE_TOO_SMALL_LOCAL_11_MATCHES_NOT_PRODUCTION_READY,True,False
CB,8861,Bart Meijers,314465,Yassine Amhih,95.290162,15.336143,95.290162,3,medium_research_only,SAME_ROLE_ONLY;RESEARCH_ONLY;SAMPLE_TOO_SMALL_LOCAL_11_MATCHES_NOT_PRODUCTION_READY,True,False
CB,8861,Bart Meijers,314466,Mohamed Saoud,96.184485,12.606894,96.184485,3,medium_research_only,SAME_ROLE_ONLY;RESEARCH_ONLY;SAMPLE_TOO_SMALL_LOCAL_11_MATCHES_NOT_PRODUCTION_READY,True,False
CB,8861,Bart Meijers,332384,Ismail Al Alami,91.030074,19.510034,91.030074,3,medium_research_only,SAME_ROLE_ONLY;RESEARCH_ONLY;SAMPLE_TOO_SMALL_LOCAL_11_MATCHES_NOT_PRODUCTION_READY,True,False
CB,8861,Bart Meijers,338916,Johnstone Omurwa,90.690457,19.091513,90.690457,3,medium_research_only,SAME_ROLE_ONLY;RESEARCH_ONLY;SAMPLE_TOO_SMALL_LOCAL_11_MATCHES_NOT_PRODUCTION_READY,True,False
CB,8861,Bart Meijers,363239,Bilal Soufi,98.880108,9.636732,98.880108,3,medium_research_only,SAME_ROLE_ONLY;RESEARCH_ONLY;SAMPLE_TOO_SMALL_LOCAL_11_MATCHES_NOT_PRODUCTION_READY,True,False
CB,8861,Bart Meijers,407555,James Monday Ajako,99.907542,2.48749,99.907542,3,medium_research_only,SAME_ROLE_ONLY;RESEARCH_ONLY;SAMPLE_TOO_SMALL_LOCAL_11_MATCHES_NOT_PRODUCTION_READY,True,False
CB,8861,Bart Meijers,409303,Faraji Karmoune,92.631731,17.362746,92.631731,3,medium_research_only,SAME_ROLE_ONLY;RESEARCH_ONLY;SAMPLE_TOO_SMALL_LOCAL_11_MATCHES_NOT_PRODUCTION_READY,True,False
CB,8861,Bart Meijers,419744,Driss El Jabali,91.6208,18.409531,91.6208,3,medium_research_only,SAME_ROLE_ONLY;RESEARCH_ONLY;SAMPLE_TOO_SMALL_LOCAL_11_MATCHES_NOT_PRODUCTION_READY,True,False
CB,8861,Bart Meijers,422075,Zakary Lamgahez,78.309599,27.077055,78.309599,3,medium_research_only,SAME_ROLE_ONLY;RESEARCH_ONLY;SAMPLE_TOO_SMALL_LOCAL_11_MATCHES_NOT_PRODUCTION_READY,True,False
CB,8861,Bart Meijers,442093,Yassine Fatine,96.085084,14.280722,96.085084,3,medium_research_only,SAME_ROLE_ONLY;RESEARCH_ONLY;SAMPLE_TOO_SMALL_LOCAL_11_MATCHES_NOT_PRODUCTION_READY,True,False
CB,8861,Bart Meijers,477678,Cheick Keita,88.80539,20.737251,88.80539,3,medium_research_only,SAME_ROLE_ONLY;RESEARCH_ONLY;SAMPLE_TOO_SMALL_LOCAL_11_MATCHES_NOT_PRODUCTION_READY,True,False
CB,8861,Bart Meijers,522354,Akram El Hamdaoui,99.443823,7.294451,99.443823,3,medium_research_only,SAME_ROLE_ONLY;RESEARCH_ONLY;SAMPLE_TOO_SMALL_LOCAL_11_MATCHES_NOT_PRODUCTION_READY,True,False
CB,8861,Bart Meijers,522357,Mohamed Adam Benhita,95.169347,14.353341,95.169347,3,medium_research_only,SAME_ROLE_ONLY;RESEARCH_ONLY;SAMPLE_TOO_SMALL_LOCAL_11_MATCHES_NOT_PRODUCTION_READY,True,False
CB,8861,Bart Meijers,523290,Achraf Zine,95.06736,14.820827,95.06736,3,medium_research_only,SAME_ROLE_ONLY;RESEARCH_ONLY;SAMPLE_TOO_SMALL_LOCAL_11_MATCHES_NOT_PRODUCTION_READY,True,False
CB,8861,Bart Meijers,523317,Ismail Soubai,93.078701,17.981335,93.078701,3,medium_research_only,SAME_ROLE_ONLY;RESEARCH_ONLY;SAMPLE_TOO_SMALL_LOCAL_11_MATCHES_NOT_PRODUCTION_READY,True,False
CB,8861,Bart Meijers,524512,Reda Ait Boughima,97.150396,61.199087,97.150396,3,medium_research_only,SAME_ROLE_ONLY;RESEARCH_ONLY;SAMPLE_TOO_SMALL_LOCAL_11_MATCHES_NOT_PRODUCTION_READY,True,False
CB,20572,Cristian Gabriel Romero,27768,Lisandro Martínez,98.292451,8.979458,98.292451,3,medium_research_only,SAME_ROLE_ONLY;RESEARCH_ONLY;SAMPLE_TOO_SMALL_LOCAL_11_MATCHES_NOT_PRODUCTION_READY,True,False
CB,20572,Cristian Gabriel Romero,28567,Carlos Eccehomo Cuesta Figueroa,98.566863,8.531243,98.566863,3,medium_research_only,SAME_ROLE_ONLY;RESEARCH_ONLY;SAMPLE_TOO_SMALL_LOCAL_11_MATCHES_NOT_PRODUCTION_READY,True,False
CB,20572,Cristian Gabriel Romero,49760,Adil Rhaili,98.859685,10.43161,98.859685,3,medium_research_only,SAME_ROLE_ONLY;RESEARCH_ONLY;SAMPLE_TOO_SMALL_LOCAL_11_MATCHES_NOT_PRODUCTION_READY,True,False
CB,20572,Cristian Gabriel Romero,67700,Badr Banoun,98.054519,10.747787,98.054519,3,medium_research_only,SAME_ROLE_ONLY;RESEARCH_ONLY;SAMPLE_TOO_SMALL_LOCAL_11_MATCHES_NOT_PRODUCTION_READY,True,False
CB,20572,Cristian Gabriel Romero,131244,Ismaël Kandouss,98.783215,11.245197,98.783215,3,medium_research_only,SAME_ROLE_ONLY;RESEARCH_ONLY;SAMPLE_TOO_SMALL_LOCAL_11_MATCHES_NOT_PRODUCTION_READY,True,False
CB,20572,Cristian Gabriel Romero,138839,Driss Abdi,98.625345,29.299514,98.625345,3,medium_research_only,SAME_ROLE_ONLY;RESEARCH_ONLY;SAMPLE_TOO_SMALL_LOCAL_11_MATCHES_NOT_PRODUCTION_READY,True,False
CB,20572,Cristian Gabriel Romero,138842,Marouane Hadhoudi,94.197619,14.004455,94.197619,3,medium_research_only,SAME_ROLE_ONLY;RESEARCH_ONLY;SAMPLE_TOO_SMALL_LOCAL_11_MATCHES_NOT_PRODUCTION_READY,True,False
CB,20572,Cristian Gabriel Romero,138865,Mouhcine Boumlik,93.768801,17.309916,93.768801,3,medium_research_only,SAME_ROLE_ONLY;RESEARCH_ONLY;SAMPLE_TOO_SMALL_LOCAL_11_MATCHES_NOT_PRODUCTION_READY,True,False
CB,20572,Cristian Gabriel Romero,138871,Karim El Bounagat,98.390669,7.840411,98.390669,3,medium_research_only,SAME_ROLE_ONLY;RESEARCH_ONLY;SAMPLE_TOO_SMALL_LOCAL_11_MATCHES_NOT_PRODUCTION_READY,True,False
CB,20572,Cristian Gabriel Romero,138918,Marwan Louadni,93.184836,16.85352,93.184836,3,medium_research_only,SAME_ROLE_ONLY;RESEARCH_ONLY;SAMPLE_TOO_SMALL_LOCAL_11_MATCHES_NOT_PRODUCTION_READY,True,False
CB,20572,Cristian Gabriel Romero,138957,Youssef Limouri,98.536237,8.195818,98.536237,3,medium_research_only,SAME_ROLE_ONLY;RESEARCH_ONLY;SAMPLE_TOO_SMALL_LOCAL_11_MATCHES_NOT_PRODUCTION_READY,True,False
CB,20572,Cristian Gabriel Romero,138958,Mouad Bahsain,91.938846,15.450432,91.938846,3,medium_research_only,SAME_ROLE_ONLY;RESEARCH_ONLY;SAMPLE_TOO_SMALL_LOCAL_11_MATCHES_NOT_PRODUCTION_READY,True,False
CB,20572,Cristian Gabriel Romero,138998,Abdellah Khafifi,98.544137,8.951973,98.544137,3,medium_research_only,SAME_ROLE_ONLY;RESEARCH_ONLY;SAMPLE_TOO_SMALL_LOCAL_11_MATCHES_NOT_PRODUCTION_READY,True,False
CB,20572,Cristian Gabriel Romero,139023,Amine Aboulfath,95.920637,12.410044,95.920637,3,medium_research_only,SAME_ROLE_ONLY;RESEARCH_ONLY;SAMPLE_TOO_SMALL_LOCAL_11_MATCHES_NOT_PRODUCTION_READY,True,False
CB,20572,Cristian Gabriel Romero,139556,Bilal El Ouadghiri,95.811212,11.481444,95.811212,3,medium_research_only,SAME_ROLE_ONLY;RESEARCH_ONLY;SAMPLE_TOO_SMALL_LOCAL_11_MATCHES_NOT_PRODUCTION_READY,True,False
CB,20572,Cristian Gabriel Romero,140881,Yassine Kordani,98.225328,8.031396,98.225328,3,medium_research_only,SAME_ROLE_ONLY;RESEARCH_ONLY;SAMPLE_TOO_SMALL_LOCAL_11_MATCHES_NOT_PRODUCTION_READY,True,False
CB,20572,Cristian Gabriel Romero,143160,Anouar Tarkhatt,97.649882,9.359518,97.649882,3,medium_research_only,SAME_ROLE_ONLY;RESEARCH_ONLY;SAMPLE_TOO_SMALL_LOCAL_11_MATCHES_NOT_PRODUCTION_READY,True,False
CB,20572,Cristian Gabriel Romero,157113,Badr Gaddarine,95.283673,18.19664,95.283673,3,medium_research_only,SAME_ROLE_ONLY;RESEARCH_ONLY;SAMPLE_TOO_SMALL_LOCAL_11_MATCHES_NOT_PRODUCTION_READY,True,False
CB,20572,Cristian Gabriel Romero,202502,Soulaimane El Amrani,82.156953,21.566881,82.156953,3,medium_research_only,SAME_ROLE_ONLY;RESEARCH_ONLY;SAMPLE_TOO_SMALL_LOCAL_11_MATCHES_NOT_PRODUCTION_READY,True,False
CB,20572,Cristian Gabriel Romero,313280,André Yassine Madeira El Khalej,99.439274,6.289487,99.439274,3,medium_research_only,SAME_ROLE_ONLY;RESEARCH_ONLY;SAMPLE_TOO_SMALL_LOCAL_11_MATCHES_NOT_PRODUCTION_READY,True,False
CB,20572,Cristian Gabriel Romero,313283,Tahar Ahmed Madeira El Khalej,97.875765,9.204849,97.875765,3,medium_research_only,SAME_ROLE_ONLY;RESEARCH_ONLY;SAMPLE_TOO_SMALL_LOCAL_11_MATCHES_NOT_PRODUCTION_READY,True,False
CB,20572,Cristian Gabriel Romero,314452,Zouhair Marour,93.632721,15.356974,93.632721,3,medium_research_only,SAME_ROLE_ONLY;RESEARCH_ONLY;SAMPLE_TOO_SMALL_LOCAL_11_MATCHES_NOT_PRODUCTION_READY,True,False
CB,20572,Cristian Gabriel Romero,314465,Yassine Amhih,99.773328,5.429576,99.773328,3,medium_research_only,SAME_ROLE_ONLY;RESEARCH_ONLY;SAMPLE_TOO_SMALL_LOCAL_11_MATCHES_NOT_PRODUCTION_READY,True,False
CB,20572,Cristian Gabriel Romero,314466,Mohamed Saoud,96.419536,11.024447,96.419536,3,medium_research_only,SAME_ROLE_ONLY;RESEARCH_ONLY;SAMPLE_TOO_SMALL_LOCAL_11_MATCHES_NOT_PRODUCTION_READY,True,False
CB,20572,Cristian Gabriel Romero,332384,Ismail Al Alami,88.486442,20.865418,88.486442,3,medium_research_only,SAME_ROLE_ONLY;RESEARCH_ONLY;SAMPLE_TOO_SMALL_LOCAL_11_MATCHES_NOT_PRODUCTION_READY,True,False
CB,20572,Cristian Gabriel Romero,338916,Johnstone Omurwa,97.733898,8.393927,97.733898,3,medium_research_only,SAME_ROLE_ONLY;RESEARCH_ONLY;SAMPLE_TOO_SMALL_LOCAL_11_MATCHES_NOT_PRODUCTION_READY,True,False
CB,20572,Cristian Gabriel Romero,363239,Bilal Soufi,99.353079,5.114009,99.353079,3,medium_research_only,SAME_ROLE_ONLY;RESEARCH_ONLY;SAMPLE_TOO_SMALL_LOCAL_11_MATCHES_NOT_PRODUCTION_READY,True,False
CB,20572,Cristian Gabriel Romero,407555,James Monday Ajako,97.898111,9.164589,97.898111,3,medium_research_only,SAME_ROLE_ONLY;RESEARCH_ONLY;SAMPLE_TOO_SMALL_LOCAL_11_MATCHES_NOT_PRODUCTION_READY,True,False
CB,20572,Cristian Gabriel Romero,409303,Faraji Karmoune,95.283665,12.99301,95.283665,3,medium_research_only,SAME_ROLE_ONLY;RESEARCH_ONLY;SAMPLE_TOO_SMALL_LOCAL_11_MATCHES_NOT_PRODUCTION_READY,True,False
CB,20572,Cristian Gabriel Romero,419744,Driss El Jabali,94.818289,12.502406,94.818289,3,medium_research_only,SAME_ROLE_ONLY;RESEARCH_ONLY;SAMPLE_TOO_SMALL_LOCAL_11_MATCHES_NOT_PRODUCTION_READY,True,False
CB,20572,Cristian Gabriel Romero,422075,Zakary Lamgahez,86.522557,19.356573,86.522557,3,medium_research_only,SAME_ROLE_ONLY;RESEARCH_ONLY;SAMPLE_TOO_SMALL_LOCAL_11_MATCHES_NOT_PRODUCTION_READY,True,False
CB,20572,Cristian Gabriel Romero,442093,Yassine Fatine,98.399394,11.811592,98.399394,3,medium_research_only,SAME_ROLE_ONLY;RESEARCH_ONLY;SAMPLE_TOO_SMALL_LOCAL_11_MATCHES_NOT_PRODUCTION_READY,True,False
CB,20572,Cristian Gabriel Romero,477678,Cheick Keita,96.145422,10.854009,96.145422,3,medium_research_only,SAME_ROLE_ONLY;RESEARCH_ONLY;SAMPLE_TOO_SMALL_LOCAL_11_MATCHES_NOT_PRODUCTION_READY,True,False
CB,20572,Cristian Gabriel Romero,522354,Akram El Hamdaoui,94.186607,18.52015,94.186607,3,medium_research_only,SAME_ROLE_ONLY;RESEARCH_ONLY;SAMPLE_TOO_SMALL_LOCAL_11_MATCHES_NOT_PRODUCTION_READY,True,False
CB,20572,Cristian Gabriel Romero,522357,Mohamed Adam Benhita,98.479335,6.90395,98.479335,3,medium_research_only,SAME_ROLE_ONLY;RESEARCH_ONLY;SAMPLE_TOO_SMALL_LOCAL_11_MATCHES_NOT_PRODUCTION_READY,True,False
CB,20572,Cristian Gabriel Romero,523290,Achraf Zine,96.704153,10.092253,96.704153,3,medium_research_only,SAME_ROLE_ONLY;RESEARCH_ONLY;SAMPLE_TOO_SMALL_LOCAL_11_MATCHES_NOT_PRODUCTION_READY,True,False
CB,20572,Cristian Gabriel Romero,523317,Ismail Soubai,92.222538,15.246516,92.222538,3,medium_research_only,SAME_ROLE_ONLY;RESEARCH_ONLY;SAMPLE_TOO_SMALL_LOCAL_11_MATCHES_NOT_PRODUCTION_READY,True,False
CB,20572,Cristian Gabriel Romero,524512,Reda Ait Boughima,93.421427,68.178587,93.421427,3,medium_research_only,SAME_ROLE_ONLY;RESEARCH_ONLY;SAMPLE_TOO_SMALL_LOCAL_11_MATCHES_NOT_PRODUCTION_READY,True,False
CB,27768,Lisandro Martínez,28567,Carlos Eccehomo Cuesta Figueroa,95.309105,15.764711,95.309105,3,medium_research_only,SAME_ROLE_ONLY;RESEARCH_ONLY;SAMPLE_TOO_SMALL_LOCAL_11_MATCHES_NOT_PRODUCTION_READY,True,False
CB,27768,Lisandro Martínez,49760,Adil Rhaili,94.894075,9.701033,94.894075,3,medium_research_only,SAME_ROLE_ONLY;RESEARCH_ONLY;SAMPLE_TOO_SMALL_LOCAL_11_MATCHES_NOT_PRODUCTION_READY,True,False
CB,27768,Lisandro Martínez,67700,Badr Banoun,95.413323,17.192725,95.413323,3,medium_research_only,SAME_ROLE_ONLY;RESEARCH_ONLY;SAMPLE_TOO_SMALL_LOCAL_11_MATCHES_NOT_PRODUCTION_READY,True,False
CB,27768,Lisandro Martínez,131244,Ismaël Kandouss,96.176795,18.603848,96.176795,3,medium_research_only,SAME_ROLE_ONLY;RESEARCH_ONLY;SAMPLE_TOO_SMALL_LOCAL_11_MATCHES_NOT_PRODUCTION_READY,True,False
CB,27768,Lisandro Martínez,138839,Driss Abdi,95.783135,36.900996,95.783135,3,medium_research_only,SAME_ROLE_ONLY;RESEARCH_ONLY;SAMPLE_TOO_SMALL_LOCAL_11_MATCHES_NOT_PRODUCTION_READY,True,False
CB,27768,Lisandro Martínez,138842,Marouane Hadhoudi,95.873373,12.911847,95.873373,3,medium_research_only,SAME_ROLE_ONLY;RESEARCH_ONLY;SAMPLE_TOO_SMALL_LOCAL_11_MATCHES_NOT_PRODUCTION_READY,True,False
CB,27768,Lisandro Martínez,138865,Mouhcine Boumlik,97.211389,16.292561,97.211389,3,medium_research_only,SAME_ROLE_ONLY;RESEARCH_ONLY;SAMPLE_TOO_SMALL_LOCAL_11_MATCHES_NOT_PRODUCTION_READY,True,False
CB,27768,Lisandro Martínez,138871,Karim El Bounagat,96.153774,13.345217,96.153774,3,medium_research_only,SAME_ROLE_ONLY;RESEARCH_ONLY;SAMPLE_TOO_SMALL_LOCAL_11_MATCHES_NOT_PRODUCTION_READY,True,False
CB,27768,Lisandro Martínez,138918,Marwan Louadni,96.116207,15.650008,96.116207,3,medium_research_only,SAME_ROLE_ONLY;RESEARCH_ONLY;SAMPLE_TOO_SMALL_LOCAL_11_MATCHES_NOT_PRODUCTION_READY,True,False
CB,27768,Lisandro Martínez,138957,Youssef Limouri,96.590688,13.98952,96.590688,3,medium_research_only,SAME_ROLE_ONLY;RESEARCH_ONLY;SAMPLE_TOO_SMALL_LOCAL_11_MATCHES_NOT_PRODUCTION_READY,True,False
CB,27768,Lisandro Martínez,138958,Mouad Bahsain,94.323671,10.415078,94.323671,3,medium_research_only,SAME_ROLE_ONLY;RESEARCH_ONLY;SAMPLE_TOO_SMALL_LOCAL_11_MATCHES_NOT_PRODUCTION_READY,True,False
CB,27768,Lisandro Martínez,138998,Abdellah Khafifi,97.29778,14.340344,97.29778,3,medium_research_only,SAME_ROLE_ONLY;RESEARCH_ONLY;SAMPLE_TOO_SMALL_LOCAL_11_MATCHES_NOT_PRODUCTION_READY,True,False
CB,27768,Lisandro Martínez,139023,Amine Aboulfath,95.08627,14.930186,95.08627,3,medium_research_only,SAME_ROLE_ONLY;RESEARCH_ONLY;SAMPLE_TOO_SMALL_LOCAL_11_MATCHES_NOT_PRODUCTION_READY,True,False
CB,27768,Lisandro Martínez,139556,Bilal El Ouadghiri,91.799781,15.38373,91.799781,3,medium_research_only,SAME_ROLE_ONLY;RESEARCH_ONLY;SAMPLE_TOO_SMALL_LOCAL_11_MATCHES_NOT_PRODUCTION_READY,True,False
CB,27768,Lisandro Martínez,140881,Yassine Kordani,97.11455,12.010531,97.11455,3,medium_research_only,SAME_ROLE_ONLY;RESEARCH_ONLY;SAMPLE_TOO_SMALL_LOCAL_11_MATCHES_NOT_PRODUCTION_READY,True,False
CB,27768,Lisandro Martínez,143160,Anouar Tarkhatt,99.663254,2.802746,99.663254,3,medium_research_only,SAME_ROLE_ONLY;RESEARCH_ONLY;SAMPLE_TOO_SMALL_LOCAL_11_MATCHES_NOT_PRODUCTION_READY,True,False
CB,27768,Lisandro Martínez,157113,Badr Gaddarine,92.98666,23.238585,92.98666,3,medium_research_only,SAME_ROLE_ONLY;RESEARCH_ONLY;SAMPLE_TOO_SMALL_LOCAL_11_MATCHES_NOT_PRODUCTION_READY,True,False
CB,27768,Lisandro Martínez,202502,Soulaimane El Amrani,89.604212,13.43664,89.604212,3,medium_research_only,SAME_ROLE_ONLY;RESEARCH_ONLY;SAMPLE_TOO_SMALL_LOCAL_11_MATCHES_NOT_PRODUCTION_READY,True,False
CB,27768,Lisandro Martínez,313280,André Yassine Madeira El Khalej,96.152942,8.932177,96.152942,3,medium_research_only,SAME_ROLE_ONLY;RESEARCH_ONLY;SAMPLE_TOO_SMALL_LOCAL_11_MATCHES_NOT_PRODUCTION_READY,True,False
CB,27768,Lisandro Martínez,313283,Tahar Ahmed Madeira El Khalej,99.228145,10.405075,99.228145,3,medium_research_only,SAME_ROLE_ONLY;RESEARCH_ONLY;SAMPLE_TOO_SMALL_LOCAL_11_MATCHES_NOT_PRODUCTION_READY,True,False
CB,27768,Lisandro Martínez,314452,Zouhair Marour,97.164638,12.937206,97.164638,3,medium_research_only,SAME_ROLE_ONLY;RESEARCH_ONLY;SAMPLE_TOO_SMALL_LOCAL_11_MATCHES_NOT_PRODUCTION_READY,True,False
CB,27768,Lisandro Martínez,314465,Yassine Amhih,99.304626,4.00653,99.304626,3,medium_research_only,SAME_ROLE_ONLY;RESEARCH_ONLY;SAMPLE_TOO_SMALL_LOCAL_11_MATCHES_NOT_PRODUCTION_READY,True,False
CB,27768,Lisandro Martínez,314466,Mohamed Saoud,94.972475,13.756108,94.972475,3,medium_research_only,SAME_ROLE_ONLY;RESEARCH_ONLY;SAMPLE_TOO_SMALL_LOCAL_11_MATCHES_NOT_PRODUCTION_READY,True,False
CB,27768,Lisandro Martínez,332384,Ismail Al Alami,87.052986,21.752386,87.052986,3,medium_research_only,SAME_ROLE_ONLY;RESEARCH_ONLY;SAMPLE_TOO_SMALL_LOCAL_11_MATCHES_NOT_PRODUCTION_READY,True,False
CB,27768,Lisandro Martínez,338916,Johnstone Omurwa,99.89362,4.752203,99.89362,3,medium_research_only,SAME_ROLE_ONLY;RESEARCH_ONLY;SAMPLE_TOO_SMALL_LOCAL_11_MATCHES_NOT_PRODUCTION_READY,True,False
CB,27768,Lisandro Martínez,363239,Bilal Soufi,96.29301,9.721442,96.29301,3,medium_research_only,SAME_ROLE_ONLY;RESEARCH_ONLY;SAMPLE_TOO_SMALL_LOCAL_11_MATCHES_NOT_PRODUCTION_READY,True,False
CB,27768,Lisandro Martínez,407555,James Monday Ajako,92.870837,16.830444,92.870837,3,medium_research_only,SAME_ROLE_ONLY;RESEARCH_ONLY;SAMPLE_TOO_SMALL_LOCAL_11_MATCHES_NOT_PRODUCTION_READY,True,False
CB,27768,Lisandro Martínez,409303,Faraji Karmoune,96.036517,13.478592,96.036517,3,medium_research_only,SAME_ROLE_ONLY;RESEARCH_ONLY;SAMPLE_TOO_SMALL_LOCAL_11_MATCHES_NOT_PRODUCTION_READY,True,False
CB,27768,Lisandro Martínez,419744,Driss El Jabali,96.080851,9.570899,96.080851,3,medium_research_only,SAME_ROLE_ONLY;RESEARCH_ONLY;SAMPLE_TOO_SMALL_LOCAL_11_MATCHES_NOT_PRODUCTION_READY,True,False
CB,27768,Lisandro Martínez,422075,Zakary Lamgahez,92.631741,11.483954,92.631741,3,medium_research_only,SAME_ROLE_ONLY;RESEARCH_ONLY;SAMPLE_TOO_SMALL_LOCAL_11_MATCHES_NOT_PRODUCTION_READY,True,False
CB,27768,Lisandro Martínez,442093,Yassine Fatine,97.702619,17.084027,97.702619,3,medium_research_only,SAME_ROLE_ONLY;RESEARCH_ONLY;SAMPLE_TOO_SMALL_LOCAL_11_MATCHES_NOT_PRODUCTION_READY,True,False
CB,27768,Lisandro Martínez,477678,Cheick Keita,99.216624,6.200096,99.216624,3,medium_research_only,SAME_ROLE_ONLY;RESEARCH_ONLY;SAMPLE_TOO_SMALL_LOCAL_11_MATCHES_NOT_PRODUCTION_READY,True,False
CB,27768,Lisandro Martínez,522354,Akram El Hamdaoui,87.680762,25.769534,87.680762,3,medium_research_only,SAME_ROLE_ONLY;RESEARCH_ONLY;SAMPLE_TOO_SMALL_LOCAL_11_MATCHES_NOT_PRODUCTION_READY,True,False
CB,27768,Lisandro Martínez,522357,Mohamed Adam Benhita,98.428312,7.854057,98.428312,3,medium_research_only,SAME_ROLE_ONLY;RESEARCH_ONLY;SAMPLE_TOO_SMALL_LOCAL_11_MATCHES_NOT_PRODUCTION_READY,True,False
CB,27768,Lisandro Martínez,523290,Achraf Zine,96.246079,9.803565,96.246079,3,medium_research_only,SAME_ROLE_ONLY;RESEARCH_ONLY;SAMPLE_TOO_SMALL_LOCAL_11_MATCHES_NOT_PRODUCTION_READY,True,False
CB,27768,Lisandro Martínez,523317,Ismail Soubai,91.234968,12.896827,91.234968,3,medium_research_only,SAME_ROLE_ONLY;RESEARCH_ONLY;SAMPLE_TOO_SMALL_LOCAL_11_MATCHES_NOT_PRODUCTION_READY,True,False
CB,27768,Lisandro Martínez,524512,Reda Ait Boughima,89.451386,75.08007,89.451386,3,medium_research_only,SAME_ROLE_ONLY;RESEARCH_ONLY;SAMPLE_TOO_SMALL_LOCAL_11_MATCHES_NOT_PRODUCTION_READY,True,False
CB,28567,Carlos Eccehomo Cuesta Figueroa,49760,Adil Rhaili,99.740481,13.903219,99.740481,3,medium_research_only,SAME_ROLE_ONLY;RESEARCH_ONLY;SAMPLE_TOO_SMALL_LOCAL_11_MATCHES_NOT_PRODUCTION_READY,True,False
CB,28567,Carlos Eccehomo Cuesta Figueroa,67700,Badr Banoun,99.847556,3.200896,99.847556,3,medium_research_only,SAME_ROLE_ONLY;RESEARCH_ONLY;SAMPLE_TOO_SMALL_LOCAL_11_MATCHES_NOT_PRODUCTION_READY,True,False
CB,28567,Carlos Eccehomo Cuesta Figueroa,131244,Ismaël Kandouss,99.934545,4.588959,99.934545,3,medium_research_only,SAME_ROLE_ONLY;RESEARCH_ONLY;SAMPLE_TOO_SMALL_LOCAL_11_MATCHES_NOT_PRODUCTION_READY,True,False
CB,28567,Carlos Eccehomo Cuesta Figueroa,138839,Driss Abdi,99.970902,23.346536,99.970902,3,medium_research_only,SAME_ROLE_ONLY;RESEARCH_ONLY;SAMPLE_TOO_SMALL_LOCAL_11_MATCHES_NOT_PRODUCTION_READY,True,False
CB,28567,Carlos Eccehomo Cuesta Figueroa,138842,Marouane Hadhoudi,95.453144,13.6017,95.453144,3,medium_research_only,SAME_ROLE_ONLY;RESEARCH_ONLY;SAMPLE_TOO_SMALL_LOCAL_11_MATCHES_NOT_PRODUCTION_READY,True,False
CB,28567,Carlos Eccehomo Cuesta Figueroa,138865,Mouhcine Boumlik,93.183378,17.940638,93.183378,3,medium_research_only,SAME_ROLE_ONLY;RESEARCH_ONLY;SAMPLE_TOO_SMALL_LOCAL_11_MATCHES_NOT_PRODUCTION_READY,True,False
CB,28567,Carlos Eccehomo Cuesta Figueroa,138871,Karim El Bounagat,99.796885,3.501787,99.796885,3,medium_research_only,SAME_ROLE_ONLY;RESEARCH_ONLY;SAMPLE_TOO_SMALL_LOCAL_11_MATCHES_NOT_PRODUCTION_READY,True,False
CB,28567,Carlos Eccehomo Cuesta Figueroa,138918,Marwan Louadni,93.62605,16.69319,93.62605,3,medium_research_only,SAME_ROLE_ONLY;RESEARCH_ONLY;SAMPLE_TOO_SMALL_LOCAL_11_MATCHES_NOT_PRODUCTION_READY,True,False
CB,28567,Carlos Eccehomo Cuesta Figueroa,138957,Youssef Limouri,99.711484,3.535973,99.711484,3,medium_research_only,SAME_ROLE_ONLY;RESEARCH_ONLY;SAMPLE_TOO_SMALL_LOCAL_11_MATCHES_NOT_PRODUCTION_READY,True,False
CB,28567,Carlos Eccehomo Cuesta Figueroa,138958,Mouad Bahsain,93.568988,17.365083,93.568988,3,medium_research_only,SAME_ROLE_ONLY;RESEARCH_ONLY;SAMPLE_TOO_SMALL_LOCAL_11_MATCHES_NOT_PRODUCTION_READY,True,False
CB,28567,Carlos Eccehomo Cuesta Figueroa,138998,Abdellah Khafifi,99.368433,5.267102,99.368433,3,medium_research_only,SAME_ROLE_ONLY;RESEARCH_ONLY;SAMPLE_TOO_SMALL_LOCAL_11_MATCHES_NOT_PRODUCTION_READY,True,False
CB,28567,Carlos Eccehomo Cuesta Figueroa,139023,Amine Aboulfath,98.231835,8.606067,98.231835,3,medium_research_only,SAME_ROLE_ONLY;RESEARCH_ONLY;SAMPLE_TOO_SMALL_LOCAL_11_MATCHES_NOT_PRODUCTION_READY,True,False
CB,28567,Carlos Eccehomo Cuesta Figueroa,139556,Bilal El Ouadghiri,99.252928,7.038093,99.252928,3,medium_research_only,SAME_ROLE_ONLY;RESEARCH_ONLY;SAMPLE_TOO_SMALL_LOCAL_11_MATCHES_NOT_PRODUCTION_READY,True,False
CB,28567,Carlos Eccehomo Cuesta Figueroa,140881,Yassine Kordani,99.236582,6.007872,99.236582,3,medium_research_only,SAME_ROLE_ONLY;RESEARCH_ONLY;SAMPLE_TOO_SMALL_LOCAL_11_MATCHES_NOT_PRODUCTION_READY,True,False
CB,28567,Carlos Eccehomo Cuesta Figueroa,143160,Anouar Tarkhatt,95.699972,14.907562,95.699972,3,medium_research_only,SAME_ROLE_ONLY;RESEARCH_ONLY;SAMPLE_TOO_SMALL_LOCAL_11_MATCHES_NOT_PRODUCTION_READY,True,False
CB,28567,Carlos Eccehomo Cuesta Figueroa,157113,Badr Gaddarine,98.60928,10.711175,98.60928,3,medium_research_only,SAME_ROLE_ONLY;RESEARCH_ONLY;SAMPLE_TOO_SMALL_LOCAL_11_MATCHES_NOT_PRODUCTION_READY,True,False
CB,28567,Carlos Eccehomo Cuesta Figueroa,202502,Soulaimane El Amrani,81.114917,25.637796,81.114917,3,medium_research_only,SAME_ROLE_ONLY;RESEARCH_ONLY;SAMPLE_TOO_SMALL_LOCAL_11_MATCHES_NOT_PRODUCTION_READY,True,False
CB,28567,Carlos Eccehomo Cuesta Figueroa,313280,André Yassine Madeira El Khalej,99.63871,10.033173,99.63871,3,medium_research_only,SAME_ROLE_ONLY;RESEARCH_ONLY;SAMPLE_TOO_SMALL_LOCAL_11_MATCHES_NOT_PRODUCTION_READY,True,False
CB,28567,Carlos Eccehomo Cuesta Figueroa,313283,Tahar Ahmed Madeira El Khalej,96.839377,11.444861,96.839377,3,medium_research_only,SAME_ROLE_ONLY;RESEARCH_ONLY;SAMPLE_TOO_SMALL_LOCAL_11_MATCHES_NOT_PRODUCTION_READY,True,False
CB,28567,Carlos Eccehomo Cuesta Figueroa,314452,Zouhair Marour,93.006288,16.981346,93.006288,3,medium_research_only,SAME_ROLE_ONLY;RESEARCH_ONLY;SAMPLE_TOO_SMALL_LOCAL_11_MATCHES_NOT_PRODUCTION_READY,True,False
CB,28567,Carlos Eccehomo Cuesta Figueroa,314465,Yassine Amhih,97.800988,12.410253,97.800988,3,medium_research_only,SAME_ROLE_ONLY;RESEARCH_ONLY;SAMPLE_TOO_SMALL_LOCAL_11_MATCHES_NOT_PRODUCTION_READY,True,False
CB,28567,Carlos Eccehomo Cuesta Figueroa,314466,Mohamed Saoud,98.796094,7.466547,98.796094,3,medium_research_only,SAME_ROLE_ONLY;RESEARCH_ONLY;SAMPLE_TOO_SMALL_LOCAL_11_MATCHES_NOT_PRODUCTION_READY,True,False
CB,28567,Carlos Eccehomo Cuesta Figueroa,332384,Ismail Al Alami,93.92344,16.00541,93.92344,3,medium_research_only,SAME_ROLE_ONLY;RESEARCH_ONLY;SAMPLE_TOO_SMALL_LOCAL_11_MATCHES_NOT_PRODUCTION_READY,True,False
CB,28567,Carlos Eccehomo Cuesta Figueroa,338916,Johnstone Omurwa,95.117757,14.386525,95.117757,3,medium_research_only,SAME_ROLE_ONLY;RESEARCH_ONLY;SAMPLE_TOO_SMALL_LOCAL_11_MATCHES_NOT_PRODUCTION_READY,True,False
CB,28567,Carlos Eccehomo Cuesta Figueroa,363239,Bilal Soufi,99.814373,7.658261,99.814373,3,medium_research_only,SAME_ROLE_ONLY;RESEARCH_ONLY;SAMPLE_TOO_SMALL_LOCAL_11_MATCHES_NOT_PRODUCTION_READY,True,False
CB,28567,Carlos Eccehomo Cuesta Figueroa,407555,James Monday Ajako,99.333102,5.390424,99.333102,3,medium_research_only,SAME_ROLE_ONLY;RESEARCH_ONLY;SAMPLE_TOO_SMALL_LOCAL_11_MATCHES_NOT_PRODUCTION_READY,True,False
CB,28567,Carlos Eccehomo Cuesta Figueroa,409303,Faraji Karmoune,96.801247,11.488989,96.801247,3,medium_research_only,SAME_ROLE_ONLY;RESEARCH_ONLY;SAMPLE_TOO_SMALL_LOCAL_11_MATCHES_NOT_PRODUCTION_READY,True,False
CB,28567,Carlos Eccehomo Cuesta Figueroa,419744,Driss El Jabali,96.13749,13.741977,96.13749,3,medium_research_only,SAME_ROLE_ONLY;RESEARCH_ONLY;SAMPLE_TOO_SMALL_LOCAL_11_MATCHES_NOT_PRODUCTION_READY,True,False
CB,28567,Carlos Eccehomo Cuesta Figueroa,422075,Zakary Lamgahez,85.825581,23.311157,85.825581,3,medium_research_only,SAME_ROLE_ONLY;RESEARCH_ONLY;SAMPLE_TOO_SMALL_LOCAL_11_MATCHES_NOT_PRODUCTION_READY,True,False
CB,28567,Carlos Eccehomo Cuesta Figueroa,442093,Yassine Fatine,98.993377,8.057415,98.993377,3,medium_research_only,SAME_ROLE_ONLY;RESEARCH_ONLY;SAMPLE_TOO_SMALL_LOCAL_11_MATCHES_NOT_PRODUCTION_READY,True,False
CB,28567,Carlos Eccehomo Cuesta Figueroa,477678,Cheick Keita,94.029873,15.636336,94.029873,3,medium_research_only,SAME_ROLE_ONLY;RESEARCH_ONLY;SAMPLE_TOO_SMALL_LOCAL_11_MATCHES_NOT_PRODUCTION_READY,True,False
CB,28567,Carlos Eccehomo Cuesta Figueroa,522354,Akram El Hamdaoui,97.992774,11.267271,97.992774,3,medium_research_only,SAME_ROLE_ONLY;RESEARCH_ONLY;SAMPLE_TOO_SMALL_LOCAL_11_MATCHES_NOT_PRODUCTION_READY,True,False
CB,28567,Carlos Eccehomo Cuesta Figueroa,522357,Mohamed Adam Benhita,98.4695,9.304415,98.4695,3,medium_research_only,SAME_ROLE_ONLY;RESEARCH_ONLY;SAMPLE_TOO_SMALL_LOCAL_11_MATCHES_NOT_PRODUCTION_READY,True,False
CB,28567,Carlos Eccehomo Cuesta Figueroa,523290,Achraf Zine,98.3393,10.339438,98.3393,3,medium_research_only,SAME_ROLE_ONLY;RESEARCH_ONLY;SAMPLE_TOO_SMALL_LOCAL_11_MATCHES_NOT_PRODUCTION_READY,True,False
CB,28567,Carlos Eccehomo Cuesta Figueroa,523317,Ismail Soubai,96.224717,15.130244,96.224717,3,medium_research_only,SAME_ROLE_ONLY;RESEARCH_ONLY;SAMPLE_TOO_SMALL_LOCAL_11_MATCHES_NOT_PRODUCTION_READY,True,False
CB,28567,Carlos Eccehomo Cuesta Figueroa,524512,Reda Ait Boughima,98.004957,60.541775,98.004957,3,medium_research_only,SAME_ROLE_ONLY;RESEARCH_ONLY;SAMPLE_TOO_SMALL_LOCAL_11_MATCHES_NOT_PRODUCTION_READY,True,False
CB,49760,Adil Rhaili,67700,Badr Banoun,99.192651,16.175796,99.192651,3,medium_research_only,SAME_ROLE_ONLY;RESEARCH_ONLY;SAMPLE_TOO_SMALL_LOCAL_11_MATCHES_NOT_PRODUCTION_READY,True,False
CB,49760,Adil Rhaili,131244,Ismaël Kandouss,99.52312,18.270641,99.52312,3,medium_research_only,SAME_ROLE_ONLY;RESEARCH_ONLY;SAMPLE_TOO_SMALL_LOCAL_11_MATCHES_NOT_PRODUCTION_READY,True,False
CB,49760,Adil Rhaili,138839,Driss Abdi,99.57692,37.213151,99.57692,3,medium_research_only,SAME_ROLE_ONLY;RESEARCH_ONLY;SAMPLE_TOO_SMALL_LOCAL_11_MATCHES_NOT_PRODUCTION_READY,True,False
CB,49760,Adil Rhaili,138842,Marouane Hadhoudi,93.333971,16.256084,93.333971,3,medium_research_only,SAME_ROLE_ONLY;RESEARCH_ONLY;SAMPLE_TOO_SMALL_LOCAL_11_MATCHES_NOT_PRODUCTION_READY,True,False
CB,49760,Adil Rhaili,138865,Mouhcine Boumlik,91.130027,22.491026,91.130027,3,medium_research_only,SAME_ROLE_ONLY;RESEARCH_ONLY;SAMPLE_TOO_SMALL_LOCAL_11_MATCHES_NOT_PRODUCTION_READY,True,False
CB,49760,Adil Rhaili,138871,Karim El Bounagat,99.133586,12.469347,99.133586,3,medium_research_only,SAME_ROLE_ONLY;RESEARCH_ONLY;SAMPLE_TOO_SMALL_LOCAL_11_MATCHES_NOT_PRODUCTION_READY,True,False
CB,49760,Adil Rhaili,138918,Marwan Louadni,91.358236,20.676852,91.358236,3,medium_research_only,SAME_ROLE_ONLY;RESEARCH_ONLY;SAMPLE_TOO_SMALL_LOCAL_11_MATCHES_NOT_PRODUCTION_READY,True,False
CB,49760,Adil Rhaili,138957,Youssef Limouri,99.023808,13.87333,99.023808,3,medium_research_only,SAME_ROLE_ONLY;RESEARCH_ONLY;SAMPLE_TOO_SMALL_LOCAL_11_MATCHES_NOT_PRODUCTION_READY,True,False
CB,49760,Adil Rhaili,138958,Mouad Bahsain,91.045728,12.46313,91.045728,3,medium_research_only,SAME_ROLE_ONLY;RESEARCH_ONLY;SAMPLE_TOO_SMALL_LOCAL_11_MATCHES_NOT_PRODUCTION_READY,True,False
CB,49760,Adil Rhaili,138998,Abdellah Khafifi,98.542825,15.488573,98.542825,3,medium_research_only,SAME_ROLE_ONLY;RESEARCH_ONLY;SAMPLE_TOO_SMALL_LOCAL_11_MATCHES_NOT_PRODUCTION_READY,True,False
CB,49760,Adil Rhaili,139023,Amine Aboulfath,96.658993,15.235172,96.658993,3,medium_research_only,SAME_ROLE_ONLY;RESEARCH_ONLY;SAMPLE_TOO_SMALL_LOCAL_11_MATCHES_NOT_PRODUCTION_READY,True,False
CB,49760,Adil Rhaili,139556,Bilal El Ouadghiri,98.505483,10.570891,98.505483,3,medium_research_only,SAME_ROLE_ONLY;RESEARCH_ONLY;SAMPLE_TOO_SMALL_LOCAL_11_MATCHES_NOT_PRODUCTION_READY,True,False
CB,49760,Adil Rhaili,140881,Yassine Kordani,98.282427,12.856857,98.282427,3,medium_research_only,SAME_ROLE_ONLY;RESEARCH_ONLY;SAMPLE_TOO_SMALL_LOCAL_11_MATCHES_NOT_PRODUCTION_READY,True,False
CB,49760,Adil Rhaili,143160,Anouar Tarkhatt,94.733601,10.395831,94.733601,3,medium_research_only,SAME_ROLE_ONLY;RESEARCH_ONLY;SAMPLE_TOO_SMALL_LOCAL_11_MATCHES_NOT_PRODUCTION_READY,True,False
CB,49760,Adil Rhaili,157113,Badr Gaddarine,97.218557,22.213567,97.218557,3,medium_research_only,SAME_ROLE_ONLY;RESEARCH_ONLY;SAMPLE_TOO_SMALL_LOCAL_11_MATCHES_NOT_PRODUCTION_READY,True,False
CB,49760,Adil Rhaili,202502,Soulaimane El Amrani,77.848688,17.526512,77.848688,3,medium_research_only,SAME_ROLE_ONLY;RESEARCH_ONLY;SAMPLE_TOO_SMALL_LOCAL_11_MATCHES_NOT_PRODUCTION_READY,True,False
CB,49760,Adil Rhaili,313280,André Yassine Madeira El Khalej,99.897184,4.407426,99.897184,3,medium_research_only,SAME_ROLE_ONLY;RESEARCH_ONLY;SAMPLE_TOO_SMALL_LOCAL_11_MATCHES_NOT_PRODUCTION_READY,True,False
CB,49760,Adil Rhaili,313283,Tahar Ahmed Madeira El Khalej,95.751567,15.900091,95.751567,3,medium_research_only,SAME_ROLE_ONLY;RESEARCH_ONLY;SAMPLE_TOO_SMALL_LOCAL_11_MATCHES_NOT_PRODUCTION_READY,True,False
CB,49760,Adil Rhaili,314452,Zouhair Marour,90.936477,19.25338,90.936477,3,medium_research_only,SAME_ROLE_ONLY;RESEARCH_ONLY;SAMPLE_TOO_SMALL_LOCAL_11_MATCHES_NOT_PRODUCTION_READY,True,False
CB,49760,Adil Rhaili,314465,Yassine Amhih,97.819218,7.57717,97.819218,3,medium_research_only,SAME_ROLE_ONLY;RESEARCH_ONLY;SAMPLE_TOO_SMALL_LOCAL_11_MATCHES_NOT_PRODUCTION_READY,True,False
CB,49760,Adil Rhaili,314466,Mohamed Saoud,97.4367,13.067484,97.4367,3,medium_research_only,SAME_ROLE_ONLY;RESEARCH_ONLY;SAMPLE_TOO_SMALL_LOCAL_11_MATCHES_NOT_PRODUCTION_READY,True,False
CB,49760,Adil Rhaili,332384,Ismail Al Alami,91.419831,19.667874,91.419831,3,medium_research_only,SAME_ROLE_ONLY;RESEARCH_ONLY;SAMPLE_TOO_SMALL_LOCAL_11_MATCHES_NOT_PRODUCTION_READY,True,False
CB,49760,Adil Rhaili,338916,Johnstone Omurwa,94.372616,12.997366,94.372616,3,medium_research_only,SAME_ROLE_ONLY;RESEARCH_ONLY;SAMPLE_TOO_SMALL_LOCAL_11_MATCHES_NOT_PRODUCTION_READY,True,False
CB,49760,Adil Rhaili,363239,Bilal Soufi,99.870555,6.616208,99.870555,3,medium_research_only,SAME_ROLE_ONLY;RESEARCH_ONLY;SAMPLE_TOO_SMALL_LOCAL_11_MATCHES_NOT_PRODUCTION_READY,True,False
CB,49760,Adil Rhaili,407555,James Monday Ajako,99.812312,12.509461,99.812312,3,medium_research_only,SAME_ROLE_ONLY;RESEARCH_ONLY;SAMPLE_TOO_SMALL_LOCAL_11_MATCHES_NOT_PRODUCTION_READY,True,False
CB,49760,Adil Rhaili,409303,Faraji Karmoune,94.927299,15.929755,94.927299,3,medium_research_only,SAME_ROLE_ONLY;RESEARCH_ONLY;SAMPLE_TOO_SMALL_LOCAL_11_MATCHES_NOT_PRODUCTION_READY,True,False
CB,49760,Adil Rhaili,419744,Driss El Jabali,94.148161,11.86719,94.148161,3,medium_research_only,SAME_ROLE_ONLY;RESEARCH_ONLY;SAMPLE_TOO_SMALL_LOCAL_11_MATCHES_NOT_PRODUCTION_READY,True,False
CB,49760,Adil Rhaili,422075,Zakary Lamgahez,82.872976,15.47864,82.872976,3,medium_research_only,SAME_ROLE_ONLY;RESEARCH_ONLY;SAMPLE_TOO_SMALL_LOCAL_11_MATCHES_NOT_PRODUCTION_READY,True,False
CB,49760,Adil Rhaili,442093,Yassine Fatine,98.043075,19.225571,98.043075,3,medium_research_only,SAME_ROLE_ONLY;RESEARCH_ONLY;SAMPLE_TOO_SMALL_LOCAL_11_MATCHES_NOT_PRODUCTION_READY,True,False
CB,49760,Adil Rhaili,477678,Cheick Keita,92.730477,14.218142,92.730477,3,medium_research_only,SAME_ROLE_ONLY;RESEARCH_ONLY;SAMPLE_TOO_SMALL_LOCAL_11_MATCHES_NOT_PRODUCTION_READY,True,False
CB,49760,Adil Rhaili,522354,Akram El Hamdaoui,98.146858,20.284616,98.146858,3,medium_research_only,SAME_ROLE_ONLY;RESEARCH_ONLY;SAMPLE_TOO_SMALL_LOCAL_11_MATCHES_NOT_PRODUCTION_READY,True,False
CB,49760,Adil Rhaili,522357,Mohamed Adam Benhita,97.509129,10.678054,97.509129,3,medium_research_only,SAME_ROLE_ONLY;RESEARCH_ONLY;SAMPLE_TOO_SMALL_LOCAL_11_MATCHES_NOT_PRODUCTION_READY,True,False
CB,49760,Adil Rhaili,523290,Achraf Zine,96.88331,10.109057,96.88331,3,medium_research_only,SAME_ROLE_ONLY;RESEARCH_ONLY;SAMPLE_TOO_SMALL_LOCAL_11_MATCHES_NOT_PRODUCTION_READY,True,False
CB,49760,Adil Rhaili,523317,Ismail Soubai,94.071669,10.189361,94.071669,3,medium_research_only,SAME_ROLE_ONLY;RESEARCH_ONLY;SAMPLE_TOO_SMALL_LOCAL_11_MATCHES_NOT_PRODUCTION_READY,True,False
CB,49760,Adil Rhaili,524512,Reda Ait Boughima,96.804135,73.732516,96.804135,3,medium_research_only,SAME_ROLE_ONLY;RESEARCH_ONLY;SAMPLE_TOO_SMALL_LOCAL_11_MATCHES_NOT_PRODUCTION_READY,True,False
CB,67700,Badr Banoun,131244,Ismaël Kandouss,99.90912,3.216808,99.90912,3,medium_research_only,SAME_ROLE_ONLY;RESEARCH_ONLY;SAMPLE_TOO_SMALL_LOCAL_11_MATCHES_NOT_PRODUCTION_READY,True,False
CB,67700,Badr Banoun,138839,Driss Abdi,99.926915,21.593077,99.926915,3,medium_research_only,SAME_ROLE_ONLY;RESEARCH_ONLY;SAMPLE_TOO_SMALL_LOCAL_11_MATCHES_NOT_PRODUCTION_READY,True,False
CB,67700,Badr Banoun,138842,Marouane Hadhoudi,96.803312,12.411406,96.803312,3,medium_research_only,SAME_ROLE_ONLY;RESEARCH_ONLY;SAMPLE_TOO_SMALL_LOCAL_11_MATCHES_NOT_PRODUCTION_READY,True,False
CB,67700,Badr Banoun,138865,Mouhcine Boumlik,94.539368,16.33836,94.539368,3,medium_research_only,SAME_ROLE_ONLY;RESEARCH_ONLY;SAMPLE_TOO_SMALL_LOCAL_11_MATCHES_NOT_PRODUCTION_READY,True,False
CB,67700,Badr Banoun,138871,Karim El Bounagat,99.965346,4.059042,99.965346,3,medium_research_only,SAME_ROLE_ONLY;RESEARCH_ONLY;SAMPLE_TOO_SMALL_LOCAL_11_MATCHES_NOT_PRODUCTION_READY,True,False
CB,67700,Badr Banoun,138918,Marwan Louadni,95.124541,15.02779,95.124541,3,medium_research_only,SAME_ROLE_ONLY;RESEARCH_ONLY;SAMPLE_TOO_SMALL_LOCAL_11_MATCHES_NOT_PRODUCTION_READY,True,False
CB,67700,Badr Banoun,138957,Youssef Limouri,99.905164,3.243106,99.905164,3,medium_research_only,SAME_ROLE_ONLY;RESEARCH_ONLY;SAMPLE_TOO_SMALL_LOCAL_11_MATCHES_NOT_PRODUCTION_READY,True,False
CB,67700,Badr Banoun,138958,Mouad Bahsain,95.241788,17.469507,95.241788,3,medium_research_only,SAME_ROLE_ONLY;RESEARCH_ONLY;SAMPLE_TOO_SMALL_LOCAL_11_MATCHES_NOT_PRODUCTION_READY,True,False
CB,67700,Badr Banoun,138998,Abdellah Khafifi,99.681511,4.021746,99.681511,3,medium_research_only,SAME_ROLE_ONLY;RESEARCH_ONLY;SAMPLE_TOO_SMALL_LOCAL_11_MATCHES_NOT_PRODUCTION_READY,True,False
CB,67700,Badr Banoun,139023,Amine Aboulfath,99.107716,6.964402,99.107716,3,medium_research_only,SAME_ROLE_ONLY;RESEARCH_ONLY;SAMPLE_TOO_SMALL_LOCAL_11_MATCHES_NOT_PRODUCTION_READY,True,False
CB,67700,Badr Banoun,139556,Bilal El Ouadghiri,99.443711,8.029215,99.443711,3,medium_research_only,SAME_ROLE_ONLY;RESEARCH_ONLY;SAMPLE_TOO_SMALL_LOCAL_11_MATCHES_NOT_PRODUCTION_READY,True,False
CB,67700,Badr Banoun,140881,Yassine Kordani,99.64768,5.74908,99.64768,3,medium_research_only,SAME_ROLE_ONLY;RESEARCH_ONLY;SAMPLE_TOO_SMALL_LOCAL_11_MATCHES_NOT_PRODUCTION_READY,True,False
CB,67700,Badr Banoun,143160,Anouar Tarkhatt,96.212977,15.877938,96.212977,3,medium_research_only,SAME_ROLE_ONLY;RESEARCH_ONLY;SAMPLE_TOO_SMALL_LOCAL_11_MATCHES_NOT_PRODUCTION_READY,True,False
CB,67700,Badr Banoun,157113,Badr Gaddarine,99.315098,7.724938,99.315098,3,medium_research_only,SAME_ROLE_ONLY;RESEARCH_ONLY;SAMPLE_TOO_SMALL_LOCAL_11_MATCHES_NOT_PRODUCTION_READY,True,False
CB,67700,Badr Banoun,202502,Soulaimane El Amrani,83.517868,26.048872,83.517868,3,medium_research_only,SAME_ROLE_ONLY;RESEARCH_ONLY;SAMPLE_TOO_SMALL_LOCAL_11_MATCHES_NOT_PRODUCTION_READY,True,False
CB,67700,Badr Banoun,313280,André Yassine Madeira El Khalej,99.108321,12.508102,99.108321,3,medium_research_only,SAME_ROLE_ONLY;RESEARCH_ONLY;SAMPLE_TOO_SMALL_LOCAL_11_MATCHES_NOT_PRODUCTION_READY,True,False
CB,67700,Badr Banoun,313283,Tahar Ahmed Madeira El Khalej,97.419536,11.024755,97.419536,3,medium_research_only,SAME_ROLE_ONLY;RESEARCH_ONLY;SAMPLE_TOO_SMALL_LOCAL_11_MATCHES_NOT_PRODUCTION_READY,True,False
CB,67700,Badr Banoun,314452,Zouhair Marour,94.377389,15.907425,94.377389,3,medium_research_only,SAME_ROLE_ONLY;RESEARCH_ONLY;SAMPLE_TOO_SMALL_LOCAL_11_MATCHES_NOT_PRODUCTION_READY,True,False
CB,67700,Badr Banoun,314465,Yassine Amhih,97.523141,14.297533,97.523141,3,medium_research_only,SAME_ROLE_ONLY;RESEARCH_ONLY;SAMPLE_TOO_SMALL_LOCAL_11_MATCHES_NOT_PRODUCTION_READY,True,False
CB,67700,Badr Banoun,314466,Mohamed Saoud,99.49818,6.65061,99.49818,3,medium_research_only,SAME_ROLE_ONLY;RESEARCH_ONLY;SAMPLE_TOO_SMALL_LOCAL_11_MATCHES_NOT_PRODUCTION_READY,True,False
CB,67700,Badr Banoun,332384,Ismail Al Alami,95.489267,14.34133,95.489267,3,medium_research_only,SAME_ROLE_ONLY;RESEARCH_ONLY;SAMPLE_TOO_SMALL_LOCAL_11_MATCHES_NOT_PRODUCTION_READY,True,False
CB,67700,Badr Banoun,338916,Johnstone Omurwa,95.47538,15.151615,95.47538,3,medium_research_only,SAME_ROLE_ONLY;RESEARCH_ONLY;SAMPLE_TOO_SMALL_LOCAL_11_MATCHES_NOT_PRODUCTION_READY,True,False
CB,67700,Badr Banoun,363239,Bilal Soufi,99.43651,10.112444,99.43651,3,medium_research_only,SAME_ROLE_ONLY;RESEARCH_ONLY;SAMPLE_TOO_SMALL_LOCAL_11_MATCHES_NOT_PRODUCTION_READY,True,False
CB,67700,Badr Banoun,407555,James Monday Ajako,98.601391,8.396272,98.601391,3,medium_research_only,SAME_ROLE_ONLY;RESEARCH_ONLY;SAMPLE_TOO_SMALL_LOCAL_11_MATCHES_NOT_PRODUCTION_READY,True,False
CB,67700,Badr Banoun,409303,Faraji Karmoune,97.942835,10.087958,97.942835,3,medium_research_only,SAME_ROLE_ONLY;RESEARCH_ONLY;SAMPLE_TOO_SMALL_LOCAL_11_MATCHES_NOT_PRODUCTION_READY,True,False
CB,67700,Badr Banoun,419744,Driss El Jabali,97.379166,13.663482,97.379166,3,medium_research_only,SAME_ROLE_ONLY;RESEARCH_ONLY;SAMPLE_TOO_SMALL_LOCAL_11_MATCHES_NOT_PRODUCTION_READY,True,False
CB,67700,Badr Banoun,422075,Zakary Lamgahez,87.942195,23.761526,87.942195,3,medium_research_only,SAME_ROLE_ONLY;RESEARCH_ONLY;SAMPLE_TOO_SMALL_LOCAL_11_MATCHES_NOT_PRODUCTION_READY,True,False
CB,67700,Badr Banoun,442093,Yassine Fatine,99.412777,5.896673,99.412777,3,medium_research_only,SAME_ROLE_ONLY;RESEARCH_ONLY;SAMPLE_TOO_SMALL_LOCAL_11_MATCHES_NOT_PRODUCTION_READY,True,False
CB,67700,Badr Banoun,477678,Cheick Keita,94.820643,15.917053,94.820643,3,medium_research_only,SAME_ROLE_ONLY;RESEARCH_ONLY;SAMPLE_TOO_SMALL_LOCAL_11_MATCHES_NOT_PRODUCTION_READY,True,False
CB,67700,Badr Banoun,522354,Akram El Hamdaoui,97.47104,11.994837,97.47104,3,medium_research_only,SAME_ROLE_ONLY;RESEARCH_ONLY;SAMPLE_TOO_SMALL_LOCAL_11_MATCHES_NOT_PRODUCTION_READY,True,False
CB,67700,Badr Banoun,522357,Mohamed Adam Benhita,98.91439,9.875159,98.91439,3,medium_research_only,SAME_ROLE_ONLY;RESEARCH_ONLY;SAMPLE_TOO_SMALL_LOCAL_11_MATCHES_NOT_PRODUCTION_READY,True,False
CB,67700,Badr Banoun,523290,Achraf Zine,99.138014,10.573457,99.138014,3,medium_research_only,SAME_ROLE_ONLY;RESEARCH_ONLY;SAMPLE_TOO_SMALL_LOCAL_11_MATCHES_NOT_PRODUCTION_READY,True,False
CB,67700,Badr Banoun,523317,Ismail Soubai,97.532321,15.495281,97.532321,3,medium_research_only,SAME_ROLE_ONLY;RESEARCH_ONLY;SAMPLE_TOO_SMALL_LOCAL_11_MATCHES_NOT_PRODUCTION_READY,True,False
CB,67700,Badr Banoun,524512,Reda Ait Boughima,98.535221,58.309942,98.535221,3,medium_research_only,SAME_ROLE_ONLY;RESEARCH_ONLY;SAMPLE_TOO_SMALL_LOCAL_11_MATCHES_NOT_PRODUCTION_READY,True,False
CB,131244,Ismaël Kandouss,138839,Driss Abdi,99.98973,19.091543,99.98973,3,medium_research_only,SAME_ROLE_ONLY;RESEARCH_ONLY;SAMPLE_TOO_SMALL_LOCAL_11_MATCHES_NOT_PRODUCTION_READY,True,False
CB,131244,Ismaël Kandouss,138842,Marouane Hadhoudi,96.344238,14.560476,96.344238,3,medium_research_only,SAME_ROLE_ONLY;RESEARCH_ONLY;SAMPLE_TOO_SMALL_LOCAL_11_MATCHES_NOT_PRODUCTION_READY,True,False
CB,131244,Ismaël Kandouss,138865,Mouhcine Boumlik,94.397602,17.158608,94.397602,3,medium_research_only,SAME_ROLE_ONLY;RESEARCH_ONLY;SAMPLE_TOO_SMALL_LOCAL_11_MATCHES_NOT_PRODUCTION_READY,True,False
CB,131244,Ismaël Kandouss,138871,Karim El Bounagat,99.938179,6.486235,99.938179,3,medium_research_only,SAME_ROLE_ONLY;RESEARCH_ONLY;SAMPLE_TOO_SMALL_LOCAL_11_MATCHES_NOT_PRODUCTION_READY,True,False
CB,131244,Ismaël Kandouss,138918,Marwan Louadni,94.747528,16.457983,94.747528,3,medium_research_only,SAME_ROLE_ONLY;RESEARCH_ONLY;SAMPLE_TOO_SMALL_LOCAL_11_MATCHES_NOT_PRODUCTION_READY,True,False
CB,131244,Ismaël Kandouss,138957,Youssef Limouri,99.90997,5.324705,99.90997,3,medium_research_only,SAME_ROLE_ONLY;RESEARCH_ONLY;SAMPLE_TOO_SMALL_LOCAL_11_MATCHES_NOT_PRODUCTION_READY,True,False
CB,131244,Ismaël Kandouss,138958,Mouad Bahsain,94.585629,20.071206,94.585629,3,medium_research_only,SAME_ROLE_ONLY;RESEARCH_ONLY;SAMPLE_TOO_SMALL_LOCAL_11_MATCHES_NOT_PRODUCTION_READY,True,False
CB,131244,Ismaël Kandouss,138998,Abdellah Khafifi,99.70389,5.275036,99.70389,3,medium_research_only,SAME_ROLE_ONLY;RESEARCH_ONLY;SAMPLE_TOO_SMALL_LOCAL_11_MATCHES_NOT_PRODUCTION_READY,True,False
CB,131244,Ismaël Kandouss,139023,Amine Aboulfath,98.64819,9.655559,98.64819,3,medium_research_only,SAME_ROLE_ONLY;RESEARCH_ONLY;SAMPLE_TOO_SMALL_LOCAL_11_MATCHES_NOT_PRODUCTION_READY,True,False
CB,131244,Ismaël Kandouss,139556,Bilal El Ouadghiri,99.037434,10.945778,99.037434,3,medium_research_only,SAME_ROLE_ONLY;RESEARCH_ONLY;SAMPLE_TOO_SMALL_LOCAL_11_MATCHES_NOT_PRODUCTION_READY,True,False
CB,131244,Ismaël Kandouss,140881,Yassine Kordani,99.599522,7.902867,99.599522,3,medium_research_only,SAME_ROLE_ONLY;RESEARCH_ONLY;SAMPLE_TOO_SMALL_LOCAL_11_MATCHES_NOT_PRODUCTION_READY,True,False
CB,131244,Ismaël Kandouss,143160,Anouar Tarkhatt,96.641889,17.510018,96.641889,3,medium_research_only,SAME_ROLE_ONLY;RESEARCH_ONLY;SAMPLE_TOO_SMALL_LOCAL_11_MATCHES_NOT_PRODUCTION_READY,True,False
CB,131244,Ismaël Kandouss,157113,Badr Gaddarine,98.736936,8.870293,98.736936,3,medium_research_only,SAME_ROLE_ONLY;RESEARCH_ONLY;SAMPLE_TOO_SMALL_LOCAL_11_MATCHES_NOT_PRODUCTION_READY,True,False
CB,131244,Ismaël Kandouss,202502,Soulaimane El Amrani,83.004155,28.365491,83.004155,3,medium_research_only,SAME_ROLE_ONLY;RESEARCH_ONLY;SAMPLE_TOO_SMALL_LOCAL_11_MATCHES_NOT_PRODUCTION_READY,True,False
CB,131244,Ismaël Kandouss,313280,André Yassine Madeira El Khalej,99.554898,14.248623,99.554898,3,medium_research_only,SAME_ROLE_ONLY;RESEARCH_ONLY;SAMPLE_TOO_SMALL_LOCAL_11_MATCHES_NOT_PRODUCTION_READY,True,False
CB,131244,Ismaël Kandouss,313283,Tahar Ahmed Madeira El Khalej,97.665347,11.785237,97.665347,3,medium_research_only,SAME_ROLE_ONLY;RESEARCH_ONLY;SAMPLE_TOO_SMALL_LOCAL_11_MATCHES_NOT_PRODUCTION_READY,True,False
CB,131244,Ismaël Kandouss,314452,Zouhair Marour,94.236457,17.231212,94.236457,3,medium_research_only,SAME_ROLE_ONLY;RESEARCH_ONLY;SAMPLE_TOO_SMALL_LOCAL_11_MATCHES_NOT_PRODUCTION_READY,True,False
CB,131244,Ismaël Kandouss,314465,Yassine Amhih,98.258704,15.615084,98.258704,3,medium_research_only,SAME_ROLE_ONLY;RESEARCH_ONLY;SAMPLE_TOO_SMALL_LOCAL_11_MATCHES_NOT_PRODUCTION_READY,True,False
CB,131244,Ismaël Kandouss,314466,Mohamed Saoud,99.093939,9.609822,99.093939,3,medium_research_only,SAME_ROLE_ONLY;RESEARCH_ONLY;SAMPLE_TOO_SMALL_LOCAL_11_MATCHES_NOT_PRODUCTION_READY,True,False
CB,131244,Ismaël Kandouss,332384,Ismail Al Alami,94.186652,17.260783,94.186652,3,medium_research_only,SAME_ROLE_ONLY;RESEARCH_ONLY;SAMPLE_TOO_SMALL_LOCAL_11_MATCHES_NOT_PRODUCTION_READY,True,False
CB,131244,Ismaël Kandouss,338916,Johnstone Omurwa,96.078344,16.175567,96.078344,3,medium_research_only,SAME_ROLE_ONLY;RESEARCH_ONLY;SAMPLE_TOO_SMALL_LOCAL_11_MATCHES_NOT_PRODUCTION_READY,True,False
CB,131244,Ismaël Kandouss,363239,Bilal Soufi,99.780785,11.829194,99.780785,3,medium_research_only,SAME_ROLE_ONLY;RESEARCH_ONLY;SAMPLE_TOO_SMALL_LOCAL_11_MATCHES_NOT_PRODUCTION_READY,True,False
CB,131244,Ismaël Kandouss,407555,James Monday Ajako,98.896895,9.054332,98.896895,3,medium_research_only,SAME_ROLE_ONLY;RESEARCH_ONLY;SAMPLE_TOO_SMALL_LOCAL_11_MATCHES_NOT_PRODUCTION_READY,True,False
CB,131244,Ismaël Kandouss,409303,Faraji Karmoune,97.520826,12.289572,97.520826,3,medium_research_only,SAME_ROLE_ONLY;RESEARCH_ONLY;SAMPLE_TOO_SMALL_LOCAL_11_MATCHES_NOT_PRODUCTION_READY,True,False
CB,131244,Ismaël Kandouss,419744,Driss El Jabali,96.952396,16.167523,96.952396,3,medium_research_only,SAME_ROLE_ONLY;RESEARCH_ONLY;SAMPLE_TOO_SMALL_LOCAL_11_MATCHES_NOT_PRODUCTION_READY,True,False
CB,131244,Ismaël Kandouss,422075,Zakary Lamgahez,87.498603,26.087523,87.498603,3,medium_research_only,SAME_ROLE_ONLY;RESEARCH_ONLY;SAMPLE_TOO_SMALL_LOCAL_11_MATCHES_NOT_PRODUCTION_READY,True,False
CB,131244,Ismaël Kandouss,442093,Yassine Fatine,99.435549,5.531721,99.435549,3,medium_research_only,SAME_ROLE_ONLY;RESEARCH_ONLY;SAMPLE_TOO_SMALL_LOCAL_11_MATCHES_NOT_PRODUCTION_READY,True,False
CB,131244,Ismaël Kandouss,477678,Cheick Keita,95.167796,17.233998,95.167796,3,medium_research_only,SAME_ROLE_ONLY;RESEARCH_ONLY;SAMPLE_TOO_SMALL_LOCAL_11_MATCHES_NOT_PRODUCTION_READY,True,False
CB,131244,Ismaël Kandouss,522354,Akram El Hamdaoui,97.253258,12.433886,97.253258,3,medium_research_only,SAME_ROLE_ONLY;RESEARCH_ONLY;SAMPLE_TOO_SMALL_LOCAL_11_MATCHES_NOT_PRODUCTION_READY,True,False
CB,131244,Ismaël Kandouss,522357,Mohamed Adam Benhita,99.033857,11.725738,99.033857,3,medium_research_only,SAME_ROLE_ONLY;RESEARCH_ONLY;SAMPLE_TOO_SMALL_LOCAL_11_MATCHES_NOT_PRODUCTION_READY,True,False
CB,131244,Ismaël Kandouss,523290,Achraf Zine,98.829593,13.206604,98.829593,3,medium_research_only,SAME_ROLE_ONLY;RESEARCH_ONLY;SAMPLE_TOO_SMALL_LOCAL_11_MATCHES_NOT_PRODUCTION_READY,True,False
CB,131244,Ismaël Kandouss,523317,Ismail Soubai,96.597107,18.50584,96.597107,3,medium_research_only,SAME_ROLE_ONLY;RESEARCH_ONLY;SAMPLE_TOO_SMALL_LOCAL_11_MATCHES_NOT_PRODUCTION_READY,True,False
CB,131244,Ismaël Kandouss,524512,Reda Ait Boughima,97.790749,56.98529,97.790749,3,medium_research_only,SAME_ROLE_ONLY;RESEARCH_ONLY;SAMPLE_TOO_SMALL_LOCAL_11_MATCHES_NOT_PRODUCTION_READY,True,False
CB,138839,Driss Abdi,138842,Marouane Hadhoudi,96.122294,30.794122,96.122294,3,medium_research_only,SAME_ROLE_ONLY;RESEARCH_ONLY;SAMPLE_TOO_SMALL_LOCAL_11_MATCHES_NOT_PRODUCTION_READY,True,False
CB,138839,Driss Abdi,138865,Mouhcine Boumlik,94.014194,29.965034,94.014194,3,medium_research_only,SAME_ROLE_ONLY;RESEARCH_ONLY;SAMPLE_TOO_SMALL_LOCAL_11_MATCHES_NOT_PRODUCTION_READY,True,False
CB,138839,Driss Abdi,138871,Karim El Bounagat,99.918545,25.446581,99.918545,3,medium_research_only,SAME_ROLE_ONLY;RESEARCH_ONLY;SAMPLE_TOO_SMALL_LOCAL_11_MATCHES_NOT_PRODUCTION_READY,True,False
CB,138839,Driss Abdi,138918,Marwan Louadni,94.431566,30.400112,94.431566,3,medium_research_only,SAME_ROLE_ONLY;RESEARCH_ONLY;SAMPLE_TOO_SMALL_LOCAL_11_MATCHES_NOT_PRODUCTION_READY,True,False
CB,138839,Driss Abdi,138957,Youssef Limouri,99.865482,24.179077,99.865482,3,medium_research_only,SAME_ROLE_ONLY;RESEARCH_ONLY;SAMPLE_TOO_SMALL_LOCAL_11_MATCHES_NOT_PRODUCTION_READY,True,False
CB,138839,Driss Abdi,138958,Mouad Bahsain,94.347561,38.017337,94.347561,3,medium_research_only,SAME_ROLE_ONLY;RESEARCH_ONLY;SAMPLE_TOO_SMALL_LOCAL_11_MATCHES_NOT_PRODUCTION_READY,True,False
CB,138839,Driss Abdi,138998,Abdellah Khafifi,99.608487,23.349958,99.608487,3,medium_research_only,SAME_ROLE_ONLY;RESEARCH_ONLY;SAMPLE_TOO_SMALL_LOCAL_11_MATCHES_NOT_PRODUCTION_READY,True,False
CB,138839,Driss Abdi,139023,Amine Aboulfath,98.594654,26.541346,98.594654,3,medium_research_only,SAME_ROLE_ONLY;RESEARCH_ONLY;SAMPLE_TOO_SMALL_LOCAL_11_MATCHES_NOT_PRODUCTION_READY,True,False
CB,138839,Driss Abdi,139556,Bilal El Ouadghiri,99.198716,28.902347,99.198716,3,medium_research_only,SAME_ROLE_ONLY;RESEARCH_ONLY;SAMPLE_TOO_SMALL_LOCAL_11_MATCHES_NOT_PRODUCTION_READY,True,False
CB,138839,Driss Abdi,140881,Yassine Kordani,99.504766,26.390796,99.504766,3,medium_research_only,SAME_ROLE_ONLY;RESEARCH_ONLY;SAMPLE_TOO_SMALL_LOCAL_11_MATCHES_NOT_PRODUCTION_READY,True,False
CB,138839,Driss Abdi,143160,Anouar Tarkhatt,96.271562,35.743854,96.271562,3,medium_research_only,SAME_ROLE_ONLY;RESEARCH_ONLY;SAMPLE_TOO_SMALL_LOCAL_11_MATCHES_NOT_PRODUCTION_READY,True,False
CB,138839,Driss Abdi,157113,Badr Gaddarine,98.80254,19.603263,98.80254,3,medium_research_only,SAME_ROLE_ONLY;RESEARCH_ONLY;SAMPLE_TOO_SMALL_LOCAL_11_MATCHES_NOT_PRODUCTION_READY,True,False
CB,138839,Driss Abdi,202502,Soulaimane El Amrani,82.431866,46.247816,82.431866,3,medium_research_only,SAME_ROLE_ONLY;RESEARCH_ONLY;SAMPLE_TOO_SMALL_LOCAL_11_MATCHES_NOT_PRODUCTION_READY,True,False
CB,138839,Driss Abdi,313280,André Yassine Madeira El Khalej,99.544615,33.132003,99.544615,3,medium_research_only,SAME_ROLE_ONLY;RESEARCH_ONLY;SAMPLE_TOO_SMALL_LOCAL_11_MATCHES_NOT_PRODUCTION_READY,True,False
CB,138839,Driss Abdi,313283,Tahar Ahmed Madeira El Khalej,97.363315,28.144894,97.363315,3,medium_research_only,SAME_ROLE_ONLY;RESEARCH_ONLY;SAMPLE_TOO_SMALL_LOCAL_11_MATCHES_NOT_PRODUCTION_READY,True,False
CB,138839,Driss Abdi,314452,Zouhair Marour,93.847229,32.163574,93.847229,3,medium_research_only,SAME_ROLE_ONLY;RESEARCH_ONLY;SAMPLE_TOO_SMALL_LOCAL_11_MATCHES_NOT_PRODUCTION_READY,True,False
CB,138839,Driss Abdi,314465,Yassine Amhih,98.014575,34.182455,98.014575,3,medium_research_only,SAME_ROLE_ONLY;RESEARCH_ONLY;SAMPLE_TOO_SMALL_LOCAL_11_MATCHES_NOT_PRODUCTION_READY,True,False
CB,138839,Driss Abdi,314466,Mohamed Saoud,99.074225,27.473951,99.074225,3,medium_research_only,SAME_ROLE_ONLY;RESEARCH_ONLY;SAMPLE_TOO_SMALL_LOCAL_11_MATCHES_NOT_PRODUCTION_READY,True,False
CB,138839,Driss Abdi,332384,Ismail Al Alami,94.308739,31.170863,94.308739,3,medium_research_only,SAME_ROLE_ONLY;RESEARCH_ONLY;SAMPLE_TOO_SMALL_LOCAL_11_MATCHES_NOT_PRODUCTION_READY,True,False
CB,138839,Driss Abdi,338916,Johnstone Omurwa,95.675542,33.55226,95.675542,3,medium_research_only,SAME_ROLE_ONLY;RESEARCH_ONLY;SAMPLE_TOO_SMALL_LOCAL_11_MATCHES_NOT_PRODUCTION_READY,True,False
CB,138839,Driss Abdi,363239,Bilal Soufi,99.767989,30.761233,99.767989,3,medium_research_only,SAME_ROLE_ONLY;RESEARCH_ONLY;SAMPLE_TOO_SMALL_LOCAL_11_MATCHES_NOT_PRODUCTION_READY,True,False
CB,138839,Driss Abdi,407555,James Monday Ajako,99.032559,25.979894,99.032559,3,medium_research_only,SAME_ROLE_ONLY;RESEARCH_ONLY;SAMPLE_TOO_SMALL_LOCAL_11_MATCHES_NOT_PRODUCTION_READY,True,False
CB,138839,Driss Abdi,409303,Faraji Karmoune,97.354427,28.67494,97.354427,3,medium_research_only,SAME_ROLE_ONLY;RESEARCH_ONLY;SAMPLE_TOO_SMALL_LOCAL_11_MATCHES_NOT_PRODUCTION_READY,True,False
CB,138839,Driss Abdi,419744,Driss El Jabali,96.75284,34.081803,96.75284,3,medium_research_only,SAME_ROLE_ONLY;RESEARCH_ONLY;SAMPLE_TOO_SMALL_LOCAL_11_MATCHES_NOT_PRODUCTION_READY,True,False
CB,138839,Driss Abdi,422075,Zakary Lamgahez,86.994469,44.101082,86.994469,3,medium_research_only,SAME_ROLE_ONLY;RESEARCH_ONLY;SAMPLE_TOO_SMALL_LOCAL_11_MATCHES_NOT_PRODUCTION_READY,True,False
CB,138839,Driss Abdi,442093,Yassine Fatine,99.302377,20.658304,99.302377,3,medium_research_only,SAME_ROLE_ONLY;RESEARCH_ONLY;SAMPLE_TOO_SMALL_LOCAL_11_MATCHES_NOT_PRODUCTION_READY,True,False
CB,138839,Driss Abdi,477678,Cheick Keita,94.739722,34.359461,94.739722,3,medium_research_only,SAME_ROLE_ONLY;RESEARCH_ONLY;SAMPLE_TOO_SMALL_LOCAL_11_MATCHES_NOT_PRODUCTION_READY,True,False
CB,138839,Driss Abdi,522354,Akram El Hamdaoui,97.570363,23.05903,97.570363,3,medium_research_only,SAME_ROLE_ONLY;RESEARCH_ONLY;SAMPLE_TOO_SMALL_LOCAL_11_MATCHES_NOT_PRODUCTION_READY,True,False
CB,138839,Driss Abdi,522357,Mohamed Adam Benhita,98.843233,30.202266,98.843233,3,medium_research_only,SAME_ROLE_ONLY;RESEARCH_ONLY;SAMPLE_TOO_SMALL_LOCAL_11_MATCHES_NOT_PRODUCTION_READY,True,False
CB,138839,Driss Abdi,523290,Achraf Zine,98.72789,31.657621,98.72789,3,medium_research_only,SAME_ROLE_ONLY;RESEARCH_ONLY;SAMPLE_TOO_SMALL_LOCAL_11_MATCHES_NOT_PRODUCTION_READY,True,False
CB,138839,Driss Abdi,523317,Ismail Soubai,96.627962,36.663964,96.627962,3,medium_research_only,SAME_ROLE_ONLY;RESEARCH_ONLY;SAMPLE_TOO_SMALL_LOCAL_11_MATCHES_NOT_PRODUCTION_READY,True,False
CB,138839,Driss Abdi,524512,Reda Ait Boughima,98.000684,40.62364,98.000684,3,medium_research_only,SAME_ROLE_ONLY;RESEARCH_ONLY;SAMPLE_TOO_SMALL_LOCAL_11_MATCHES_NOT_PRODUCTION_READY,True,False
CB,138842,Marouane Hadhoudi,138865,Mouhcine Boumlik,99.289479,7.878911,99.289479,3,medium_research_only,SAME_ROLE_ONLY;RESEARCH_ONLY;SAMPLE_TOO_SMALL_LOCAL_11_MATCHES_NOT_PRODUCTION_READY,True,False
CB,138842,Marouane Hadhoudi,138871,Karim El Bounagat,97.144305,10.22764,97.144305,3,medium_research_only,SAME_ROLE_ONLY;RESEARCH_ONLY;SAMPLE_TOO_SMALL_LOCAL_11_MATCHES_NOT_PRODUCTION_READY,True,False
CB,138842,Marouane Hadhoudi,138918,Marwan Louadni,99.751079,4.89155,99.751079,3,medium_research_only,SAME_ROLE_ONLY;RESEARCH_ONLY;SAMPLE_TOO_SMALL_LOCAL_11_MATCHES_NOT_PRODUCTION_READY,True,False
CB,138842,Marouane Hadhoudi,138957,Youssef Limouri,97.38649,10.219366,97.38649,3,medium_research_only,SAME_ROLE_ONLY;RESEARCH_ONLY;SAMPLE_TOO_SMALL_LOCAL_11_MATCHES_NOT_PRODUCTION_READY,True,False
CB,138842,Marouane Hadhoudi,138958,Mouad Bahsain,99.799056,8.246564,99.799056,3,medium_research_only,SAME_ROLE_ONLY;RESEARCH_ONLY;SAMPLE_TOO_SMALL_LOCAL_11_MATCHES_NOT_PRODUCTION_READY,True,False
CB,138842,Marouane Hadhoudi,138998,Abdellah Khafifi,98.022899,9.521766,98.022899,3,medium_research_only,SAME_ROLE_ONLY;RESEARCH_ONLY;SAMPLE_TOO_SMALL_LOCAL_11_MATCHES_NOT_PRODUCTION_READY,True,False
CB,138842,Marouane Hadhoudi,139023,Amine Aboulfath,99.074341,6.098804,99.074341,3,medium_research_only,SAME_ROLE_ONLY;RESEARCH_ONLY;SAMPLE_TOO_SMALL_LOCAL_11_MATCHES_NOT_PRODUCTION_READY,True,False
CB,138842,Marouane Hadhoudi,139556,Bilal El Ouadghiri,95.199945,12.729467,95.199945,3,medium_research_only,SAME_ROLE_ONLY;RESEARCH_ONLY;SAMPLE_TOO_SMALL_LOCAL_11_MATCHES_NOT_PRODUCTION_READY,True,False
CB,138842,Marouane Hadhoudi,140881,Yassine Kordani,98.323844,7.767729,98.323844,3,medium_research_only,SAME_ROLE_ONLY;RESEARCH_ONLY;SAMPLE_TOO_SMALL_LOCAL_11_MATCHES_NOT_PRODUCTION_READY,True,False
CB,138842,Marouane Hadhoudi,143160,Anouar Tarkhatt,97.826745,10.184642,97.826745,3,medium_research_only,SAME_ROLE_ONLY;RESEARCH_ONLY;SAMPLE_TOO_SMALL_LOCAL_11_MATCHES_NOT_PRODUCTION_READY,True,False
CB,138842,Marouane Hadhoudi,157113,Badr Gaddarine,97.668597,14.151308,97.668597,3,medium_research_only,SAME_ROLE_ONLY;RESEARCH_ONLY;SAMPLE_TOO_SMALL_LOCAL_11_MATCHES_NOT_PRODUCTION_READY,True,False
CB,138842,Marouane Hadhoudi,202502,Soulaimane El Amrani,94.26848,15.952751,94.26848,3,medium_research_only,SAME_ROLE_ONLY;RESEARCH_ONLY;SAMPLE_TOO_SMALL_LOCAL_11_MATCHES_NOT_PRODUCTION_READY,True,False
CB,138842,Marouane Hadhoudi,313280,André Yassine Madeira El Khalej,93.860186,14.522419,93.860186,3,medium_research_only,SAME_ROLE_ONLY;RESEARCH_ONLY;SAMPLE_TOO_SMALL_LOCAL_11_MATCHES_NOT_PRODUCTION_READY,True,False
CB,138842,Marouane Hadhoudi,313283,Tahar Ahmed Madeira El Khalej,98.598427,7.397961,98.598427,3,medium_research_only,SAME_ROLE_ONLY;RESEARCH_ONLY;SAMPLE_TOO_SMALL_LOCAL_11_MATCHES_NOT_PRODUCTION_READY,True,False
CB,138842,Marouane Hadhoudi,314452,Zouhair Marour,99.240596,5.599741,99.240596,3,medium_research_only,SAME_ROLE_ONLY;RESEARCH_ONLY;SAMPLE_TOO_SMALL_LOCAL_11_MATCHES_NOT_PRODUCTION_READY,True,False
CB,138842,Marouane Hadhoudi,314465,Yassine Amhih,95.245274,13.107383,95.245274,3,medium_research_only,SAME_ROLE_ONLY;RESEARCH_ONLY;SAMPLE_TOO_SMALL_LOCAL_11_MATCHES_NOT_PRODUCTION_READY,True,False
CB,138842,Marouane Hadhoudi,314466,Mohamed Saoud,98.550537,7.136211,98.550537,3,medium_research_only,SAME_ROLE_ONLY;RESEARCH_ONLY;SAMPLE_TOO_SMALL_LOCAL_11_MATCHES_NOT_PRODUCTION_READY,True,False
CB,138842,Marouane Hadhoudi,332384,Ismail Al Alami,96.600547,11.701905,96.600547,3,medium_research_only,SAME_ROLE_ONLY;RESEARCH_ONLY;SAMPLE_TOO_SMALL_LOCAL_11_MATCHES_NOT_PRODUCTION_READY,True,False
CB,138842,Marouane Hadhoudi,338916,Johnstone Omurwa,96.882124,10.399056,96.882124,3,medium_research_only,SAME_ROLE_ONLY;RESEARCH_ONLY;SAMPLE_TOO_SMALL_LOCAL_11_MATCHES_NOT_PRODUCTION_READY,True,False
CB,138842,Marouane Hadhoudi,363239,Bilal Soufi,94.71202,13.323314,94.71202,3,medium_research_only,SAME_ROLE_ONLY;RESEARCH_ONLY;SAMPLE_TOO_SMALL_LOCAL_11_MATCHES_NOT_PRODUCTION_READY,True,False
CB,138842,Marouane Hadhoudi,407555,James Monday Ajako,91.455665,17.889801,91.455665,3,medium_research_only,SAME_ROLE_ONLY;RESEARCH_ONLY;SAMPLE_TOO_SMALL_LOCAL_11_MATCHES_NOT_PRODUCTION_READY,True,False
CB,138842,Marouane Hadhoudi,409303,Faraji Karmoune,99.867307,2.399999,99.867307,3,medium_research_only,SAME_ROLE_ONLY;RESEARCH_ONLY;SAMPLE_TOO_SMALL_LOCAL_11_MATCHES_NOT_PRODUCTION_READY,True,False
CB,138842,Marouane Hadhoudi,419744,Driss El Jabali,99.970574,5.149597,99.970574,3,medium_research_only,SAME_ROLE_ONLY;RESEARCH_ONLY;SAMPLE_TOO_SMALL_LOCAL_11_MATCHES_NOT_PRODUCTION_READY,True,False
CB,138842,Marouane Hadhoudi,422075,Zakary Lamgahez,96.810862,14.011052,96.810862,3,medium_research_only,SAME_ROLE_ONLY;RESEARCH_ONLY;SAMPLE_TOO_SMALL_LOCAL_11_MATCHES_NOT_PRODUCTION_READY,True,False
CB,138842,Marouane Hadhoudi,442093,Yassine Fatine,98.460691,10.815432,98.460691,3,medium_research_only,SAME_ROLE_ONLY;RESEARCH_ONLY;SAMPLE_TOO_SMALL_LOCAL_11_MATCHES_NOT_PRODUCTION_READY,True,False
CB,138842,Marouane Hadhoudi,477678,Cheick Keita,97.981862,8.577559,97.981862,3,medium_research_only,SAME_ROLE_ONLY;RESEARCH_ONLY;SAMPLE_TOO_SMALL_LOCAL_11_MATCHES_NOT_PRODUCTION_READY,True,False
CB,138842,Marouane Hadhoudi,522354,Akram El Hamdaoui,89.588438,23.152559,89.588438,3,medium_research_only,SAME_ROLE_ONLY;RESEARCH_ONLY;SAMPLE_TOO_SMALL_LOCAL_11_MATCHES_NOT_PRODUCTION_READY,True,False
CB,138842,Marouane Hadhoudi,522357,Mohamed Adam Benhita,98.573831,7.284383,98.573831,3,medium_research_only,SAME_ROLE_ONLY;RESEARCH_ONLY;SAMPLE_TOO_SMALL_LOCAL_11_MATCHES_NOT_PRODUCTION_READY,True,False
CB,138842,Marouane Hadhoudi,523290,Achraf Zine,99.245672,6.362225,99.245672,3,medium_research_only,SAME_ROLE_ONLY;RESEARCH_ONLY;SAMPLE_TOO_SMALL_LOCAL_11_MATCHES_NOT_PRODUCTION_READY,True,False
CB,138842,Marouane Hadhoudi,523317,Ismail Soubai,98.382639,10.334577,98.382639,3,medium_research_only,SAME_ROLE_ONLY;RESEARCH_ONLY;SAMPLE_TOO_SMALL_LOCAL_11_MATCHES_NOT_PRODUCTION_READY,True,False
CB,138842,Marouane Hadhoudi,524512,Reda Ait Boughima,95.113182,65.686811,95.113182,3,medium_research_only,SAME_ROLE_ONLY;RESEARCH_ONLY;SAMPLE_TOO_SMALL_LOCAL_11_MATCHES_NOT_PRODUCTION_READY,True,False
CB,138865,Mouhcine Boumlik,138871,Karim El Bounagat,95.18292,15.193864,95.18292,3,medium_research_only,SAME_ROLE_ONLY;RESEARCH_ONLY;SAMPLE_TOO_SMALL_LOCAL_11_MATCHES_NOT_PRODUCTION_READY,True,False
CB,138865,Mouhcine Boumlik,138918,Marwan Louadni,99.815756,3.526433,99.815756,3,medium_research_only,SAME_ROLE_ONLY;RESEARCH_ONLY;SAMPLE_TOO_SMALL_LOCAL_11_MATCHES_NOT_PRODUCTION_READY,True,False
CB,138865,Mouhcine Boumlik,138957,Youssef Limouri,95.620799,14.467219,95.620799,3,medium_research_only,SAME_ROLE_ONLY;RESEARCH_ONLY;SAMPLE_TOO_SMALL_LOCAL_11_MATCHES_NOT_PRODUCTION_READY,True,False
CB,138865,Mouhcine Boumlik,138958,Mouad Bahsain,99.136207,14.55062,99.136207,3,medium_research_only,SAME_ROLE_ONLY;RESEARCH_ONLY;SAMPLE_TOO_SMALL_LOCAL_11_MATCHES_NOT_PRODUCTION_READY,True,False
CB,138865,Mouhcine Boumlik,138998,Abdellah Khafifi,96.63089,12.756745,96.63089,3,medium_research_only,SAME_ROLE_ONLY;RESEARCH_ONLY;SAMPLE_TOO_SMALL_LOCAL_11_MATCHES_NOT_PRODUCTION_READY,True,False
CB,138865,Mouhcine Boumlik,139023,Amine Aboulfath,97.100469,12.021841,97.100469,3,medium_research_only,SAME_ROLE_ONLY;RESEARCH_ONLY;SAMPLE_TOO_SMALL_LOCAL_11_MATCHES_NOT_PRODUCTION_READY,True,False
CB,138865,Mouhcine Boumlik,139556,Bilal El Ouadghiri,91.75817,19.503796,91.75817,3,medium_research_only,SAME_ROLE_ONLY;RESEARCH_ONLY;SAMPLE_TOO_SMALL_LOCAL_11_MATCHES_NOT_PRODUCTION_READY,True,False
CB,138865,Mouhcine Boumlik,140881,Yassine Kordani,96.88256,12.631811,96.88256,3,medium_research_only,SAME_ROLE_ONLY;RESEARCH_ONLY;SAMPLE_TOO_SMALL_LOCAL_11_MATCHES_NOT_PRODUCTION_READY,True,False
CB,138865,Mouhcine Boumlik,143160,Anouar Tarkhatt,98.750672,13.895538,98.750672,3,medium_research_only,SAME_ROLE_ONLY;RESEARCH_ONLY;SAMPLE_TOO_SMALL_LOCAL_11_MATCHES_NOT_PRODUCTION_READY,True,False
CB,138865,Mouhcine Boumlik,157113,Badr Gaddarine,94.782703,17.452337,94.782703,3,medium_research_only,SAME_ROLE_ONLY;RESEARCH_ONLY;SAMPLE_TOO_SMALL_LOCAL_11_MATCHES_NOT_PRODUCTION_READY,True,False
CB,138865,Mouhcine Boumlik,202502,Soulaimane El Amrani,96.503185,19.56303,96.503185,3,medium_research_only,SAME_ROLE_ONLY;RESEARCH_ONLY;SAMPLE_TOO_SMALL_LOCAL_11_MATCHES_NOT_PRODUCTION_READY,True,False
CB,138865,Mouhcine Boumlik,313280,André Yassine Madeira El Khalej,92.179914,20.107221,92.179914,3,medium_research_only,SAME_ROLE_ONLY;RESEARCH_ONLY;SAMPLE_TOO_SMALL_LOCAL_11_MATCHES_NOT_PRODUCTION_READY,True,False
CB,138865,Mouhcine Boumlik,313283,Tahar Ahmed Madeira El Khalej,98.878914,8.121385,98.878914,3,medium_research_only,SAME_ROLE_ONLY;RESEARCH_ONLY;SAMPLE_TOO_SMALL_LOCAL_11_MATCHES_NOT_PRODUCTION_READY,True,False
CB,138865,Mouhcine Boumlik,314452,Zouhair Marour,99.998742,3.940333,99.998742,3,medium_research_only,SAME_ROLE_ONLY;RESEARCH_ONLY;SAMPLE_TOO_SMALL_LOCAL_11_MATCHES_NOT_PRODUCTION_READY,True,False
CB,138865,Mouhcine Boumlik,314465,Yassine Amhih,95.440882,17.174496,95.440882,3,medium_research_only,SAME_ROLE_ONLY;RESEARCH_ONLY;SAMPLE_TOO_SMALL_LOCAL_11_MATCHES_NOT_PRODUCTION_READY,True,False
CB,138865,Mouhcine Boumlik,314466,Mohamed Saoud,96.362212,13.606235,96.362212,3,medium_research_only,SAME_ROLE_ONLY;RESEARCH_ONLY;SAMPLE_TOO_SMALL_LOCAL_11_MATCHES_NOT_PRODUCTION_READY,True,False
CB,138865,Mouhcine Boumlik,332384,Ismail Al Alami,93.008021,18.122021,93.008021,3,medium_research_only,SAME_ROLE_ONLY;RESEARCH_ONLY;SAMPLE_TOO_SMALL_LOCAL_11_MATCHES_NOT_PRODUCTION_READY,True,False
CB,138865,Mouhcine Boumlik,338916,Johnstone Omurwa,98.175802,12.133761,98.175802,3,medium_research_only,SAME_ROLE_ONLY;RESEARCH_ONLY;SAMPLE_TOO_SMALL_LOCAL_11_MATCHES_NOT_PRODUCTION_READY,True,False
CB,138865,Mouhcine Boumlik,363239,Bilal Soufi,92.968506,18.744333,92.968506,3,medium_research_only,SAME_ROLE_ONLY;RESEARCH_ONLY;SAMPLE_TOO_SMALL_LOCAL_11_MATCHES_NOT_PRODUCTION_READY,True,False
CB,138865,Mouhcine Boumlik,407555,James Monday Ajako,88.686078,22.737849,88.686078,3,medium_research_only,SAME_ROLE_ONLY;RESEARCH_ONLY;SAMPLE_TOO_SMALL_LOCAL_11_MATCHES_NOT_PRODUCTION_READY,True,False
CB,138865,Mouhcine Boumlik,409303,Faraji Karmoune,98.748673,8.740683,98.748673,3,medium_research_only,SAME_ROLE_ONLY;RESEARCH_ONLY;SAMPLE_TOO_SMALL_LOCAL_11_MATCHES_NOT_PRODUCTION_READY,True,False
CB,138865,Mouhcine Boumlik,419744,Driss El Jabali,99.102081,12.113147,99.102081,3,medium_research_only,SAME_ROLE_ONLY;RESEARCH_ONLY;SAMPLE_TOO_SMALL_LOCAL_11_MATCHES_NOT_PRODUCTION_READY,True,False
CB,138865,Mouhcine Boumlik,422075,Zakary Lamgahez,98.434996,18.098836,98.434996,3,medium_research_only,SAME_ROLE_ONLY;RESEARCH_ONLY;SAMPLE_TOO_SMALL_LOCAL_11_MATCHES_NOT_PRODUCTION_READY,True,False
CB,138865,Mouhcine Boumlik,442093,Yassine Fatine,97.341876,11.828628,97.341876,3,medium_research_only,SAME_ROLE_ONLY;RESEARCH_ONLY;SAMPLE_TOO_SMALL_LOCAL_11_MATCHES_NOT_PRODUCTION_READY,True,False
CB,138865,Mouhcine Boumlik,477678,Cheick Keita,99.31042,10.226837,99.31042,3,medium_research_only,SAME_ROLE_ONLY;RESEARCH_ONLY;SAMPLE_TOO_SMALL_LOCAL_11_MATCHES_NOT_PRODUCTION_READY,True,False
CB,138865,Mouhcine Boumlik,522354,Akram El Hamdaoui,85.272295,28.207029,85.272295,3,medium_research_only,SAME_ROLE_ONLY;RESEARCH_ONLY;SAMPLE_TOO_SMALL_LOCAL_11_MATCHES_NOT_PRODUCTION_READY,True,False
CB,138865,Mouhcine Boumlik,522357,Mohamed Adam Benhita,97.937255,12.224744,97.937255,3,medium_research_only,SAME_ROLE_ONLY;RESEARCH_ONLY;SAMPLE_TOO_SMALL_LOCAL_11_MATCHES_NOT_PRODUCTION_READY,True,False
CB,138865,Mouhcine Boumlik,523290,Achraf Zine,97.70331,13.432517,97.70331,3,medium_research_only,SAME_ROLE_ONLY;RESEARCH_ONLY;SAMPLE_TOO_SMALL_LOCAL_11_MATCHES_NOT_PRODUCTION_READY,True,False
CB,138865,Mouhcine Boumlik,523317,Ismail Soubai,95.577947,18.012772,95.577947,3,medium_research_only,SAME_ROLE_ONLY;RESEARCH_ONLY;SAMPLE_TOO_SMALL_LOCAL_11_MATCHES_NOT_PRODUCTION_READY,True,False
CB,138865,Mouhcine Boumlik,524512,Reda Ait Boughima,91.150563,65.268328,91.150563,3,medium_research_only,SAME_ROLE_ONLY;RESEARCH_ONLY;SAMPLE_TOO_SMALL_LOCAL_11_MATCHES_NOT_PRODUCTION_READY,True,False
CB,138871,Karim El Bounagat,138918,Marwan Louadni,95.632677,13.656502,95.632677,3,medium_research_only,SAME_ROLE_ONLY;RESEARCH_ONLY;SAMPLE_TOO_SMALL_LOCAL_11_MATCHES_NOT_PRODUCTION_READY,True,False
CB,138871,Karim El Bounagat,138957,Youssef Limouri,99.984933,1.55961,99.984933,3,medium_research_only,SAME_ROLE_ONLY;RESEARCH_ONLY;SAMPLE_TOO_SMALL_LOCAL_11_MATCHES_NOT_PRODUCTION_READY,True,False
CB,138871,Karim El Bounagat,138958,Mouad Bahsain,95.592837,14.001136,95.592837,3,medium_research_only,SAME_ROLE_ONLY;RESEARCH_ONLY;SAMPLE_TOO_SMALL_LOCAL_11_MATCHES_NOT_PRODUCTION_READY,True,False
CB,138871,Karim El Bounagat,138998,Abdellah Khafifi,99.849489,3.602871,99.849489,3,medium_research_only,SAME_ROLE_ONLY;RESEARCH_ONLY;SAMPLE_TOO_SMALL_LOCAL_11_MATCHES_NOT_PRODUCTION_READY,True,False
CB,138871,Karim El Bounagat,139023,Amine Aboulfath,99.162114,5.715014,99.162114,3,medium_research_only,SAME_ROLE_ONLY;RESEARCH_ONLY;SAMPLE_TOO_SMALL_LOCAL_11_MATCHES_NOT_PRODUCTION_READY,True,False
CB,138871,Karim El Bounagat,139556,Bilal El Ouadghiri,99.137065,6.05942,99.137065,3,medium_research_only,SAME_ROLE_ONLY;RESEARCH_ONLY;SAMPLE_TOO_SMALL_LOCAL_11_MATCHES_NOT_PRODUCTION_READY,True,False
CB,138871,Karim El Bounagat,140881,Yassine Kordani,99.808368,2.693488,99.808368,3,medium_research_only,SAME_ROLE_ONLY;RESEARCH_ONLY;SAMPLE_TOO_SMALL_LOCAL_11_MATCHES_NOT_PRODUCTION_READY,True,False
CB,138871,Karim El Bounagat,143160,Anouar Tarkhatt,96.884422,12.070277,96.884422,3,medium_research_only,SAME_ROLE_ONLY;RESEARCH_ONLY;SAMPLE_TOO_SMALL_LOCAL_11_MATCHES_NOT_PRODUCTION_READY,True,False
CB,138871,Karim El Bounagat,157113,Badr Gaddarine,99.156266,10.723671,99.156266,3,medium_research_only,SAME_ROLE_ONLY;RESEARCH_ONLY;SAMPLE_TOO_SMALL_LOCAL_11_MATCHES_NOT_PRODUCTION_READY,True,False
CB,138871,Karim El Bounagat,202502,Soulaimane El Amrani,84.449585,22.366811,84.449585,3,medium_research_only,SAME_ROLE_ONLY;RESEARCH_ONLY;SAMPLE_TOO_SMALL_LOCAL_11_MATCHES_NOT_PRODUCTION_READY,True,False
CB,138871,Karim El Bounagat,313280,André Yassine Madeira El Khalej,99.168536,8.882459,99.168536,3,medium_research_only,SAME_ROLE_ONLY;RESEARCH_ONLY;SAMPLE_TOO_SMALL_LOCAL_11_MATCHES_NOT_PRODUCTION_READY,True,False
CB,138871,Karim El Bounagat,313283,Tahar Ahmed Madeira El Khalej,97.958738,8.871282,97.958738,3,medium_research_only,SAME_ROLE_ONLY;RESEARCH_ONLY;SAMPLE_TOO_SMALL_LOCAL_11_MATCHES_NOT_PRODUCTION_READY,True,False
CB,138871,Karim El Bounagat,314452,Zouhair Marour,95.030912,13.846803,95.030912,3,medium_research_only,SAME_ROLE_ONLY;RESEARCH_ONLY;SAMPLE_TOO_SMALL_LOCAL_11_MATCHES_NOT_PRODUCTION_READY,True,False
CB,138871,Karim El Bounagat,314465,Yassine Amhih,98.006715,10.493801,98.006715,3,medium_research_only,SAME_ROLE_ONLY;RESEARCH_ONLY;SAMPLE_TOO_SMALL_LOCAL_11_MATCHES_NOT_PRODUCTION_READY,True,False
CB,138871,Karim El Bounagat,314466,Mohamed Saoud,99.49987,4.373402,99.49987,3,medium_research_only,SAME_ROLE_ONLY;RESEARCH_ONLY;SAMPLE_TOO_SMALL_LOCAL_11_MATCHES_NOT_PRODUCTION_READY,True,False
CB,138871,Karim El Bounagat,332384,Ismail Al Alami,95.170468,13.912176,95.170468,3,medium_research_only,SAME_ROLE_ONLY;RESEARCH_ONLY;SAMPLE_TOO_SMALL_LOCAL_11_MATCHES_NOT_PRODUCTION_READY,True,False
CB,138871,Karim El Bounagat,338916,Johnstone Omurwa,96.217325,11.822874,96.217325,3,medium_research_only,SAME_ROLE_ONLY;RESEARCH_ONLY;SAMPLE_TOO_SMALL_LOCAL_11_MATCHES_NOT_PRODUCTION_READY,True,False
CB,138871,Karim El Bounagat,363239,Bilal Soufi,99.492055,6.552413,99.492055,3,medium_research_only,SAME_ROLE_ONLY;RESEARCH_ONLY;SAMPLE_TOO_SMALL_LOCAL_11_MATCHES_NOT_PRODUCTION_READY,True,False
CB,138871,Karim El Bounagat,407555,James Monday Ajako,98.39984,7.86224,98.39984,3,medium_research_only,SAME_ROLE_ONLY;RESEARCH_ONLY;SAMPLE_TOO_SMALL_LOCAL_11_MATCHES_NOT_PRODUCTION_READY,True,False
CB,138871,Karim El Bounagat,409303,Faraji Karmoune,98.192591,8.232886,98.192591,3,medium_research_only,SAME_ROLE_ONLY;RESEARCH_ONLY;SAMPLE_TOO_SMALL_LOCAL_11_MATCHES_NOT_PRODUCTION_READY,True,False
CB,138871,Karim El Bounagat,419744,Driss El Jabali,97.684917,10.289756,97.684917,3,medium_research_only,SAME_ROLE_ONLY;RESEARCH_ONLY;SAMPLE_TOO_SMALL_LOCAL_11_MATCHES_NOT_PRODUCTION_READY,True,False
CB,138871,Karim El Bounagat,422075,Zakary Lamgahez,88.764345,20.052692,88.764345,3,medium_research_only,SAME_ROLE_ONLY;RESEARCH_ONLY;SAMPLE_TOO_SMALL_LOCAL_11_MATCHES_NOT_PRODUCTION_READY,True,False
CB,138871,Karim El Bounagat,442093,Yassine Fatine,99.645073,7.305189,99.645073,3,medium_research_only,SAME_ROLE_ONLY;RESEARCH_ONLY;SAMPLE_TOO_SMALL_LOCAL_11_MATCHES_NOT_PRODUCTION_READY,True,False
CB,138871,Karim El Bounagat,477678,Cheick Keita,95.583137,12.660397,95.583137,3,medium_research_only,SAME_ROLE_ONLY;RESEARCH_ONLY;SAMPLE_TOO_SMALL_LOCAL_11_MATCHES_NOT_PRODUCTION_READY,True,False
CB,138871,Karim El Bounagat,522354,Akram El Hamdaoui,96.915487,14.010218,96.915487,3,medium_research_only,SAME_ROLE_ONLY;RESEARCH_ONLY;SAMPLE_TOO_SMALL_LOCAL_11_MATCHES_NOT_PRODUCTION_READY,True,False
CB,138871,Karim El Bounagat,522357,Mohamed Adam Benhita,99.252945,6.183139,99.252945,3,medium_research_only,SAME_ROLE_ONLY;RESEARCH_ONLY;SAMPLE_TOO_SMALL_LOCAL_11_MATCHES_NOT_PRODUCTION_READY,True,False
CB,138871,Karim El Bounagat,523290,Achraf Zine,99.28767,6.983797,99.28767,3,medium_research_only,SAME_ROLE_ONLY;RESEARCH_ONLY;SAMPLE_TOO_SMALL_LOCAL_11_MATCHES_NOT_PRODUCTION_READY,True,False
CB,138871,Karim El Bounagat,523317,Ismail Soubai,97.401211,12.259053,97.401211,3,medium_research_only,SAME_ROLE_ONLY;RESEARCH_ONLY;SAMPLE_TOO_SMALL_LOCAL_11_MATCHES_NOT_PRODUCTION_READY,True,False
CB,138871,Karim El Bounagat,524512,Reda Ait Boughima,98.11602,62.294536,98.11602,3,medium_research_only,SAME_ROLE_ONLY;RESEARCH_ONLY;SAMPLE_TOO_SMALL_LOCAL_11_MATCHES_NOT_PRODUCTION_READY,True,False
CB,138918,Marwan Louadni,138957,Youssef Limouri,95.990557,13.167035,95.990557,3,medium_research_only,SAME_ROLE_ONLY;RESEARCH_ONLY;SAMPLE_TOO_SMALL_LOCAL_11_MATCHES_NOT_PRODUCTION_READY,True,False
CB,138918,Marwan Louadni,138958,Mouad Bahsain,99.748284,11.984876,99.748284,3,medium_research_only,SAME_ROLE_ONLY;RESEARCH_ONLY;SAMPLE_TOO_SMALL_LOCAL_11_MATCHES_NOT_PRODUCTION_READY,True,False
CB,138918,Marwan Louadni,138998,Abdellah Khafifi,96.883455,11.765493,96.883455,3,medium_research_only,SAME_ROLE_ONLY;RESEARCH_ONLY;SAMPLE_TOO_SMALL_LOCAL_11_MATCHES_NOT_PRODUCTION_READY,True,False
CB,138918,Marwan Louadni,139023,Amine Aboulfath,97.90682,9.59007,97.90682,3,medium_research_only,SAME_ROLE_ONLY;RESEARCH_ONLY;SAMPLE_TOO_SMALL_LOCAL_11_MATCHES_NOT_PRODUCTION_READY,True,False
CB,138918,Marwan Louadni,139556,Bilal El Ouadghiri,92.926818,17.148224,92.926818,3,medium_research_only,SAME_ROLE_ONLY;RESEARCH_ONLY;SAMPLE_TOO_SMALL_LOCAL_11_MATCHES_NOT_PRODUCTION_READY,True,False
CB,138918,Marwan Louadni,140881,Yassine Kordani,97.206133,11.093975,97.206133,3,medium_research_only,SAME_ROLE_ONLY;RESEARCH_ONLY;SAMPLE_TOO_SMALL_LOCAL_11_MATCHES_NOT_PRODUCTION_READY,True,False
CB,138918,Marwan Louadni,143160,Anouar Tarkhatt,98.039995,12.989264,98.039995,3,medium_research_only,SAME_ROLE_ONLY;RESEARCH_ONLY;SAMPLE_TOO_SMALL_LOCAL_11_MATCHES_NOT_PRODUCTION_READY,True,False
CB,138918,Marwan Louadni,157113,Badr Gaddarine,95.937382,15.716204,95.937382,3,medium_research_only,SAME_ROLE_ONLY;RESEARCH_ONLY;SAMPLE_TOO_SMALL_LOCAL_11_MATCHES_NOT_PRODUCTION_READY,True,False
CB,138918,Marwan Louadni,202502,Soulaimane El Amrani,96.224554,17.950232,96.224554,3,medium_research_only,SAME_ROLE_ONLY;RESEARCH_ONLY;SAMPLE_TOO_SMALL_LOCAL_11_MATCHES_NOT_PRODUCTION_READY,True,False
CB,138918,Marwan Louadni,313280,André Yassine Madeira El Khalej,92.169061,18.636848,92.169061,3,medium_research_only,SAME_ROLE_ONLY;RESEARCH_ONLY;SAMPLE_TOO_SMALL_LOCAL_11_MATCHES_NOT_PRODUCTION_READY,True,False
CB,138918,Marwan Louadni,313283,Tahar Ahmed Madeira El Khalej,98.492275,8.217327,98.492275,3,medium_research_only,SAME_ROLE_ONLY;RESEARCH_ONLY;SAMPLE_TOO_SMALL_LOCAL_11_MATCHES_NOT_PRODUCTION_READY,True,False
CB,138918,Marwan Louadni,314452,Zouhair Marour,99.801011,3.515244,99.801011,3,medium_research_only,SAME_ROLE_ONLY;RESEARCH_ONLY;SAMPLE_TOO_SMALL_LOCAL_11_MATCHES_NOT_PRODUCTION_READY,True,False
CB,138918,Marwan Louadni,314465,Yassine Amhih,94.679724,16.361887,94.679724,3,medium_research_only,SAME_ROLE_ONLY;RESEARCH_ONLY;SAMPLE_TOO_SMALL_LOCAL_11_MATCHES_NOT_PRODUCTION_READY,True,False
CB,138918,Marwan Louadni,314466,Mohamed Saoud,97.182122,11.222483,97.182122,3,medium_research_only,SAME_ROLE_ONLY;RESEARCH_ONLY;SAMPLE_TOO_SMALL_LOCAL_11_MATCHES_NOT_PRODUCTION_READY,True,False
CB,138918,Marwan Louadni,332384,Ismail Al Alami,94.955517,14.79318,94.955517,3,medium_research_only,SAME_ROLE_ONLY;RESEARCH_ONLY;SAMPLE_TOO_SMALL_LOCAL_11_MATCHES_NOT_PRODUCTION_READY,True,False
CB,138918,Marwan Louadni,338916,Johnstone Omurwa,97.223113,12.106371,97.223113,3,medium_research_only,SAME_ROLE_ONLY;RESEARCH_ONLY;SAMPLE_TOO_SMALL_LOCAL_11_MATCHES_NOT_PRODUCTION_READY,True,False
CB,138918,Marwan Louadni,363239,Bilal Soufi,93.057491,17.315749,93.057491,3,medium_research_only,SAME_ROLE_ONLY;RESEARCH_ONLY;SAMPLE_TOO_SMALL_LOCAL_11_MATCHES_NOT_PRODUCTION_READY,True,False
CB,138918,Marwan Louadni,407555,James Monday Ajako,89.10062,21.457443,89.10062,3,medium_research_only,SAME_ROLE_ONLY;RESEARCH_ONLY;SAMPLE_TOO_SMALL_LOCAL_11_MATCHES_NOT_PRODUCTION_READY,True,False
CB,138918,Marwan Louadni,409303,Faraji Karmoune,99.290508,6.064411,99.290508,3,medium_research_only,SAME_ROLE_ONLY;RESEARCH_ONLY;SAMPLE_TOO_SMALL_LOCAL_11_MATCHES_NOT_PRODUCTION_READY,True,False
CB,138918,Marwan Louadni,419744,Driss El Jabali,99.579842,9.566541,99.579842,3,medium_research_only,SAME_ROLE_ONLY;RESEARCH_ONLY;SAMPLE_TOO_SMALL_LOCAL_11_MATCHES_NOT_PRODUCTION_READY,True,False
CB,138918,Marwan Louadni,422075,Zakary Lamgahez,98.258217,16.369914,98.258217,3,medium_research_only,SAME_ROLE_ONLY;RESEARCH_ONLY;SAMPLE_TOO_SMALL_LOCAL_11_MATCHES_NOT_PRODUCTION_READY,True,False
CB,138918,Marwan Louadni,442093,Yassine Fatine,97.519122,11.521618,97.519122,3,medium_research_only,SAME_ROLE_ONLY;RESEARCH_ONLY;SAMPLE_TOO_SMALL_LOCAL_11_MATCHES_NOT_PRODUCTION_READY,True,False
CB,138918,Marwan Louadni,477678,Cheick Keita,98.557355,9.96223,98.557355,3,medium_research_only,SAME_ROLE_ONLY;RESEARCH_ONLY;SAMPLE_TOO_SMALL_LOCAL_11_MATCHES_NOT_PRODUCTION_READY,True,False
CB,138918,Marwan Louadni,522354,Akram El Hamdaoui,86.534423,26.498761,86.534423,3,medium_research_only,SAME_ROLE_ONLY;RESEARCH_ONLY;SAMPLE_TOO_SMALL_LOCAL_11_MATCHES_NOT_PRODUCTION_READY,True,False
CB,138918,Marwan Louadni,522357,Mohamed Adam Benhita,97.90363,10.841907,97.90363,3,medium_research_only,SAME_ROLE_ONLY;RESEARCH_ONLY;SAMPLE_TOO_SMALL_LOCAL_11_MATCHES_NOT_PRODUCTION_READY,True,False
CB,138918,Marwan Louadni,523290,Achraf Zine,98.267422,11.056408,98.267422,3,medium_research_only,SAME_ROLE_ONLY;RESEARCH_ONLY;SAMPLE_TOO_SMALL_LOCAL_11_MATCHES_NOT_PRODUCTION_READY,True,False
CB,138918,Marwan Louadni,523317,Ismail Soubai,97.004256,15.049521,97.004256,3,medium_research_only,SAME_ROLE_ONLY;RESEARCH_ONLY;SAMPLE_TOO_SMALL_LOCAL_11_MATCHES_NOT_PRODUCTION_READY,True,False
CB,138918,Marwan Louadni,524512,Reda Ait Boughima,92.740156,64.987809,92.740156,3,medium_research_only,SAME_ROLE_ONLY;RESEARCH_ONLY;SAMPLE_TOO_SMALL_LOCAL_11_MATCHES_NOT_PRODUCTION_READY,True,False
CB,138957,Youssef Limouri,138958,Mouad Bahsain,95.858874,14.824808,95.858874,3,medium_research_only,SAME_ROLE_ONLY;RESEARCH_ONLY;SAMPLE_TOO_SMALL_LOCAL_11_MATCHES_NOT_PRODUCTION_READY,True,False
CB,138957,Youssef Limouri,138998,Abdellah Khafifi,99.927051,2.165664,99.927051,3,medium_research_only,SAME_ROLE_ONLY;RESEARCH_ONLY;SAMPLE_TOO_SMALL_LOCAL_11_MATCHES_NOT_PRODUCTION_READY,True,False
CB,138957,Youssef Limouri,139023,Amine Aboulfath,99.195534,5.712443,99.195534,3,medium_research_only,SAME_ROLE_ONLY;RESEARCH_ONLY;SAMPLE_TOO_SMALL_LOCAL_11_MATCHES_NOT_PRODUCTION_READY,True,False
CB,138957,Youssef Limouri,139556,Bilal El Ouadghiri,98.905484,7.445018,98.905484,3,medium_research_only,SAME_ROLE_ONLY;RESEARCH_ONLY;SAMPLE_TOO_SMALL_LOCAL_11_MATCHES_NOT_PRODUCTION_READY,True,False
CB,138957,Youssef Limouri,140881,Yassine Kordani,99.886163,2.743576,99.886163,3,medium_research_only,SAME_ROLE_ONLY;RESEARCH_ONLY;SAMPLE_TOO_SMALL_LOCAL_11_MATCHES_NOT_PRODUCTION_READY,True,False
CB,138957,Youssef Limouri,143160,Anouar Tarkhatt,97.296787,12.647992,97.296787,3,medium_research_only,SAME_ROLE_ONLY;RESEARCH_ONLY;SAMPLE_TOO_SMALL_LOCAL_11_MATCHES_NOT_PRODUCTION_READY,True,False
CB,138957,Youssef Limouri,157113,Badr Gaddarine,99.044803,10.040035,99.044803,3,medium_research_only,SAME_ROLE_ONLY;RESEARCH_ONLY;SAMPLE_TOO_SMALL_LOCAL_11_MATCHES_NOT_PRODUCTION_READY,True,False
CB,138957,Youssef Limouri,202502,Soulaimane El Amrani,85.133585,23.133298,85.133585,3,medium_research_only,SAME_ROLE_ONLY;RESEARCH_ONLY;SAMPLE_TOO_SMALL_LOCAL_11_MATCHES_NOT_PRODUCTION_READY,True,False
CB,138957,Youssef Limouri,313280,André Yassine Madeira El Khalej,99.135922,10.146127,99.135922,3,medium_research_only,SAME_ROLE_ONLY;RESEARCH_ONLY;SAMPLE_TOO_SMALL_LOCAL_11_MATCHES_NOT_PRODUCTION_READY,True,False
CB,138957,Youssef Limouri,313283,Tahar Ahmed Madeira El Khalej,98.288827,8.302263,98.288827,3,medium_research_only,SAME_ROLE_ONLY;RESEARCH_ONLY;SAMPLE_TOO_SMALL_LOCAL_11_MATCHES_NOT_PRODUCTION_READY,True,False
CB,138957,Youssef Limouri,314452,Zouhair Marour,95.476059,13.490737,95.476059,3,medium_research_only,SAME_ROLE_ONLY;RESEARCH_ONLY;SAMPLE_TOO_SMALL_LOCAL_11_MATCHES_NOT_PRODUCTION_READY,True,False
CB,138957,Youssef Limouri,314465,Yassine Amhih,98.258605,11.259812,98.258605,3,medium_research_only,SAME_ROLE_ONLY;RESEARCH_ONLY;SAMPLE_TOO_SMALL_LOCAL_11_MATCHES_NOT_PRODUCTION_READY,True,False
CB,138957,Youssef Limouri,314466,Mohamed Saoud,99.490632,4.983002,99.490632,3,medium_research_only,SAME_ROLE_ONLY;RESEARCH_ONLY;SAMPLE_TOO_SMALL_LOCAL_11_MATCHES_NOT_PRODUCTION_READY,True,False
CB,138957,Youssef Limouri,332384,Ismail Al Alami,95.00293,14.361862,95.00293,3,medium_research_only,SAME_ROLE_ONLY;RESEARCH_ONLY;SAMPLE_TOO_SMALL_LOCAL_11_MATCHES_NOT_PRODUCTION_READY,True,False
CB,138957,Youssef Limouri,338916,Johnstone Omurwa,96.667706,11.962516,96.667706,3,medium_research_only,SAME_ROLE_ONLY;RESEARCH_ONLY;SAMPLE_TOO_SMALL_LOCAL_11_MATCHES_NOT_PRODUCTION_READY,True,False
CB,138957,Youssef Limouri,363239,Bilal Soufi,99.463723,7.780779,99.463723,3,medium_research_only,SAME_ROLE_ONLY;RESEARCH_ONLY;SAMPLE_TOO_SMALL_LOCAL_11_MATCHES_NOT_PRODUCTION_READY,True,False
CB,138957,Youssef Limouri,407555,James Monday Ajako,98.19043,8.53645,98.19043,3,medium_research_only,SAME_ROLE_ONLY;RESEARCH_ONLY;SAMPLE_TOO_SMALL_LOCAL_11_MATCHES_NOT_PRODUCTION_READY,True,False
CB,138957,Youssef Limouri,409303,Faraji Karmoune,98.365089,8.112823,98.365089,3,medium_research_only,SAME_ROLE_ONLY;RESEARCH_ONLY;SAMPLE_TOO_SMALL_LOCAL_11_MATCHES_NOT_PRODUCTION_READY,True,False
CB,138957,Youssef Limouri,419744,Driss El Jabali,97.898674,10.973493,97.898674,3,medium_research_only,SAME_ROLE_ONLY;RESEARCH_ONLY;SAMPLE_TOO_SMALL_LOCAL_11_MATCHES_NOT_PRODUCTION_READY,True,False
CB,138957,Youssef Limouri,422075,Zakary Lamgahez,89.360093,20.839636,89.360093,3,medium_research_only,SAME_ROLE_ONLY;RESEARCH_ONLY;SAMPLE_TOO_SMALL_LOCAL_11_MATCHES_NOT_PRODUCTION_READY,True,False
CB,138957,Youssef Limouri,442093,Yassine Fatine,99.769253,5.786217,99.769253,3,medium_research_only,SAME_ROLE_ONLY;RESEARCH_ONLY;SAMPLE_TOO_SMALL_LOCAL_11_MATCHES_NOT_PRODUCTION_READY,True,False
CB,138957,Youssef Limouri,477678,Cheick Keita,96.06873,12.77845,96.06873,3,medium_research_only,SAME_ROLE_ONLY;RESEARCH_ONLY;SAMPLE_TOO_SMALL_LOCAL_11_MATCHES_NOT_PRODUCTION_READY,True,False
CB,138957,Youssef Limouri,522354,Akram El Hamdaoui,96.491309,14.326148,96.491309,3,medium_research_only,SAME_ROLE_ONLY;RESEARCH_ONLY;SAMPLE_TOO_SMALL_LOCAL_11_MATCHES_NOT_PRODUCTION_READY,True,False
CB,138957,Youssef Limouri,522357,Mohamed Adam Benhita,99.446744,6.671598,99.446744,3,medium_research_only,SAME_ROLE_ONLY;RESEARCH_ONLY;SAMPLE_TOO_SMALL_LOCAL_11_MATCHES_NOT_PRODUCTION_READY,True,False
CB,138957,Youssef Limouri,523290,Achraf Zine,99.378106,7.915332,99.378106,3,medium_research_only,SAME_ROLE_ONLY;RESEARCH_ONLY;SAMPLE_TOO_SMALL_LOCAL_11_MATCHES_NOT_PRODUCTION_READY,True,False
CB,138957,Youssef Limouri,523317,Ismail Soubai,97.338938,13.469213,97.338938,3,medium_research_only,SAME_ROLE_ONLY;RESEARCH_ONLY;SAMPLE_TOO_SMALL_LOCAL_11_MATCHES_NOT_PRODUCTION_READY,True,False
CB,138957,Youssef Limouri,524512,Reda Ait Boughima,97.830182,61.324008,97.830182,3,medium_research_only,SAME_ROLE_ONLY;RESEARCH_ONLY;SAMPLE_TOO_SMALL_LOCAL_11_MATCHES_NOT_PRODUCTION_READY,True,False
CB,138958,Mouad Bahsain,138998,Abdellah Khafifi,96.621421,15.15545,96.621421,3,medium_research_only,SAME_ROLE_ONLY;RESEARCH_ONLY;SAMPLE_TOO_SMALL_LOCAL_11_MATCHES_NOT_PRODUCTION_READY,True,False
CB,138958,Mouad Bahsain,139023,Amine Aboulfath,98.315525,11.74564,98.315525,3,medium_research_only,SAME_ROLE_ONLY;RESEARCH_ONLY;SAMPLE_TOO_SMALL_LOCAL_11_MATCHES_NOT_PRODUCTION_READY,True,False
CB,138958,Mouad Bahsain,139556,Bilal El Ouadghiri,93.732411,13.800154,93.732411,3,medium_research_only,SAME_ROLE_ONLY;RESEARCH_ONLY;SAMPLE_TOO_SMALL_LOCAL_11_MATCHES_NOT_PRODUCTION_READY,True,False
CB,138958,Mouad Bahsain,140881,Yassine Kordani,97.030479,12.229625,97.030479,3,medium_research_only,SAME_ROLE_ONLY;RESEARCH_ONLY;SAMPLE_TOO_SMALL_LOCAL_11_MATCHES_NOT_PRODUCTION_READY,True,False
CB,138958,Mouad Bahsain,143160,Anouar Tarkhatt,96.700081,8.219319,96.700081,3,medium_research_only,SAME_ROLE_ONLY;RESEARCH_ONLY;SAMPLE_TOO_SMALL_LOCAL_11_MATCHES_NOT_PRODUCTION_READY,True,False
CB,138958,Mouad Bahsain,157113,Badr Gaddarine,96.744675,20.43088,96.744675,3,medium_research_only,SAME_ROLE_ONLY;RESEARCH_ONLY;SAMPLE_TOO_SMALL_LOCAL_11_MATCHES_NOT_PRODUCTION_READY,True,False
CB,138958,Mouad Bahsain,202502,Soulaimane El Amrani,95.594215,9.05991,95.594215,3,medium_research_only,SAME_ROLE_ONLY;RESEARCH_ONLY;SAMPLE_TOO_SMALL_LOCAL_11_MATCHES_NOT_PRODUCTION_READY,True,False
CB,138958,Mouad Bahsain,313280,André Yassine Madeira El Khalej,91.579149,13.103687,91.579149,3,medium_research_only,SAME_ROLE_ONLY;RESEARCH_ONLY;SAMPLE_TOO_SMALL_LOCAL_11_MATCHES_NOT_PRODUCTION_READY,True,False
CB,138958,Mouad Bahsain,313283,Tahar Ahmed Madeira El Khalej,97.518823,12.6092,97.518823,3,medium_research_only,SAME_ROLE_ONLY;RESEARCH_ONLY;SAMPLE_TOO_SMALL_LOCAL_11_MATCHES_NOT_PRODUCTION_READY,True,False
CB,138958,Mouad Bahsain,314452,Zouhair Marour,99.108061,10.860861,99.108061,3,medium_research_only,SAME_ROLE_ONLY;RESEARCH_ONLY;SAMPLE_TOO_SMALL_LOCAL_11_MATCHES_NOT_PRODUCTION_READY,True,False
CB,138958,Mouad Bahsain,314465,Yassine Amhih,93.24058,11.810812,93.24058,3,medium_research_only,SAME_ROLE_ONLY;RESEARCH_ONLY;SAMPLE_TOO_SMALL_LOCAL_11_MATCHES_NOT_PRODUCTION_READY,True,False
CB,138958,Mouad Bahsain,314466,Mohamed Saoud,97.596615,11.132061,97.596615,3,medium_research_only,SAME_ROLE_ONLY;RESEARCH_ONLY;SAMPLE_TOO_SMALL_LOCAL_11_MATCHES_NOT_PRODUCTION_READY,True,False
CB,138958,Mouad Bahsain,332384,Ismail Al Alami,96.759081,14.207491,96.759081,3,medium_research_only,SAME_ROLE_ONLY;RESEARCH_ONLY;SAMPLE_TOO_SMALL_LOCAL_11_MATCHES_NOT_PRODUCTION_READY,True,False
CB,138958,Mouad Bahsain,338916,Johnstone Omurwa,95.604258,11.107247,95.604258,3,medium_research_only,SAME_ROLE_ONLY;RESEARCH_ONLY;SAMPLE_TOO_SMALL_LOCAL_11_MATCHES_NOT_PRODUCTION_READY,True,False
CB,138958,Mouad Bahsain,363239,Bilal Soufi,92.585217,13.310303,92.585217,3,medium_research_only,SAME_ROLE_ONLY;RESEARCH_ONLY;SAMPLE_TOO_SMALL_LOCAL_11_MATCHES_NOT_PRODUCTION_READY,True,False
CB,138958,Mouad Bahsain,407555,James Monday Ajako,89.006361,19.768254,89.006361,3,medium_research_only,SAME_ROLE_ONLY;RESEARCH_ONLY;SAMPLE_TOO_SMALL_LOCAL_11_MATCHES_NOT_PRODUCTION_READY,True,False
CB,138958,Mouad Bahsain,409303,Faraji Karmoune,99.412405,9.734583,99.412405,3,medium_research_only,SAME_ROLE_ONLY;RESEARCH_ONLY;SAMPLE_TOO_SMALL_LOCAL_11_MATCHES_NOT_PRODUCTION_READY,True,False
CB,138958,Mouad Bahsain,419744,Driss El Jabali,99.636625,3.994141,99.636625,3,medium_research_only,SAME_ROLE_ONLY;RESEARCH_ONLY;SAMPLE_TOO_SMALL_LOCAL_11_MATCHES_NOT_PRODUCTION_READY,True,False
CB,138958,Mouad Bahsain,422075,Zakary Lamgahez,97.687052,6.934727,97.687052,3,medium_research_only,SAME_ROLE_ONLY;RESEARCH_ONLY;SAMPLE_TOO_SMALL_LOCAL_11_MATCHES_NOT_PRODUCTION_READY,True,False
CB,138958,Mouad Bahsain,442093,Yassine Fatine,97.175686,17.745057,97.175686,3,medium_research_only,SAME_ROLE_ONLY;RESEARCH_ONLY;SAMPLE_TOO_SMALL_LOCAL_11_MATCHES_NOT_PRODUCTION_READY,True,False
CB,138958,Mouad Bahsain,477678,Cheick Keita,97.192783,9.326485,97.192783,3,medium_research_only,SAME_ROLE_ONLY;RESEARCH_ONLY;SAMPLE_TOO_SMALL_LOCAL_11_MATCHES_NOT_PRODUCTION_READY,True,False
CB,138958,Mouad Bahsain,522354,Akram El Hamdaoui,87.44872,25.978242,87.44872,3,medium_research_only,SAME_ROLE_ONLY;RESEARCH_ONLY;SAMPLE_TOO_SMALL_LOCAL_11_MATCHES_NOT_PRODUCTION_READY,True,False
CB,138958,Mouad Bahsain,522357,Mohamed Adam Benhita,97.320663,9.465418,97.320663,3,medium_research_only,SAME_ROLE_ONLY;RESEARCH_ONLY;SAMPLE_TOO_SMALL_LOCAL_11_MATCHES_NOT_PRODUCTION_READY,True,False
CB,138958,Mouad Bahsain,523290,Achraf Zine,98.390672,7.03182,98.390672,3,medium_research_only,SAME_ROLE_ONLY;RESEARCH_ONLY;SAMPLE_TOO_SMALL_LOCAL_11_MATCHES_NOT_PRODUCTION_READY,True,False
CB,138958,Mouad Bahsain,523317,Ismail Soubai,98.168128,5.863769,98.168128,3,medium_research_only,SAME_ROLE_ONLY;RESEARCH_ONLY;SAMPLE_TOO_SMALL_LOCAL_11_MATCHES_NOT_PRODUCTION_READY,True,False
CB,138958,Mouad Bahsain,524512,Reda Ait Boughima,94.05815,72.769116,94.05815,3,medium_research_only,SAME_ROLE_ONLY;RESEARCH_ONLY;SAMPLE_TOO_SMALL_LOCAL_11_MATCHES_NOT_PRODUCTION_READY,True,False
CB,138998,Abdellah Khafifi,139023,Amine Aboulfath,99.321968,5.642138,99.321968,3,medium_research_only,SAME_ROLE_ONLY;RESEARCH_ONLY;SAMPLE_TOO_SMALL_LOCAL_11_MATCHES_NOT_PRODUCTION_READY,True,False
CB,138998,Abdellah Khafifi,139556,Bilal El Ouadghiri,98.3724,9.409814,98.3724,3,medium_research_only,SAME_ROLE_ONLY;RESEARCH_ONLY;SAMPLE_TOO_SMALL_LOCAL_11_MATCHES_NOT_PRODUCTION_READY,True,False
CB,138998,Abdellah Khafifi,140881,Yassine Kordani,99.983031,3.141273,99.983031,3,medium_research_only,SAME_ROLE_ONLY;RESEARCH_ONLY;SAMPLE_TOO_SMALL_LOCAL_11_MATCHES_NOT_PRODUCTION_READY,True,False
CB,138998,Abdellah Khafifi,143160,Anouar Tarkhatt,98.053172,12.814536,98.053172,3,medium_research_only,SAME_ROLE_ONLY;RESEARCH_ONLY;SAMPLE_TOO_SMALL_LOCAL_11_MATCHES_NOT_PRODUCTION_READY,True,False
CB,138998,Abdellah Khafifi,157113,Badr Gaddarine,98.859377,9.778106,98.859377,3,medium_research_only,SAME_ROLE_ONLY;RESEARCH_ONLY;SAMPLE_TOO_SMALL_LOCAL_11_MATCHES_NOT_PRODUCTION_READY,True,False
CB,138998,Abdellah Khafifi,202502,Soulaimane El Amrani,86.88579,23.293178,86.88579,3,medium_research_only,SAME_ROLE_ONLY;RESEARCH_ONLY;SAMPLE_TOO_SMALL_LOCAL_11_MATCHES_NOT_PRODUCTION_READY,True,False
CB,138998,Abdellah Khafifi,313280,André Yassine Madeira El Khalej,98.803512,11.745897,98.803512,3,medium_research_only,SAME_ROLE_ONLY;RESEARCH_ONLY;SAMPLE_TOO_SMALL_LOCAL_11_MATCHES_NOT_PRODUCTION_READY,True,False
CB,138998,Abdellah Khafifi,313283,Tahar Ahmed Madeira El Khalej,98.903957,7.022432,98.903957,3,medium_research_only,SAME_ROLE_ONLY;RESEARCH_ONLY;SAMPLE_TOO_SMALL_LOCAL_11_MATCHES_NOT_PRODUCTION_READY,True,False
CB,138998,Abdellah Khafifi,314452,Zouhair Marour,96.503812,12.217164,96.503812,3,medium_research_only,SAME_ROLE_ONLY;RESEARCH_ONLY;SAMPLE_TOO_SMALL_LOCAL_11_MATCHES_NOT_PRODUCTION_READY,True,False
CB,138998,Abdellah Khafifi,314465,Yassine Amhih,98.522652,12.002801,98.522652,3,medium_research_only,SAME_ROLE_ONLY;RESEARCH_ONLY;SAMPLE_TOO_SMALL_LOCAL_11_MATCHES_NOT_PRODUCTION_READY,True,False
CB,138998,Abdellah Khafifi,314466,Mohamed Saoud,99.494758,5.740989,99.494758,3,medium_research_only,SAME_ROLE_ONLY;RESEARCH_ONLY;SAMPLE_TOO_SMALL_LOCAL_11_MATCHES_NOT_PRODUCTION_READY,True,False
CB,138998,Abdellah Khafifi,332384,Ismail Al Alami,94.929189,14.778088,94.929189,3,medium_research_only,SAME_ROLE_ONLY;RESEARCH_ONLY;SAMPLE_TOO_SMALL_LOCAL_11_MATCHES_NOT_PRODUCTION_READY,True,False
CB,138998,Abdellah Khafifi,338916,Johnstone Omurwa,97.460226,11.62665,97.460226,3,medium_research_only,SAME_ROLE_ONLY;RESEARCH_ONLY;SAMPLE_TOO_SMALL_LOCAL_11_MATCHES_NOT_PRODUCTION_READY,True,False
CB,138998,Abdellah Khafifi,363239,Bilal Soufi,99.17473,9.441357,99.17473,3,medium_research_only,SAME_ROLE_ONLY;RESEARCH_ONLY;SAMPLE_TOO_SMALL_LOCAL_11_MATCHES_NOT_PRODUCTION_READY,True,False
CB,138998,Abdellah Khafifi,407555,James Monday Ajako,97.481186,10.416261,97.481186,3,medium_research_only,SAME_ROLE_ONLY;RESEARCH_ONLY;SAMPLE_TOO_SMALL_LOCAL_11_MATCHES_NOT_PRODUCTION_READY,True,False
CB,138998,Abdellah Khafifi,409303,Faraji Karmoune,98.818183,7.406917,98.818183,3,medium_research_only,SAME_ROLE_ONLY;RESEARCH_ONLY;SAMPLE_TOO_SMALL_LOCAL_11_MATCHES_NOT_PRODUCTION_READY,True,False
CB,138998,Abdellah Khafifi,419744,Driss El Jabali,98.454394,11.182256,98.454394,3,medium_research_only,SAME_ROLE_ONLY;RESEARCH_ONLY;SAMPLE_TOO_SMALL_LOCAL_11_MATCHES_NOT_PRODUCTION_READY,True,False
CB,138998,Abdellah Khafifi,422075,Zakary Lamgahez,90.866051,21.050537,90.866051,3,medium_research_only,SAME_ROLE_ONLY;RESEARCH_ONLY;SAMPLE_TOO_SMALL_LOCAL_11_MATCHES_NOT_PRODUCTION_READY,True,False
CB,138998,Abdellah Khafifi,442093,Yassine Fatine,99.955455,3.795545,99.955455,3,medium_research_only,SAME_ROLE_ONLY;RESEARCH_ONLY;SAMPLE_TOO_SMALL_LOCAL_11_MATCHES_NOT_PRODUCTION_READY,True,False
CB,138998,Abdellah Khafifi,477678,Cheick Keita,97.032298,12.25181,97.032298,3,medium_research_only,SAME_ROLE_ONLY;RESEARCH_ONLY;SAMPLE_TOO_SMALL_LOCAL_11_MATCHES_NOT_PRODUCTION_READY,True,False
CB,138998,Abdellah Khafifi,522354,Akram El Hamdaoui,95.434247,15.868781,95.434247,3,medium_research_only,SAME_ROLE_ONLY;RESEARCH_ONLY;SAMPLE_TOO_SMALL_LOCAL_11_MATCHES_NOT_PRODUCTION_READY,True,False
CB,138998,Abdellah Khafifi,522357,Mohamed Adam Benhita,99.770568,6.927889,99.770568,3,medium_research_only,SAME_ROLE_ONLY;RESEARCH_ONLY;SAMPLE_TOO_SMALL_LOCAL_11_MATCHES_NOT_PRODUCTION_READY,True,False
CB,138998,Abdellah Khafifi,523290,Achraf Zine,99.592565,8.614753,99.592565,3,medium_research_only,SAME_ROLE_ONLY;RESEARCH_ONLY;SAMPLE_TOO_SMALL_LOCAL_11_MATCHES_NOT_PRODUCTION_READY,True,False
CB,138998,Abdellah Khafifi,523317,Ismail Soubai,97.394231,14.509906,97.394231,3,medium_research_only,SAME_ROLE_ONLY;RESEARCH_ONLY;SAMPLE_TOO_SMALL_LOCAL_11_MATCHES_NOT_PRODUCTION_READY,True,False
CB,138998,Abdellah Khafifi,524512,Reda Ait Boughima,97.279395,60.741828,97.279395,3,medium_research_only,SAME_ROLE_ONLY;RESEARCH_ONLY;SAMPLE_TOO_SMALL_LOCAL_11_MATCHES_NOT_PRODUCTION_READY,True,False
CB,139023,Amine Aboulfath,139556,Bilal El Ouadghiri,98.456391,8.101057,98.456391,3,medium_research_only,SAME_ROLE_ONLY;RESEARCH_ONLY;SAMPLE_TOO_SMALL_LOCAL_11_MATCHES_NOT_PRODUCTION_READY,True,False
CB,139023,Amine Aboulfath,140881,Yassine Kordani,99.513662,4.437307,99.513662,3,medium_research_only,SAME_ROLE_ONLY;RESEARCH_ONLY;SAMPLE_TOO_SMALL_LOCAL_11_MATCHES_NOT_PRODUCTION_READY,True,False
CB,139023,Amine Aboulfath,143160,Anouar Tarkhatt,96.775237,12.744109,96.775237,3,medium_research_only,SAME_ROLE_ONLY;RESEARCH_ONLY;SAMPLE_TOO_SMALL_LOCAL_11_MATCHES_NOT_PRODUCTION_READY,True,False
CB,139023,Amine Aboulfath,157113,Badr Gaddarine,99.647498,8.936797,99.647498,3,medium_research_only,SAME_ROLE_ONLY;RESEARCH_ONLY;SAMPLE_TOO_SMALL_LOCAL_11_MATCHES_NOT_PRODUCTION_READY,True,False
CB,139023,Amine Aboulfath,202502,Soulaimane El Amrani,89.016262,20.553546,89.016262,3,medium_research_only,SAME_ROLE_ONLY;RESEARCH_ONLY;SAMPLE_TOO_SMALL_LOCAL_11_MATCHES_NOT_PRODUCTION_READY,True,False
CB,139023,Amine Aboulfath,313280,André Yassine Madeira El Khalej,96.704769,12.7378,96.704769,3,medium_research_only,SAME_ROLE_ONLY;RESEARCH_ONLY;SAMPLE_TOO_SMALL_LOCAL_11_MATCHES_NOT_PRODUCTION_READY,True,False
CB,139023,Amine Aboulfath,313283,Tahar Ahmed Madeira El Khalej,98.013253,8.827786,98.013253,3,medium_research_only,SAME_ROLE_ONLY;RESEARCH_ONLY;SAMPLE_TOO_SMALL_LOCAL_11_MATCHES_NOT_PRODUCTION_READY,True,False
CB,139023,Amine Aboulfath,314452,Zouhair Marour,96.985199,10.893906,96.985199,3,medium_research_only,SAME_ROLE_ONLY;RESEARCH_ONLY;SAMPLE_TOO_SMALL_LOCAL_11_MATCHES_NOT_PRODUCTION_READY,True,False
CB,139023,Amine Aboulfath,314465,Yassine Amhih,96.06023,13.393202,96.06023,3,medium_research_only,SAME_ROLE_ONLY;RESEARCH_ONLY;SAMPLE_TOO_SMALL_LOCAL_11_MATCHES_NOT_PRODUCTION_READY,True,False
CB,139023,Amine Aboulfath,314466,Mohamed Saoud,99.934567,2.319841,99.934567,3,medium_research_only,SAME_ROLE_ONLY;RESEARCH_ONLY;SAMPLE_TOO_SMALL_LOCAL_11_MATCHES_NOT_PRODUCTION_READY,True,False
CB,139023,Amine Aboulfath,332384,Ismail Al Alami,97.816723,9.442705,97.816723,3,medium_research_only,SAME_ROLE_ONLY;RESEARCH_ONLY;SAMPLE_TOO_SMALL_LOCAL_11_MATCHES_NOT_PRODUCTION_READY,True,False
CB,139023,Amine Aboulfath,338916,Johnstone Omurwa,95.74256,12.84224,95.74256,3,medium_research_only,SAME_ROLE_ONLY;RESEARCH_ONLY;SAMPLE_TOO_SMALL_LOCAL_11_MATCHES_NOT_PRODUCTION_READY,True,False
CB,139023,Amine Aboulfath,363239,Bilal Soufi,97.379438,10.889915,97.379438,3,medium_research_only,SAME_ROLE_ONLY;RESEARCH_ONLY;SAMPLE_TOO_SMALL_LOCAL_11_MATCHES_NOT_PRODUCTION_READY,True,False
CB,139023,Amine Aboulfath,407555,James Monday Ajako,95.546649,13.217853,95.546649,3,medium_research_only,SAME_ROLE_ONLY;RESEARCH_ONLY;SAMPLE_TOO_SMALL_LOCAL_11_MATCHES_NOT_PRODUCTION_READY,True,False
CB,139023,Amine Aboulfath,409303,Faraji Karmoune,99.62985,3.834024,99.62985,3,medium_research_only,SAME_ROLE_ONLY;RESEARCH_ONLY;SAMPLE_TOO_SMALL_LOCAL_11_MATCHES_NOT_PRODUCTION_READY,True,False
CB,139023,Amine Aboulfath,419744,Driss El Jabali,99.355756,8.075841,99.355756,3,medium_research_only,SAME_ROLE_ONLY;RESEARCH_ONLY;SAMPLE_TOO_SMALL_LOCAL_11_MATCHES_NOT_PRODUCTION_READY,True,False
CB,139023,Amine Aboulfath,422075,Zakary Lamgahez,92.580261,18.389795,92.580261,3,medium_research_only,SAME_ROLE_ONLY;RESEARCH_ONLY;SAMPLE_TOO_SMALL_LOCAL_11_MATCHES_NOT_PRODUCTION_READY,True,False
CB,139023,Amine Aboulfath,442093,Yassine Fatine,99.356292,7.663456,99.356292,3,medium_research_only,SAME_ROLE_ONLY;RESEARCH_ONLY;SAMPLE_TOO_SMALL_LOCAL_11_MATCHES_NOT_PRODUCTION_READY,True,False
CB,139023,Amine Aboulfath,477678,Cheick Keita,96.135325,12.322399,96.135325,3,medium_research_only,SAME_ROLE_ONLY;RESEARCH_ONLY;SAMPLE_TOO_SMALL_LOCAL_11_MATCHES_NOT_PRODUCTION_READY,True,False
CB,139023,Amine Aboulfath,522354,Akram El Hamdaoui,94.678209,17.202421,94.678209,3,medium_research_only,SAME_ROLE_ONLY;RESEARCH_ONLY;SAMPLE_TOO_SMALL_LOCAL_11_MATCHES_NOT_PRODUCTION_READY,True,False
CB,139023,Amine Aboulfath,522357,Mohamed Adam Benhita,99.007528,7.275595,99.007528,3,medium_research_only,SAME_ROLE_ONLY;RESEARCH_ONLY;SAMPLE_TOO_SMALL_LOCAL_11_MATCHES_NOT_PRODUCTION_READY,True,False
CB,139023,Amine Aboulfath,523290,Achraf Zine,99.918035,6.094836,99.918035,3,medium_research_only,SAME_ROLE_ONLY;RESEARCH_ONLY;SAMPLE_TOO_SMALL_LOCAL_11_MATCHES_NOT_PRODUCTION_READY,True,False
CB,139023,Amine Aboulfath,523317,Ismail Soubai,99.340834,10.631099,99.340834,3,medium_research_only,SAME_ROLE_ONLY;RESEARCH_ONLY;SAMPLE_TOO_SMALL_LOCAL_11_MATCHES_NOT_PRODUCTION_READY,True,False
CB,139023,Amine Aboulfath,524512,Reda Ait Boughima,98.284607,61.476884,98.284607,3,medium_research_only,SAME_ROLE_ONLY;RESEARCH_ONLY;SAMPLE_TOO_SMALL_LOCAL_11_MATCHES_NOT_PRODUCTION_READY,True,False
CB,139556,Bilal El Ouadghiri,140881,Yassine Kordani,98.402038,7.685369,98.402038,3,medium_research_only,SAME_ROLE_ONLY;RESEARCH_ONLY;SAMPLE_TOO_SMALL_LOCAL_11_MATCHES_NOT_PRODUCTION_READY,True,False
CB,139556,Bilal El Ouadghiri,143160,Anouar Tarkhatt,93.0049,14.280846,93.0049,3,medium_research_only,SAME_ROLE_ONLY;RESEARCH_ONLY;SAMPLE_TOO_SMALL_LOCAL_11_MATCHES_NOT_PRODUCTION_READY,True,False
CB,139556,Bilal El Ouadghiri,157113,Badr Gaddarine,99.457527,12.321091,99.457527,3,medium_research_only,SAME_ROLE_ONLY;RESEARCH_ONLY;SAMPLE_TOO_SMALL_LOCAL_11_MATCHES_NOT_PRODUCTION_READY,True,False
CB,139556,Bilal El Ouadghiri,202502,Soulaimane El Amrani,80.105676,22.339447,80.105676,3,medium_research_only,SAME_ROLE_ONLY;RESEARCH_ONLY;SAMPLE_TOO_SMALL_LOCAL_11_MATCHES_NOT_PRODUCTION_READY,True,False
CB,139556,Bilal El Ouadghiri,313280,André Yassine Madeira El Khalej,97.949933,8.696502,97.949933,3,medium_research_only,SAME_ROLE_ONLY;RESEARCH_ONLY;SAMPLE_TOO_SMALL_LOCAL_11_MATCHES_NOT_PRODUCTION_READY,True,False
CB,139556,Bilal El Ouadghiri,313283,Tahar Ahmed Madeira El Khalej,94.746995,13.965467,94.746995,3,medium_research_only,SAME_ROLE_ONLY;RESEARCH_ONLY;SAMPLE_TOO_SMALL_LOCAL_11_MATCHES_NOT_PRODUCTION_READY,True,False
CB,139556,Bilal El Ouadghiri,314452,Zouhair Marour,91.563816,17.55311,91.563816,3,medium_research_only,SAME_ROLE_ONLY;RESEARCH_ONLY;SAMPLE_TOO_SMALL_LOCAL_11_MATCHES_NOT_PRODUCTION_READY,True,False
CB,139556,Bilal El Ouadghiri,314465,Yassine Amhih,94.777067,12.539819,94.777067,3,medium_research_only,SAME_ROLE_ONLY;RESEARCH_ONLY;SAMPLE_TOO_SMALL_LOCAL_11_MATCHES_NOT_PRODUCTION_READY,True,False
CB,139556,Bilal El Ouadghiri,314466,Mohamed Saoud,98.992668,6.014058,98.992668,3,medium_research_only,SAME_ROLE_ONLY;RESEARCH_ONLY;SAMPLE_TOO_SMALL_LOCAL_11_MATCHES_NOT_PRODUCTION_READY,True,False
CB,139556,Bilal El Ouadghiri,332384,Ismail Al Alami,96.62642,11.85145,96.62642,3,medium_research_only,SAME_ROLE_ONLY;RESEARCH_ONLY;SAMPLE_TOO_SMALL_LOCAL_11_MATCHES_NOT_PRODUCTION_READY,True,False
CB,139556,Bilal El Ouadghiri,338916,Johnstone Omurwa,91.942082,15.499822,91.942082,3,medium_research_only,SAME_ROLE_ONLY;RESEARCH_ONLY;SAMPLE_TOO_SMALL_LOCAL_11_MATCHES_NOT_PRODUCTION_READY,True,False
CB,139556,Bilal El Ouadghiri,363239,Bilal Soufi,98.34441,7.303069,98.34441,3,medium_research_only,SAME_ROLE_ONLY;RESEARCH_ONLY;SAMPLE_TOO_SMALL_LOCAL_11_MATCHES_NOT_PRODUCTION_READY,True,False
CB,139556,Bilal El Ouadghiri,407555,James Monday Ajako,98.431383,8.141377,98.431383,3,medium_research_only,SAME_ROLE_ONLY;RESEARCH_ONLY;SAMPLE_TOO_SMALL_LOCAL_11_MATCHES_NOT_PRODUCTION_READY,True,False
CB,139556,Bilal El Ouadghiri,409303,Faraji Karmoune,96.616666,11.093679,96.616666,3,medium_research_only,SAME_ROLE_ONLY;RESEARCH_ONLY;SAMPLE_TOO_SMALL_LOCAL_11_MATCHES_NOT_PRODUCTION_READY,True,False
CB,139556,Bilal El Ouadghiri,419744,Driss El Jabali,95.87124,11.15765,95.87124,3,medium_research_only,SAME_ROLE_ONLY;RESEARCH_ONLY;SAMPLE_TOO_SMALL_LOCAL_11_MATCHES_NOT_PRODUCTION_READY,True,False
CB,139556,Bilal El Ouadghiri,422075,Zakary Lamgahez,84.804866,20.073623,84.804866,3,medium_research_only,SAME_ROLE_ONLY;RESEARCH_ONLY;SAMPLE_TOO_SMALL_LOCAL_11_MATCHES_NOT_PRODUCTION_READY,True,False
CB,139556,Bilal El Ouadghiri,442093,Yassine Fatine,97.886255,12.813322,97.886255,3,medium_research_only,SAME_ROLE_ONLY;RESEARCH_ONLY;SAMPLE_TOO_SMALL_LOCAL_11_MATCHES_NOT_PRODUCTION_READY,True,False
CB,139556,Bilal El Ouadghiri,477678,Cheick Keita,91.363698,16.044216,91.363698,3,medium_research_only,SAME_ROLE_ONLY;RESEARCH_ONLY;SAMPLE_TOO_SMALL_LOCAL_11_MATCHES_NOT_PRODUCTION_READY,True,False
CB,139556,Bilal El Ouadghiri,522354,Akram El Hamdaoui,98.810208,12.243497,98.810208,3,medium_research_only,SAME_ROLE_ONLY;RESEARCH_ONLY;SAMPLE_TOO_SMALL_LOCAL_11_MATCHES_NOT_PRODUCTION_READY,True,False
CB,139556,Bilal El Ouadghiri,522357,Mohamed Adam Benhita,96.977842,9.585084,96.977842,3,medium_research_only,SAME_ROLE_ONLY;RESEARCH_ONLY;SAMPLE_TOO_SMALL_LOCAL_11_MATCHES_NOT_PRODUCTION_READY,True,False
CB,139556,Bilal El Ouadghiri,523290,Achraf Zine,98.077573,7.79422,98.077573,3,medium_research_only,SAME_ROLE_ONLY;RESEARCH_ONLY;SAMPLE_TOO_SMALL_LOCAL_11_MATCHES_NOT_PRODUCTION_READY,True,False
CB,139556,Bilal El Ouadghiri,523317,Ismail Soubai,97.797203,9.664041,97.797203,3,medium_research_only,SAME_ROLE_ONLY;RESEARCH_ONLY;SAMPLE_TOO_SMALL_LOCAL_11_MATCHES_NOT_PRODUCTION_READY,True,False
CB,139556,Bilal El Ouadghiri,524512,Reda Ait Boughima,99.67337,63.531116,99.67337,3,medium_research_only,SAME_ROLE_ONLY;RESEARCH_ONLY;SAMPLE_TOO_SMALL_LOCAL_11_MATCHES_NOT_PRODUCTION_READY,True,False
CB,140881,Yassine Kordani,143160,Anouar Tarkhatt,98.016826,10.34168,98.016826,3,medium_research_only,SAME_ROLE_ONLY;RESEARCH_ONLY;SAMPLE_TOO_SMALL_LOCAL_11_MATCHES_NOT_PRODUCTION_READY,True,False
CB,140881,Yassine Kordani,157113,Badr Gaddarine,99.033218,11.294582,99.033218,3,medium_research_only,SAME_ROLE_ONLY;RESEARCH_ONLY;SAMPLE_TOO_SMALL_LOCAL_11_MATCHES_NOT_PRODUCTION_READY,True,False
CB,140881,Yassine Kordani,202502,Soulaimane El Amrani,87.452383,20.479678,87.452383,3,medium_research_only,SAME_ROLE_ONLY;RESEARCH_ONLY;SAMPLE_TOO_SMALL_LOCAL_11_MATCHES_NOT_PRODUCTION_READY,True,False
CB,140881,Yassine Kordani,313280,André Yassine Madeira El Khalej,98.527249,9.516688,98.527249,3,medium_research_only,SAME_ROLE_ONLY;RESEARCH_ONLY;SAMPLE_TOO_SMALL_LOCAL_11_MATCHES_NOT_PRODUCTION_READY,True,False
CB,140881,Yassine Kordani,313283,Tahar Ahmed Madeira El Khalej,98.911896,6.507755,98.911896,3,medium_research_only,SAME_ROLE_ONLY;RESEARCH_ONLY;SAMPLE_TOO_SMALL_LOCAL_11_MATCHES_NOT_PRODUCTION_READY,True,False
CB,140881,Yassine Kordani,314452,Zouhair Marour,96.75897,11.154839,96.75897,3,medium_research_only,SAME_ROLE_ONLY;RESEARCH_ONLY;SAMPLE_TOO_SMALL_LOCAL_11_MATCHES_NOT_PRODUCTION_READY,True,False
CB,140881,Yassine Kordani,314465,Yassine Amhih,98.255709,9.823286,98.255709,3,medium_research_only,SAME_ROLE_ONLY;RESEARCH_ONLY;SAMPLE_TOO_SMALL_LOCAL_11_MATCHES_NOT_PRODUCTION_READY,True,False
CB,140881,Yassine Kordani,314466,Mohamed Saoud,99.637679,3.647089,99.637679,3,medium_research_only,SAME_ROLE_ONLY;RESEARCH_ONLY;SAMPLE_TOO_SMALL_LOCAL_11_MATCHES_NOT_PRODUCTION_READY,True,False
CB,140881,Yassine Kordani,332384,Ismail Al Alami,95.424753,13.513161,95.424753,3,medium_research_only,SAME_ROLE_ONLY;RESEARCH_ONLY;SAMPLE_TOO_SMALL_LOCAL_11_MATCHES_NOT_PRODUCTION_READY,True,False
CB,140881,Yassine Kordani,338916,Johnstone Omurwa,97.360742,9.916599,97.360742,3,medium_research_only,SAME_ROLE_ONLY;RESEARCH_ONLY;SAMPLE_TOO_SMALL_LOCAL_11_MATCHES_NOT_PRODUCTION_READY,True,False
CB,140881,Yassine Kordani,363239,Bilal Soufi,98.949365,7.432735,98.949365,3,medium_research_only,SAME_ROLE_ONLY;RESEARCH_ONLY;SAMPLE_TOO_SMALL_LOCAL_11_MATCHES_NOT_PRODUCTION_READY,True,False
CB,140881,Yassine Kordani,407555,James Monday Ajako,97.186863,10.372904,97.186863,3,medium_research_only,SAME_ROLE_ONLY;RESEARCH_ONLY;SAMPLE_TOO_SMALL_LOCAL_11_MATCHES_NOT_PRODUCTION_READY,True,False
CB,140881,Yassine Kordani,409303,Faraji Karmoune,99.064491,5.89893,99.064491,3,medium_research_only,SAME_ROLE_ONLY;RESEARCH_ONLY;SAMPLE_TOO_SMALL_LOCAL_11_MATCHES_NOT_PRODUCTION_READY,True,False
CB,140881,Yassine Kordani,419744,Driss El Jabali,98.724717,8.322364,98.724717,3,medium_research_only,SAME_ROLE_ONLY;RESEARCH_ONLY;SAMPLE_TOO_SMALL_LOCAL_11_MATCHES_NOT_PRODUCTION_READY,True,False
CB,140881,Yassine Kordani,422075,Zakary Lamgahez,91.349578,18.202575,91.349578,3,medium_research_only,SAME_ROLE_ONLY;RESEARCH_ONLY;SAMPLE_TOO_SMALL_LOCAL_11_MATCHES_NOT_PRODUCTION_READY,True,False
CB,140881,Yassine Kordani,442093,Yassine Fatine,99.962515,6.654477,99.962515,3,medium_research_only,SAME_ROLE_ONLY;RESEARCH_ONLY;SAMPLE_TOO_SMALL_LOCAL_11_MATCHES_NOT_PRODUCTION_READY,True,False
CB,140881,Yassine Kordani,477678,Cheick Keita,97.074053,10.365856,97.074053,3,medium_research_only,SAME_ROLE_ONLY;RESEARCH_ONLY;SAMPLE_TOO_SMALL_LOCAL_11_MATCHES_NOT_PRODUCTION_READY,True,False
CB,140881,Yassine Kordani,522354,Akram El Hamdaoui,95.276414,16.600387,95.276414,3,medium_research_only,SAME_ROLE_ONLY;RESEARCH_ONLY;SAMPLE_TOO_SMALL_LOCAL_11_MATCHES_NOT_PRODUCTION_READY,True,False
CB,140881,Yassine Kordani,522357,Mohamed Adam Benhita,99.767567,4.277233,99.767567,3,medium_research_only,SAME_ROLE_ONLY;RESEARCH_ONLY;SAMPLE_TOO_SMALL_LOCAL_11_MATCHES_NOT_PRODUCTION_READY,True,False
CB,140881,Yassine Kordani,523290,Achraf Zine,99.741167,5.518281,99.741167,3,medium_research_only,SAME_ROLE_ONLY;RESEARCH_ONLY;SAMPLE_TOO_SMALL_LOCAL_11_MATCHES_NOT_PRODUCTION_READY,True,False
CB,140881,Yassine Kordani,523317,Ismail Soubai,97.766038,11.51406,97.766038,3,medium_research_only,SAME_ROLE_ONLY;RESEARCH_ONLY;SAMPLE_TOO_SMALL_LOCAL_11_MATCHES_NOT_PRODUCTION_READY,True,False
CB,140881,Yassine Kordani,524512,Reda Ait Boughima,97.443971,63.260731,97.443971,3,medium_research_only,SAME_ROLE_ONLY;RESEARCH_ONLY;SAMPLE_TOO_SMALL_LOCAL_11_MATCHES_NOT_PRODUCTION_READY,True,False
CB,143160,Anouar Tarkhatt,157113,Badr Gaddarine,94.719383,21.317365,94.719383,3,medium_research_only,SAME_ROLE_ONLY;RESEARCH_ONLY;SAMPLE_TOO_SMALL_LOCAL_11_MATCHES_NOT_PRODUCTION_READY,True,False
CB,143160,Anouar Tarkhatt,202502,Soulaimane El Amrani,92.115988,12.445067,92.115988,3,medium_research_only,SAME_ROLE_ONLY;RESEARCH_ONLY;SAMPLE_TOO_SMALL_LOCAL_11_MATCHES_NOT_PRODUCTION_READY,True,False
CB,143160,Anouar Tarkhatt,313280,André Yassine Madeira El Khalej,95.85922,9.396003,95.85922,3,medium_research_only,SAME_ROLE_ONLY;RESEARCH_ONLY;SAMPLE_TOO_SMALL_LOCAL_11_MATCHES_NOT_PRODUCTION_READY,True,False
CB,143160,Anouar Tarkhatt,313283,Tahar Ahmed Madeira El Khalej,99.846114,8.566884,99.846114,3,medium_research_only,SAME_ROLE_ONLY;RESEARCH_ONLY;SAMPLE_TOO_SMALL_LOCAL_11_MATCHES_NOT_PRODUCTION_READY,True,False
CB,143160,Anouar Tarkhatt,314452,Zouhair Marour,98.710283,10.395585,98.710283,3,medium_research_only,SAME_ROLE_ONLY;RESEARCH_ONLY;SAMPLE_TOO_SMALL_LOCAL_11_MATCHES_NOT_PRODUCTION_READY,True,False
CB,143160,Anouar Tarkhatt,314465,Yassine Amhih,98.791823,5.099911,98.791823,3,medium_research_only,SAME_ROLE_ONLY;RESEARCH_ONLY;SAMPLE_TOO_SMALL_LOCAL_11_MATCHES_NOT_PRODUCTION_READY,True,False
CB,143160,Anouar Tarkhatt,314466,Mohamed Saoud,96.490874,11.805201,96.490874,3,medium_research_only,SAME_ROLE_ONLY;RESEARCH_ONLY;SAMPLE_TOO_SMALL_LOCAL_11_MATCHES_NOT_PRODUCTION_READY,True,False
CB,143160,Anouar Tarkhatt,332384,Ismail Al Alami,90.162566,19.440833,90.162566,3,medium_research_only,SAME_ROLE_ONLY;RESEARCH_ONLY;SAMPLE_TOO_SMALL_LOCAL_11_MATCHES_NOT_PRODUCTION_READY,True,False
CB,143160,Anouar Tarkhatt,338916,Johnstone Omurwa,99.911477,3.757911,99.911477,3,medium_research_only,SAME_ROLE_ONLY;RESEARCH_ONLY;SAMPLE_TOO_SMALL_LOCAL_11_MATCHES_NOT_PRODUCTION_READY,True,False
CB,143160,Anouar Tarkhatt,363239,Bilal Soufi,96.223188,9.696265,96.223188,3,medium_research_only,SAME_ROLE_ONLY;RESEARCH_ONLY;SAMPLE_TOO_SMALL_LOCAL_11_MATCHES_NOT_PRODUCTION_READY,True,False
CB,143160,Anouar Tarkhatt,407555,James Monday Ajako,92.633069,16.768256,92.633069,3,medium_research_only,SAME_ROLE_ONLY;RESEARCH_ONLY;SAMPLE_TOO_SMALL_LOCAL_11_MATCHES_NOT_PRODUCTION_READY,True,False
CB,143160,Anouar Tarkhatt,409303,Faraji Karmoune,97.829214,10.929029,97.829214,3,medium_research_only,SAME_ROLE_ONLY;RESEARCH_ONLY;SAMPLE_TOO_SMALL_LOCAL_11_MATCHES_NOT_PRODUCTION_READY,True,False
CB,143160,Anouar Tarkhatt,419744,Driss El Jabali,97.934408,7.02072,97.934408,3,medium_research_only,SAME_ROLE_ONLY;RESEARCH_ONLY;SAMPLE_TOO_SMALL_LOCAL_11_MATCHES_NOT_PRODUCTION_READY,True,False
CB,143160,Anouar Tarkhatt,422075,Zakary Lamgahez,94.933214,10.336048,94.933214,3,medium_research_only,SAME_ROLE_ONLY;RESEARCH_ONLY;SAMPLE_TOO_SMALL_LOCAL_11_MATCHES_NOT_PRODUCTION_READY,True,False
CB,143160,Anouar Tarkhatt,442093,Yassine Fatine,98.519868,15.444083,98.519868,3,medium_research_only,SAME_ROLE_ONLY;RESEARCH_ONLY;SAMPLE_TOO_SMALL_LOCAL_11_MATCHES_NOT_PRODUCTION_READY,True,False
CB,143160,Anouar Tarkhatt,477678,Cheick Keita,99.808728,4.087741,99.808728,3,medium_research_only,SAME_ROLE_ONLY;RESEARCH_ONLY;SAMPLE_TOO_SMALL_LOCAL_11_MATCHES_NOT_PRODUCTION_READY,True,False
CB,143160,Anouar Tarkhatt,522354,Akram El Hamdaoui,88.191146,25.175662,88.191146,3,medium_research_only,SAME_ROLE_ONLY;RESEARCH_ONLY;SAMPLE_TOO_SMALL_LOCAL_11_MATCHES_NOT_PRODUCTION_READY,True,False
CB,143160,Anouar Tarkhatt,522357,Mohamed Adam Benhita,99.136263,6.065829,99.136263,3,medium_research_only,SAME_ROLE_ONLY;RESEARCH_ONLY;SAMPLE_TOO_SMALL_LOCAL_11_MATCHES_NOT_PRODUCTION_READY,True,False
CB,143160,Anouar Tarkhatt,523290,Achraf Zine,97.701746,7.736607,97.701746,3,medium_research_only,SAME_ROLE_ONLY;RESEARCH_ONLY;SAMPLE_TOO_SMALL_LOCAL_11_MATCHES_NOT_PRODUCTION_READY,True,False
CB,143160,Anouar Tarkhatt,523317,Ismail Soubai,93.75717,11.220341,93.75717,3,medium_research_only,SAME_ROLE_ONLY;RESEARCH_ONLY;SAMPLE_TOO_SMALL_LOCAL_11_MATCHES_NOT_PRODUCTION_READY,True,False
CB,143160,Anouar Tarkhatt,524512,Reda Ait Boughima,91.27147,73.368526,91.27147,3,medium_research_only,SAME_ROLE_ONLY;RESEARCH_ONLY;SAMPLE_TOO_SMALL_LOCAL_11_MATCHES_NOT_PRODUCTION_READY,True,False
CB,157113,Badr Gaddarine,202502,Soulaimane El Amrani,85.38106,29.316553,85.38106,3,medium_research_only,SAME_ROLE_ONLY;RESEARCH_ONLY;SAMPLE_TOO_SMALL_LOCAL_11_MATCHES_NOT_PRODUCTION_READY,True,False
CB,157113,Badr Gaddarine,313280,André Yassine Madeira El Khalej,96.901353,19.256599,96.901353,3,medium_research_only,SAME_ROLE_ONLY;RESEARCH_ONLY;SAMPLE_TOO_SMALL_LOCAL_11_MATCHES_NOT_PRODUCTION_READY,True,False
CB,157113,Badr Gaddarine,313283,Tahar Ahmed Madeira El Khalej,96.328672,15.600703,96.328672,3,medium_research_only,SAME_ROLE_ONLY;RESEARCH_ONLY;SAMPLE_TOO_SMALL_LOCAL_11_MATCHES_NOT_PRODUCTION_READY,True,False
CB,157113,Badr Gaddarine,314452,Zouhair Marour,94.63108,18.054483,94.63108,3,medium_research_only,SAME_ROLE_ONLY;RESEARCH_ONLY;SAMPLE_TOO_SMALL_LOCAL_11_MATCHES_NOT_PRODUCTION_READY,True,False
CB,157113,Badr Gaddarine,314465,Yassine Amhih,94.887461,20.992075,94.887461,3,medium_research_only,SAME_ROLE_ONLY;RESEARCH_ONLY;SAMPLE_TOO_SMALL_LOCAL_11_MATCHES_NOT_PRODUCTION_READY,True,False
CB,157113,Badr Gaddarine,314466,Mohamed Saoud,99.810526,10.073323,99.810526,3,medium_research_only,SAME_ROLE_ONLY;RESEARCH_ONLY;SAMPLE_TOO_SMALL_LOCAL_11_MATCHES_NOT_PRODUCTION_READY,True,False
CB,157113,Badr Gaddarine,332384,Ismail Al Alami,98.287158,11.6335,98.287158,3,medium_research_only,SAME_ROLE_ONLY;RESEARCH_ONLY;SAMPLE_TOO_SMALL_LOCAL_11_MATCHES_NOT_PRODUCTION_READY,True,False
CB,157113,Badr Gaddarine,338916,Johnstone Omurwa,93.536631,20.77959,93.536631,3,medium_research_only,SAME_ROLE_ONLY;RESEARCH_ONLY;SAMPLE_TOO_SMALL_LOCAL_11_MATCHES_NOT_PRODUCTION_READY,True,False
CB,157113,Badr Gaddarine,363239,Bilal Soufi,97.529596,17.029092,97.529596,3,medium_research_only,SAME_ROLE_ONLY;RESEARCH_ONLY;SAMPLE_TOO_SMALL_LOCAL_11_MATCHES_NOT_PRODUCTION_READY,True,False
CB,157113,Badr Gaddarine,407555,James Monday Ajako,96.603191,15.160388,96.603191,3,medium_research_only,SAME_ROLE_ONLY;RESEARCH_ONLY;SAMPLE_TOO_SMALL_LOCAL_11_MATCHES_NOT_PRODUCTION_READY,True,False
CB,157113,Badr Gaddarine,409303,Faraji Karmoune,98.583942,11.924191,98.583942,3,medium_research_only,SAME_ROLE_ONLY;RESEARCH_ONLY;SAMPLE_TOO_SMALL_LOCAL_11_MATCHES_NOT_PRODUCTION_READY,True,False
CB,157113,Badr Gaddarine,419744,Driss El Jabali,98.100703,16.962646,98.100703,3,medium_research_only,SAME_ROLE_ONLY;RESEARCH_ONLY;SAMPLE_TOO_SMALL_LOCAL_11_MATCHES_NOT_PRODUCTION_READY,True,False
CB,157113,Badr Gaddarine,422075,Zakary Lamgahez,89.401745,27.20554,89.401745,3,medium_research_only,SAME_ROLE_ONLY;RESEARCH_ONLY;SAMPLE_TOO_SMALL_LOCAL_11_MATCHES_NOT_PRODUCTION_READY,True,False
CB,157113,Badr Gaddarine,442093,Yassine Fatine,98.658202,9.14647,98.658202,3,medium_research_only,SAME_ROLE_ONLY;RESEARCH_ONLY;SAMPLE_TOO_SMALL_LOCAL_11_MATCHES_NOT_PRODUCTION_READY,True,False
CB,157113,Badr Gaddarine,477678,Cheick Keita,93.69149,20.619616,93.69149,3,medium_research_only,SAME_ROLE_ONLY;RESEARCH_ONLY;SAMPLE_TOO_SMALL_LOCAL_11_MATCHES_NOT_PRODUCTION_READY,True,False
CB,157113,Badr Gaddarine,522354,Akram El Hamdaoui,96.702013,14.070202,96.702013,3,medium_research_only,SAME_ROLE_ONLY;RESEARCH_ONLY;SAMPLE_TOO_SMALL_LOCAL_11_MATCHES_NOT_PRODUCTION_READY,True,False
CB,157113,Badr Gaddarine,522357,Mohamed Adam Benhita,97.980676,15.396647,97.980676,3,medium_research_only,SAME_ROLE_ONLY;RESEARCH_ONLY;SAMPLE_TOO_SMALL_LOCAL_11_MATCHES_NOT_PRODUCTION_READY,True,False
CB,157113,Badr Gaddarine,523290,Achraf Zine,99.31267,14.746617,99.31267,3,medium_research_only,SAME_ROLE_ONLY;RESEARCH_ONLY;SAMPLE_TOO_SMALL_LOCAL_11_MATCHES_NOT_PRODUCTION_READY,True,False
CB,157113,Badr Gaddarine,523317,Ismail Soubai,99.36238,18.265625,99.36238,3,medium_research_only,SAME_ROLE_ONLY;RESEARCH_ONLY;SAMPLE_TOO_SMALL_LOCAL_11_MATCHES_NOT_PRODUCTION_READY,True,False
CB,157113,Badr Gaddarine,524512,Reda Ait Boughima,99.481618,52.662697,99.481618,3,medium_research_only,SAME_ROLE_ONLY;RESEARCH_ONLY;SAMPLE_TOO_SMALL_LOCAL_11_MATCHES_NOT_PRODUCTION_READY,True,False
CB,202502,Soulaimane El Amrani,313280,André Yassine Madeira El Khalej,79.365965,19.317213,79.365965,3,medium_research_only,SAME_ROLE_ONLY;RESEARCH_ONLY;SAMPLE_TOO_SMALL_LOCAL_11_MATCHES_NOT_PRODUCTION_READY,True,False
CB,202502,Soulaimane El Amrani,313283,Tahar Ahmed Madeira El Khalej,91.763805,18.937765,91.763805,3,medium_research_only,SAME_ROLE_ONLY;RESEARCH_ONLY;SAMPLE_TOO_SMALL_LOCAL_11_MATCHES_NOT_PRODUCTION_READY,True,False
CB,202502,Soulaimane El Amrani,314452,Zouhair Marour,96.622492,15.83874,96.622492,3,medium_research_only,SAME_ROLE_ONLY;RESEARCH_ONLY;SAMPLE_TOO_SMALL_LOCAL_11_MATCHES_NOT_PRODUCTION_READY,True,False
CB,202502,Soulaimane El Amrani,314465,Yassine Amhih,85.223333,16.645687,85.223333,3,medium_research_only,SAME_ROLE_ONLY;RESEARCH_ONLY;SAMPLE_TOO_SMALL_LOCAL_11_MATCHES_NOT_PRODUCTION_READY,True,False
CB,202502,Soulaimane El Amrani,314466,Mohamed Saoud,87.429947,20.02254,87.429947,3,medium_research_only,SAME_ROLE_ONLY;RESEARCH_ONLY;SAMPLE_TOO_SMALL_LOCAL_11_MATCHES_NOT_PRODUCTION_READY,True,False
CB,202502,Soulaimane El Amrani,332384,Ismail Al Alami,86.862459,22.495915,86.862459,3,medium_research_only,SAME_ROLE_ONLY;RESEARCH_ONLY;SAMPLE_TOO_SMALL_LOCAL_11_MATCHES_NOT_PRODUCTION_READY,True,False
CB,202502,Soulaimane El Amrani,338916,Johnstone Omurwa,91.415001,15.270276,91.415001,3,medium_research_only,SAME_ROLE_ONLY;RESEARCH_ONLY;SAMPLE_TOO_SMALL_LOCAL_11_MATCHES_NOT_PRODUCTION_READY,True,False
CB,202502,Soulaimane El Amrani,363239,Bilal Soufi,80.579377,20.276678,80.579377,3,medium_research_only,SAME_ROLE_ONLY;RESEARCH_ONLY;SAMPLE_TOO_SMALL_LOCAL_11_MATCHES_NOT_PRODUCTION_READY,True,False
CB,202502,Soulaimane El Amrani,407555,James Monday Ajako,74.453952,27.461646,74.453952,3,medium_research_only,SAME_ROLE_ONLY;RESEARCH_ONLY;SAMPLE_TOO_SMALL_LOCAL_11_MATCHES_NOT_PRODUCTION_READY,True,False
CB,202502,Soulaimane El Amrani,409303,Faraji Karmoune,92.465298,17.941452,92.465298,3,medium_research_only,SAME_ROLE_ONLY;RESEARCH_ONLY;SAMPLE_TOO_SMALL_LOCAL_11_MATCHES_NOT_PRODUCTION_READY,True,False
CB,202502,Soulaimane El Amrani,419744,Driss El Jabali,93.468172,12.554277,93.468172,3,medium_research_only,SAME_ROLE_ONLY;RESEARCH_ONLY;SAMPLE_TOO_SMALL_LOCAL_11_MATCHES_NOT_PRODUCTION_READY,True,False
CB,202502,Soulaimane El Amrani,422075,Zakary Lamgahez,99.596599,2.333453,99.596599,3,medium_research_only,SAME_ROLE_ONLY;RESEARCH_ONLY;SAMPLE_TOO_SMALL_LOCAL_11_MATCHES_NOT_PRODUCTION_READY,True,False
CB,202502,Soulaimane El Amrani,442093,Yassine Fatine,88.22707,25.63541,88.22707,3,medium_research_only,SAME_ROLE_ONLY;RESEARCH_ONLY;SAMPLE_TOO_SMALL_LOCAL_11_MATCHES_NOT_PRODUCTION_READY,True,False
CB,202502,Soulaimane El Amrani,477678,Cheick Keita,94.228874,13.383937,94.228874,3,medium_research_only,SAME_ROLE_ONLY;RESEARCH_ONLY;SAMPLE_TOO_SMALL_LOCAL_11_MATCHES_NOT_PRODUCTION_READY,True,False
CB,202502,Soulaimane El Amrani,522354,Akram El Hamdaoui,70.852288,34.532319,70.852288,3,medium_research_only,SAME_ROLE_ONLY;RESEARCH_ONLY;SAMPLE_TOO_SMALL_LOCAL_11_MATCHES_NOT_PRODUCTION_READY,True,False
CB,202502,Soulaimane El Amrani,522357,Mohamed Adam Benhita,89.369121,16.856707,89.369121,3,medium_research_only,SAME_ROLE_ONLY;RESEARCH_ONLY;SAMPLE_TOO_SMALL_LOCAL_11_MATCHES_NOT_PRODUCTION_READY,True,False
CB,202502,Soulaimane El Amrani,523290,Achraf Zine,89.662449,15.621361,89.662449,3,medium_research_only,SAME_ROLE_ONLY;RESEARCH_ONLY;SAMPLE_TOO_SMALL_LOCAL_11_MATCHES_NOT_PRODUCTION_READY,True,False
CB,202502,Soulaimane El Amrani,523317,Ismail Soubai,88.706129,13.743057,88.706129,3,medium_research_only,SAME_ROLE_ONLY;RESEARCH_ONLY;SAMPLE_TOO_SMALL_LOCAL_11_MATCHES_NOT_PRODUCTION_READY,True,False
CB,202502,Soulaimane El Amrani,524512,Reda Ait Boughima,80.484674,81.366219,80.484674,3,medium_research_only,SAME_ROLE_ONLY;RESEARCH_ONLY;SAMPLE_TOO_SMALL_LOCAL_11_MATCHES_NOT_PRODUCTION_READY,True,False
CB,313280,André Yassine Madeira El Khalej,313283,Tahar Ahmed Madeira El Khalej,96.645886,12.780961,96.645886,3,medium_research_only,SAME_ROLE_ONLY;RESEARCH_ONLY;SAMPLE_TOO_SMALL_LOCAL_11_MATCHES_NOT_PRODUCTION_READY,True,False
CB,313280,André Yassine Madeira El Khalej,314452,Zouhair Marour,92.003156,17.339737,92.003156,3,medium_research_only,SAME_ROLE_ONLY;RESEARCH_ONLY;SAMPLE_TOO_SMALL_LOCAL_11_MATCHES_NOT_PRODUCTION_READY,True,False
CB,313280,André Yassine Madeira El Khalej,314465,Yassine Amhih,98.646008,5.410923,98.646008,3,medium_research_only,SAME_ROLE_ONLY;RESEARCH_ONLY;SAMPLE_TOO_SMALL_LOCAL_11_MATCHES_NOT_PRODUCTION_READY,True,False
CB,313280,André Yassine Madeira El Khalej,314466,Mohamed Saoud,97.397022,10.62613,97.397022,3,medium_research_only,SAME_ROLE_ONLY;RESEARCH_ONLY;SAMPLE_TOO_SMALL_LOCAL_11_MATCHES_NOT_PRODUCTION_READY,True,False
CB,313280,André Yassine Madeira El Khalej,332384,Ismail Al Alami,90.798862,18.918528,90.798862,3,medium_research_only,SAME_ROLE_ONLY;RESEARCH_ONLY;SAMPLE_TOO_SMALL_LOCAL_11_MATCHES_NOT_PRODUCTION_READY,True,False
CB,313280,André Yassine Madeira El Khalej,338916,Johnstone Omurwa,95.625575,10.864292,95.625575,3,medium_research_only,SAME_ROLE_ONLY;RESEARCH_ONLY;SAMPLE_TOO_SMALL_LOCAL_11_MATCHES_NOT_PRODUCTION_READY,True,False
CB,313280,André Yassine Madeira El Khalej,363239,Bilal Soufi,99.960077,2.429399,99.960077,3,medium_research_only,SAME_ROLE_ONLY;RESEARCH_ONLY;SAMPLE_TOO_SMALL_LOCAL_11_MATCHES_NOT_PRODUCTION_READY,True,False
CB,313280,André Yassine Madeira El Khalej,407555,James Monday Ajako,99.469574,9.029429,99.469574,3,medium_research_only,SAME_ROLE_ONLY;RESEARCH_ONLY;SAMPLE_TOO_SMALL_LOCAL_11_MATCHES_NOT_PRODUCTION_READY,True,False
CB,313280,André Yassine Madeira El Khalej,409303,Faraji Karmoune,95.302335,13.7469,95.302335,3,medium_research_only,SAME_ROLE_ONLY;RESEARCH_ONLY;SAMPLE_TOO_SMALL_LOCAL_11_MATCHES_NOT_PRODUCTION_READY,True,False
CB,313280,André Yassine Madeira El Khalej,419744,Driss El Jabali,94.61686,11.168891,94.61686,3,medium_research_only,SAME_ROLE_ONLY;RESEARCH_ONLY;SAMPLE_TOO_SMALL_LOCAL_11_MATCHES_NOT_PRODUCTION_READY,True,False
CB,313280,André Yassine Madeira El Khalej,422075,Zakary Lamgahez,84.208715,17.091398,84.208715,3,medium_research_only,SAME_ROLE_ONLY;RESEARCH_ONLY;SAMPLE_TOO_SMALL_LOCAL_11_MATCHES_NOT_PRODUCTION_READY,True,False
CB,313280,André Yassine Madeira El Khalej,442093,Yassine Fatine,98.41149,15.419419,98.41149,3,medium_research_only,SAME_ROLE_ONLY;RESEARCH_ONLY;SAMPLE_TOO_SMALL_LOCAL_11_MATCHES_NOT_PRODUCTION_READY,True,False
CB,313280,André Yassine Madeira El Khalej,477678,Cheick Keita,94.004736,12.566821,94.004736,3,medium_research_only,SAME_ROLE_ONLY;RESEARCH_ONLY;SAMPLE_TOO_SMALL_LOCAL_11_MATCHES_NOT_PRODUCTION_READY,True,False
CB,313280,André Yassine Madeira El Khalej,522354,Akram El Hamdaoui,97.185628,17.770003,97.185628,3,medium_research_only,SAME_ROLE_ONLY;RESEARCH_ONLY;SAMPLE_TOO_SMALL_LOCAL_11_MATCHES_NOT_PRODUCTION_READY,True,False
CB,313280,André Yassine Madeira El Khalej,522357,Mohamed Adam Benhita,98.060559,7.901868,98.060559,3,medium_research_only,SAME_ROLE_ONLY;RESEARCH_ONLY;SAMPLE_TOO_SMALL_LOCAL_11_MATCHES_NOT_PRODUCTION_READY,True,False
CB,313280,André Yassine Madeira El Khalej,523290,Achraf Zine,97.096311,8.585646,97.096311,3,medium_research_only,SAME_ROLE_ONLY;RESEARCH_ONLY;SAMPLE_TOO_SMALL_LOCAL_11_MATCHES_NOT_PRODUCTION_READY,True,False
CB,313280,André Yassine Madeira El Khalej,523317,Ismail Soubai,93.782968,11.26367,93.782968,3,medium_research_only,SAME_ROLE_ONLY;RESEARCH_ONLY;SAMPLE_TOO_SMALL_LOCAL_11_MATCHES_NOT_PRODUCTION_READY,True,False
CB,313280,André Yassine Madeira El Khalej,524512,Reda Ait Boughima,96.043037,70.435301,96.043037,3,medium_research_only,SAME_ROLE_ONLY;RESEARCH_ONLY;SAMPLE_TOO_SMALL_LOCAL_11_MATCHES_NOT_PRODUCTION_READY,True,False
CB,313283,Tahar Ahmed Madeira El Khalej,314452,Zouhair Marour,98.820083,6.812526,98.820083,3,medium_research_only,SAME_ROLE_ONLY;RESEARCH_ONLY;SAMPLE_TOO_SMALL_LOCAL_11_MATCHES_NOT_PRODUCTION_READY,True,False
CB,313283,Tahar Ahmed Madeira El Khalej,314465,Yassine Amhih,98.789127,9.955438,98.789127,3,medium_research_only,SAME_ROLE_ONLY;RESEARCH_ONLY;SAMPLE_TOO_SMALL_LOCAL_11_MATCHES_NOT_PRODUCTION_READY,True,False
CB,313283,Tahar Ahmed Madeira El Khalej,314466,Mohamed Saoud,97.786847,9.213809,97.786847,3,medium_research_only,SAME_ROLE_ONLY;RESEARCH_ONLY;SAMPLE_TOO_SMALL_LOCAL_11_MATCHES_NOT_PRODUCTION_READY,True,False
CB,313283,Tahar Ahmed Madeira El Khalej,332384,Ismail Al Alami,92.272478,17.694873,92.272478,3,medium_research_only,SAME_ROLE_ONLY;RESEARCH_ONLY;SAMPLE_TOO_SMALL_LOCAL_11_MATCHES_NOT_PRODUCTION_READY,True,False
CB,313283,Tahar Ahmed Madeira El Khalej,338916,Johnstone Omurwa,99.554048,6.184018,99.554048,3,medium_research_only,SAME_ROLE_ONLY;RESEARCH_ONLY;SAMPLE_TOO_SMALL_LOCAL_11_MATCHES_NOT_PRODUCTION_READY,True,False
CB,313283,Tahar Ahmed Madeira El Khalej,363239,Bilal Soufi,97.073922,11.307106,97.073922,3,medium_research_only,SAME_ROLE_ONLY;RESEARCH_ONLY;SAMPLE_TOO_SMALL_LOCAL_11_MATCHES_NOT_PRODUCTION_READY,True,False
CB,313283,Tahar Ahmed Madeira El Khalej,407555,James Monday Ajako,93.861238,15.510988,93.861238,3,medium_research_only,SAME_ROLE_ONLY;RESEARCH_ONLY;SAMPLE_TOO_SMALL_LOCAL_11_MATCHES_NOT_PRODUCTION_READY,True,False
CB,313283,Tahar Ahmed Madeira El Khalej,409303,Faraji Karmoune,98.74019,6.982689,98.74019,3,medium_research_only,SAME_ROLE_ONLY;RESEARCH_ONLY;SAMPLE_TOO_SMALL_LOCAL_11_MATCHES_NOT_PRODUCTION_READY,True,False
CB,313283,Tahar Ahmed Madeira El Khalej,419744,Driss El Jabali,98.75412,9.12707,98.75412,3,medium_research_only,SAME_ROLE_ONLY;RESEARCH_ONLY;SAMPLE_TOO_SMALL_LOCAL_11_MATCHES_NOT_PRODUCTION_READY,True,False
CB,313283,Tahar Ahmed Madeira El Khalej,422075,Zakary Lamgahez,94.803753,16.910512,94.803753,3,medium_research_only,SAME_ROLE_ONLY;RESEARCH_ONLY;SAMPLE_TOO_SMALL_LOCAL_11_MATCHES_NOT_PRODUCTION_READY,True,False
CB,313283,Tahar Ahmed Madeira El Khalej,442093,Yassine Fatine,99.271381,7.933627,99.271381,3,medium_research_only,SAME_ROLE_ONLY;RESEARCH_ONLY;SAMPLE_TOO_SMALL_LOCAL_11_MATCHES_NOT_PRODUCTION_READY,True,False
CB,313283,Tahar Ahmed Madeira El Khalej,477678,Cheick Keita,99.532045,6.233677,99.532045,3,medium_research_only,SAME_ROLE_ONLY;RESEARCH_ONLY;SAMPLE_TOO_SMALL_LOCAL_11_MATCHES_NOT_PRODUCTION_READY,True,False
CB,313283,Tahar Ahmed Madeira El Khalej,522354,Akram El Hamdaoui,90.157535,22.596118,90.157535,3,medium_research_only,SAME_ROLE_ONLY;RESEARCH_ONLY;SAMPLE_TOO_SMALL_LOCAL_11_MATCHES_NOT_PRODUCTION_READY,True,False
CB,313283,Tahar Ahmed Madeira El Khalej,522357,Mohamed Adam Benhita,99.675608,5.487159,99.675608,3,medium_research_only,SAME_ROLE_ONLY;RESEARCH_ONLY;SAMPLE_TOO_SMALL_LOCAL_11_MATCHES_NOT_PRODUCTION_READY,True,False
CB,313283,Tahar Ahmed Madeira El Khalej,523290,Achraf Zine,98.728677,8.641658,98.728677,3,medium_research_only,SAME_ROLE_ONLY;RESEARCH_ONLY;SAMPLE_TOO_SMALL_LOCAL_11_MATCHES_NOT_PRODUCTION_READY,True,False
CB,313283,Tahar Ahmed Madeira El Khalej,523317,Ismail Soubai,95.461224,14.736873,95.461224,3,medium_research_only,SAME_ROLE_ONLY;RESEARCH_ONLY;SAMPLE_TOO_SMALL_LOCAL_11_MATCHES_NOT_PRODUCTION_READY,True,False
CB,313283,Tahar Ahmed Madeira El Khalej,524512,Reda Ait Boughima,93.321616,65.951376,93.321616,3,medium_research_only,SAME_ROLE_ONLY;RESEARCH_ONLY;SAMPLE_TOO_SMALL_LOCAL_11_MATCHES_NOT_PRODUCTION_READY,True,False
CB,314452,Zouhair Marour,314465,Yassine Amhih,95.336386,14.217755,95.336386,3,medium_research_only,SAME_ROLE_ONLY;RESEARCH_ONLY;SAMPLE_TOO_SMALL_LOCAL_11_MATCHES_NOT_PRODUCTION_READY,True,False
CB,314452,Zouhair Marour,314466,Mohamed Saoud,96.23101,11.977129,96.23101,3,medium_research_only,SAME_ROLE_ONLY;RESEARCH_ONLY;SAMPLE_TOO_SMALL_LOCAL_11_MATCHES_NOT_PRODUCTION_READY,True,False
CB,314452,Zouhair Marour,332384,Ismail Al Alami,92.885915,17.004115,92.885915,3,medium_research_only,SAME_ROLE_ONLY;RESEARCH_ONLY;SAMPLE_TOO_SMALL_LOCAL_11_MATCHES_NOT_PRODUCTION_READY,True,False
CB,314452,Zouhair Marour,338916,Johnstone Omurwa,98.140261,9.293331,98.140261,3,medium_research_only,SAME_ROLE_ONLY;RESEARCH_ONLY;SAMPLE_TOO_SMALL_LOCAL_11_MATCHES_NOT_PRODUCTION_READY,True,False
CB,314452,Zouhair Marour,363239,Bilal Soufi,92.796807,16.308994,92.796807,3,medium_research_only,SAME_ROLE_ONLY;RESEARCH_ONLY;SAMPLE_TOO_SMALL_LOCAL_11_MATCHES_NOT_PRODUCTION_READY,True,False
CB,314452,Zouhair Marour,407555,James Monday Ajako,88.467522,21.297599,88.467522,3,medium_research_only,SAME_ROLE_ONLY;RESEARCH_ONLY;SAMPLE_TOO_SMALL_LOCAL_11_MATCHES_NOT_PRODUCTION_READY,True,False
CB,314452,Zouhair Marour,409303,Faraji Karmoune,98.674774,7.183728,98.674774,3,medium_research_only,SAME_ROLE_ONLY;RESEARCH_ONLY;SAMPLE_TOO_SMALL_LOCAL_11_MATCHES_NOT_PRODUCTION_READY,True,False
CB,314452,Zouhair Marour,419744,Driss El Jabali,99.041853,8.720141,99.041853,3,medium_research_only,SAME_ROLE_ONLY;RESEARCH_ONLY;SAMPLE_TOO_SMALL_LOCAL_11_MATCHES_NOT_PRODUCTION_READY,True,False
CB,314452,Zouhair Marour,422075,Zakary Lamgahez,98.51264,14.264648,98.51264,3,medium_research_only,SAME_ROLE_ONLY;RESEARCH_ONLY;SAMPLE_TOO_SMALL_LOCAL_11_MATCHES_NOT_PRODUCTION_READY,True,False
CB,314452,Zouhair Marour,442093,Yassine Fatine,97.228877,12.49465,97.228877,3,medium_research_only,SAME_ROLE_ONLY;RESEARCH_ONLY;SAMPLE_TOO_SMALL_LOCAL_11_MATCHES_NOT_PRODUCTION_READY,True,False
CB,314452,Zouhair Marour,477678,Cheick Keita,99.298916,6.909797,99.298916,3,medium_research_only,SAME_ROLE_ONLY;RESEARCH_ONLY;SAMPLE_TOO_SMALL_LOCAL_11_MATCHES_NOT_PRODUCTION_READY,True,False
CB,314452,Zouhair Marour,522354,Akram El Hamdaoui,85.020022,27.484843,85.020022,3,medium_research_only,SAME_ROLE_ONLY;RESEARCH_ONLY;SAMPLE_TOO_SMALL_LOCAL_11_MATCHES_NOT_PRODUCTION_READY,True,False
CB,314452,Zouhair Marour,522357,Mohamed Adam Benhita,97.841045,9.652722,97.841045,3,medium_research_only,SAME_ROLE_ONLY;RESEARCH_ONLY;SAMPLE_TOO_SMALL_LOCAL_11_MATCHES_NOT_PRODUCTION_READY,True,False
CB,314452,Zouhair Marour,523290,Achraf Zine,97.597097,10.597757,97.597097,3,medium_research_only,SAME_ROLE_ONLY;RESEARCH_ONLY;SAMPLE_TOO_SMALL_LOCAL_11_MATCHES_NOT_PRODUCTION_READY,True,False
CB,314452,Zouhair Marour,523317,Ismail Soubai,95.462476,14.823463,95.462476,3,medium_research_only,SAME_ROLE_ONLY;RESEARCH_ONLY;SAMPLE_TOO_SMALL_LOCAL_11_MATCHES_NOT_PRODUCTION_READY,True,False
CB,314452,Zouhair Marour,524512,Reda Ait Boughima,90.959363,67.894778,90.959363,3,medium_research_only,SAME_ROLE_ONLY;RESEARCH_ONLY;SAMPLE_TOO_SMALL_LOCAL_11_MATCHES_NOT_PRODUCTION_READY,True,False
CB,314465,Yassine Amhih,314466,Mohamed Saoud,96.334374,11.869799,96.334374,3,medium_research_only,SAME_ROLE_ONLY;RESEARCH_ONLY;SAMPLE_TOO_SMALL_LOCAL_11_MATCHES_NOT_PRODUCTION_READY,True,False
CB,314465,Yassine Amhih,332384,Ismail Al Alami,88.396457,20.720193,88.396457,3,medium_research_only,SAME_ROLE_ONLY;RESEARCH_ONLY;SAMPLE_TOO_SMALL_LOCAL_11_MATCHES_NOT_PRODUCTION_READY,True,False
CB,314465,Yassine Amhih,338916,Johnstone Omurwa,98.918467,6.045229,98.918467,3,medium_research_only,SAME_ROLE_ONLY;RESEARCH_ONLY;SAMPLE_TOO_SMALL_LOCAL_11_MATCHES_NOT_PRODUCTION_READY,True,False
CB,314465,Yassine Amhih,363239,Bilal Soufi,98.649338,6.028544,98.649338,3,medium_research_only,SAME_ROLE_ONLY;RESEARCH_ONLY;SAMPLE_TOO_SMALL_LOCAL_11_MATCHES_NOT_PRODUCTION_READY,True,False
CB,314465,Yassine Amhih,407555,James Monday Ajako,96.460696,12.929799,96.460696,3,medium_research_only,SAME_ROLE_ONLY;RESEARCH_ONLY;SAMPLE_TOO_SMALL_LOCAL_11_MATCHES_NOT_PRODUCTION_READY,True,False
CB,314465,Yassine Amhih,409303,Faraji Karmoune,95.998976,12.953865,95.998976,3,medium_research_only,SAME_ROLE_ONLY;RESEARCH_ONLY;SAMPLE_TOO_SMALL_LOCAL_11_MATCHES_NOT_PRODUCTION_READY,True,False
CB,314465,Yassine Amhih,419744,Driss El Jabali,95.717283,9.993573,95.717283,3,medium_research_only,SAME_ROLE_ONLY;RESEARCH_ONLY;SAMPLE_TOO_SMALL_LOCAL_11_MATCHES_NOT_PRODUCTION_READY,True,False
CB,314465,Yassine Amhih,422075,Zakary Lamgahez,89.131181,14.513414,89.131181,3,medium_research_only,SAME_ROLE_ONLY;RESEARCH_ONLY;SAMPLE_TOO_SMALL_LOCAL_11_MATCHES_NOT_PRODUCTION_READY,True,False
CB,314465,Yassine Amhih,442093,Yassine Fatine,98.578807,15.117599,98.578807,3,medium_research_only,SAME_ROLE_ONLY;RESEARCH_ONLY;SAMPLE_TOO_SMALL_LOCAL_11_MATCHES_NOT_PRODUCTION_READY,True,False
CB,314465,Yassine Amhih,477678,Cheick Keita,97.668653,8.214713,97.668653,3,medium_research_only,SAME_ROLE_ONLY;RESEARCH_ONLY;SAMPLE_TOO_SMALL_LOCAL_11_MATCHES_NOT_PRODUCTION_READY,True,False
CB,314465,Yassine Amhih,522354,Akram El Hamdaoui,92.206918,22.095024,92.206918,3,medium_research_only,SAME_ROLE_ONLY;RESEARCH_ONLY;SAMPLE_TOO_SMALL_LOCAL_11_MATCHES_NOT_PRODUCTION_READY,True,False
CB,314465,Yassine Amhih,522357,Mohamed Adam Benhita,98.890433,6.392265,98.890433,3,medium_research_only,SAME_ROLE_ONLY;RESEARCH_ONLY;SAMPLE_TOO_SMALL_LOCAL_11_MATCHES_NOT_PRODUCTION_READY,True,False
CB,314465,Yassine Amhih,523290,Achraf Zine,96.978888,8.734588,96.978888,3,medium_research_only,SAME_ROLE_ONLY;RESEARCH_ONLY;SAMPLE_TOO_SMALL_LOCAL_11_MATCHES_NOT_PRODUCTION_READY,True,False
CB,314465,Yassine Amhih,523317,Ismail Soubai,92.305092,12.563206,92.305092,3,medium_research_only,SAME_ROLE_ONLY;RESEARCH_ONLY;SAMPLE_TOO_SMALL_LOCAL_11_MATCHES_NOT_PRODUCTION_READY,True,False
CB,314465,Yassine Amhih,524512,Reda Ait Boughima,92.404204,72.480231,92.404204,3,medium_research_only,SAME_ROLE_ONLY;RESEARCH_ONLY;SAMPLE_TOO_SMALL_LOCAL_11_MATCHES_NOT_PRODUCTION_READY,True,False
CB,314466,Mohamed Saoud,332384,Ismail Al Alami,97.580542,9.976087,97.580542,3,medium_research_only,SAME_ROLE_ONLY;RESEARCH_ONLY;SAMPLE_TOO_SMALL_LOCAL_11_MATCHES_NOT_PRODUCTION_READY,True,False
CB,314466,Mohamed Saoud,338916,Johnstone Omurwa,95.491189,12.298405,95.491189,3,medium_research_only,SAME_ROLE_ONLY;RESEARCH_ONLY;SAMPLE_TOO_SMALL_LOCAL_11_MATCHES_NOT_PRODUCTION_READY,True,False
CB,314466,Mohamed Saoud,363239,Bilal Soufi,97.995021,8.835342,97.995021,3,medium_research_only,SAME_ROLE_ONLY;RESEARCH_ONLY;SAMPLE_TOO_SMALL_LOCAL_11_MATCHES_NOT_PRODUCTION_READY,True,False
CB,314466,Mohamed Saoud,407555,James Monday Ajako,96.508462,11.503461,96.508462,3,medium_research_only,SAME_ROLE_ONLY;RESEARCH_ONLY;SAMPLE_TOO_SMALL_LOCAL_11_MATCHES_NOT_PRODUCTION_READY,True,False
CB,314466,Mohamed Saoud,409303,Faraji Karmoune,99.286809,5.187441,99.286809,3,medium_research_only,SAME_ROLE_ONLY;RESEARCH_ONLY;SAMPLE_TOO_SMALL_LOCAL_11_MATCHES_NOT_PRODUCTION_READY,True,False
CB,314466,Mohamed Saoud,419744,Driss El Jabali,98.918118,7.528848,98.918118,3,medium_research_only,SAME_ROLE_ONLY;RESEARCH_ONLY;SAMPLE_TOO_SMALL_LOCAL_11_MATCHES_NOT_PRODUCTION_READY,True,False
CB,314466,Mohamed Saoud,422075,Zakary Lamgahez,91.25801,17.780757,91.25801,3,medium_research_only,SAME_ROLE_ONLY;RESEARCH_ONLY;SAMPLE_TOO_SMALL_LOCAL_11_MATCHES_NOT_PRODUCTION_READY,True,False
CB,314466,Mohamed Saoud,442093,Yassine Fatine,99.42852,8.686603,99.42852,3,medium_research_only,SAME_ROLE_ONLY;RESEARCH_ONLY;SAMPLE_TOO_SMALL_LOCAL_11_MATCHES_NOT_PRODUCTION_READY,True,False
CB,314466,Mohamed Saoud,477678,Cheick Keita,95.630579,12.118959,95.630579,3,medium_research_only,SAME_ROLE_ONLY;RESEARCH_ONLY;SAMPLE_TOO_SMALL_LOCAL_11_MATCHES_NOT_PRODUCTION_READY,True,False
CB,314466,Mohamed Saoud,522354,Akram El Hamdaoui,95.739469,16.122973,95.739469,3,medium_research_only,SAME_ROLE_ONLY;RESEARCH_ONLY;SAMPLE_TOO_SMALL_LOCAL_11_MATCHES_NOT_PRODUCTION_READY,True,False
CB,314466,Mohamed Saoud,522357,Mohamed Adam Benhita,98.994425,6.269754,98.994425,3,medium_research_only,SAME_ROLE_ONLY;RESEARCH_ONLY;SAMPLE_TOO_SMALL_LOCAL_11_MATCHES_NOT_PRODUCTION_READY,True,False
CB,314466,Mohamed Saoud,523290,Achraf Zine,99.834559,4.719731,99.834559,3,medium_research_only,SAME_ROLE_ONLY;RESEARCH_ONLY;SAMPLE_TOO_SMALL_LOCAL_11_MATCHES_NOT_PRODUCTION_READY,True,False
CB,314466,Mohamed Saoud,523317,Ismail Soubai,99.144483,9.299335,99.144483,3,medium_research_only,SAME_ROLE_ONLY;RESEARCH_ONLY;SAMPLE_TOO_SMALL_LOCAL_11_MATCHES_NOT_PRODUCTION_READY,True,False
CB,314466,Mohamed Saoud,524512,Reda Ait Boughima,98.699901,62.709647,98.699901,3,medium_research_only,SAME_ROLE_ONLY;RESEARCH_ONLY;SAMPLE_TOO_SMALL_LOCAL_11_MATCHES_NOT_PRODUCTION_READY,True,False
CB,332384,Ismail Al Alami,338916,Johnstone Omurwa,88.359488,20.766493,88.359488,3,medium_research_only,SAME_ROLE_ONLY;RESEARCH_ONLY;SAMPLE_TOO_SMALL_LOCAL_11_MATCHES_NOT_PRODUCTION_READY,True,False
CB,332384,Ismail Al Alami,363239,Bilal Soufi,91.873904,17.70771,91.873904,3,medium_research_only,SAME_ROLE_ONLY;RESEARCH_ONLY;SAMPLE_TOO_SMALL_LOCAL_11_MATCHES_NOT_PRODUCTION_READY,True,False
CB,332384,Ismail Al Alami,407555,James Monday Ajako,90.734914,19.372094,90.734914,3,medium_research_only,SAME_ROLE_ONLY;RESEARCH_ONLY;SAMPLE_TOO_SMALL_LOCAL_11_MATCHES_NOT_PRODUCTION_READY,True,False
CB,332384,Ismail Al Alami,409303,Faraji Karmoune,97.063203,10.898767,97.063203,3,medium_research_only,SAME_ROLE_ONLY;RESEARCH_ONLY;SAMPLE_TOO_SMALL_LOCAL_11_MATCHES_NOT_PRODUCTION_READY,True,False
CB,332384,Ismail Al Alami,419744,Driss El Jabali,96.761406,12.714886,96.761406,3,medium_research_only,SAME_ROLE_ONLY;RESEARCH_ONLY;SAMPLE_TOO_SMALL_LOCAL_11_MATCHES_NOT_PRODUCTION_READY,True,False
CB,332384,Ismail Al Alami,422075,Zakary Lamgahez,89.962593,20.750538,89.962593,3,medium_research_only,SAME_ROLE_ONLY;RESEARCH_ONLY;SAMPLE_TOO_SMALL_LOCAL_11_MATCHES_NOT_PRODUCTION_READY,True,False
CB,332384,Ismail Al Alami,442093,Yassine Fatine,94.877008,16.208166,94.877008,3,medium_research_only,SAME_ROLE_ONLY;RESEARCH_ONLY;SAMPLE_TOO_SMALL_LOCAL_11_MATCHES_NOT_PRODUCTION_READY,True,False
CB,332384,Ismail Al Alami,477678,Cheick Keita,89.819425,19.52992,89.819425,3,medium_research_only,SAME_ROLE_ONLY;RESEARCH_ONLY;SAMPLE_TOO_SMALL_LOCAL_11_MATCHES_NOT_PRODUCTION_READY,True,False
CB,332384,Ismail Al Alami,522354,Akram El Hamdaoui,92.648311,19.782473,92.648311,3,medium_research_only,SAME_ROLE_ONLY;RESEARCH_ONLY;SAMPLE_TOO_SMALL_LOCAL_11_MATCHES_NOT_PRODUCTION_READY,True,False
CB,332384,Ismail Al Alami,522357,Mohamed Adam Benhita,93.996165,15.401263,93.996165,3,medium_research_only,SAME_ROLE_ONLY;RESEARCH_ONLY;SAMPLE_TOO_SMALL_LOCAL_11_MATCHES_NOT_PRODUCTION_READY,True,False
CB,332384,Ismail Al Alami,523290,Achraf Zine,96.955163,12.101813,96.955163,3,medium_research_only,SAME_ROLE_ONLY;RESEARCH_ONLY;SAMPLE_TOO_SMALL_LOCAL_11_MATCHES_NOT_PRODUCTION_READY,True,False
CB,332384,Ismail Al Alami,523317,Ismail Soubai,99.541959,11.274458,99.541959,3,medium_research_only,SAME_ROLE_ONLY;RESEARCH_ONLY;SAMPLE_TOO_SMALL_LOCAL_11_MATCHES_NOT_PRODUCTION_READY,True,False
CB,332384,Ismail Al Alami,524512,Reda Ait Boughima,98.100656,60.791699,98.100656,3,medium_research_only,SAME_ROLE_ONLY;RESEARCH_ONLY;SAMPLE_TOO_SMALL_LOCAL_11_MATCHES_NOT_PRODUCTION_READY,True,False
CB,338916,Johnstone Omurwa,363239,Bilal Soufi,95.894251,10.55756,95.894251,3,medium_research_only,SAME_ROLE_ONLY;RESEARCH_ONLY;SAMPLE_TOO_SMALL_LOCAL_11_MATCHES_NOT_PRODUCTION_READY,True,False
CB,338916,Johnstone Omurwa,407555,James Monday Ajako,92.220315,16.769976,92.220315,3,medium_research_only,SAME_ROLE_ONLY;RESEARCH_ONLY;SAMPLE_TOO_SMALL_LOCAL_11_MATCHES_NOT_PRODUCTION_READY,True,False
CB,338916,Johnstone Omurwa,409303,Faraji Karmoune,96.884043,10.882223,96.884043,3,medium_research_only,SAME_ROLE_ONLY;RESEARCH_ONLY;SAMPLE_TOO_SMALL_LOCAL_11_MATCHES_NOT_PRODUCTION_READY,True,False
CB,338916,Johnstone Omurwa,419744,Driss El Jabali,97.003647,9.024312,97.003647,3,medium_research_only,SAME_ROLE_ONLY;RESEARCH_ONLY;SAMPLE_TOO_SMALL_LOCAL_11_MATCHES_NOT_PRODUCTION_READY,True,False
CB,338916,Johnstone Omurwa,422075,Zakary Lamgahez,94.214353,13.321249,94.214353,3,medium_research_only,SAME_ROLE_ONLY;RESEARCH_ONLY;SAMPLE_TOO_SMALL_LOCAL_11_MATCHES_NOT_PRODUCTION_READY,True,False
CB,338916,Johnstone Omurwa,442093,Yassine Fatine,97.943708,13.616187,97.943708,3,medium_research_only,SAME_ROLE_ONLY;RESEARCH_ONLY;SAMPLE_TOO_SMALL_LOCAL_11_MATCHES_NOT_PRODUCTION_READY,True,False
CB,338916,Johnstone Omurwa,477678,Cheick Keita,99.684652,2.971831,99.684652,3,medium_research_only,SAME_ROLE_ONLY;RESEARCH_ONLY;SAMPLE_TOO_SMALL_LOCAL_11_MATCHES_NOT_PRODUCTION_READY,True,False
CB,338916,Johnstone Omurwa,522354,Akram El Hamdaoui,87.269887,25.328499,87.269887,3,medium_research_only,SAME_ROLE_ONLY;RESEARCH_ONLY;SAMPLE_TOO_SMALL_LOCAL_11_MATCHES_NOT_PRODUCTION_READY,True,False
CB,338916,Johnstone Omurwa,522357,Mohamed Adam Benhita,98.673117,6.16557,98.673117,3,medium_research_only,SAME_ROLE_ONLY;RESEARCH_ONLY;SAMPLE_TOO_SMALL_LOCAL_11_MATCHES_NOT_PRODUCTION_READY,True,False
CB,338916,Johnstone Omurwa,523290,Achraf Zine,96.820899,9.307412,96.820899,3,medium_research_only,SAME_ROLE_ONLY;RESEARCH_ONLY;SAMPLE_TOO_SMALL_LOCAL_11_MATCHES_NOT_PRODUCTION_READY,True,False
CB,338916,Johnstone Omurwa,523317,Ismail Soubai,92.288792,14.137013,92.288792,3,medium_research_only,SAME_ROLE_ONLY;RESEARCH_ONLY;SAMPLE_TOO_SMALL_LOCAL_11_MATCHES_NOT_PRODUCTION_READY,True,False
CB,338916,Johnstone Omurwa,524512,Reda Ait Boughima,89.900026,71.871706,89.900026,3,medium_research_only,SAME_ROLE_ONLY;RESEARCH_ONLY;SAMPLE_TOO_SMALL_LOCAL_11_MATCHES_NOT_PRODUCTION_READY,True,False
CB,363239,Bilal Soufi,407555,James Monday Ajako,99.372713,7.404097,99.372713,3,medium_research_only,SAME_ROLE_ONLY;RESEARCH_ONLY;SAMPLE_TOO_SMALL_LOCAL_11_MATCHES_NOT_PRODUCTION_READY,True,False
CB,363239,Bilal Soufi,409303,Faraji Karmoune,96.070532,12.232373,96.070532,3,medium_research_only,SAME_ROLE_ONLY;RESEARCH_ONLY;SAMPLE_TOO_SMALL_LOCAL_11_MATCHES_NOT_PRODUCTION_READY,True,False
CB,363239,Bilal Soufi,419744,Driss El Jabali,95.422883,10.724791,95.422883,3,medium_research_only,SAME_ROLE_ONLY;RESEARCH_ONLY;SAMPLE_TOO_SMALL_LOCAL_11_MATCHES_NOT_PRODUCTION_READY,True,False
CB,363239,Bilal Soufi,422075,Zakary Lamgahez,85.318442,17.984891,85.318442,3,medium_research_only,SAME_ROLE_ONLY;RESEARCH_ONLY;SAMPLE_TOO_SMALL_LOCAL_11_MATCHES_NOT_PRODUCTION_READY,True,False
CB,363239,Bilal Soufi,442093,Yassine Fatine,98.823623,13.120981,98.823623,3,medium_research_only,SAME_ROLE_ONLY;RESEARCH_ONLY;SAMPLE_TOO_SMALL_LOCAL_11_MATCHES_NOT_PRODUCTION_READY,True,False
CB,363239,Bilal Soufi,477678,Cheick Keita,94.486244,12.222936,94.486244,3,medium_research_only,SAME_ROLE_ONLY;RESEARCH_ONLY;SAMPLE_TOO_SMALL_LOCAL_11_MATCHES_NOT_PRODUCTION_READY,True,False
CB,363239,Bilal Soufi,522354,Akram El Hamdaoui,97.254278,16.185831,97.254278,3,medium_research_only,SAME_ROLE_ONLY;RESEARCH_ONLY;SAMPLE_TOO_SMALL_LOCAL_11_MATCHES_NOT_PRODUCTION_READY,True,False
CB,363239,Bilal Soufi,522357,Mohamed Adam Benhita,98.463828,6.657794,98.463828,3,medium_research_only,SAME_ROLE_ONLY;RESEARCH_ONLY;SAMPLE_TOO_SMALL_LOCAL_11_MATCHES_NOT_PRODUCTION_READY,True,False
CB,363239,Bilal Soufi,523290,Achraf Zine,97.714618,7.687946,97.714618,3,medium_research_only,SAME_ROLE_ONLY;RESEARCH_ONLY;SAMPLE_TOO_SMALL_LOCAL_11_MATCHES_NOT_PRODUCTION_READY,True,False
CB,363239,Bilal Soufi,523317,Ismail Soubai,94.702785,11.434346,94.702785,3,medium_research_only,SAME_ROLE_ONLY;RESEARCH_ONLY;SAMPLE_TOO_SMALL_LOCAL_11_MATCHES_NOT_PRODUCTION_READY,True,False
CB,363239,Bilal Soufi,524512,Reda Ait Boughima,96.625828,68.126447,96.625828,3,medium_research_only,SAME_ROLE_ONLY;RESEARCH_ONLY;SAMPLE_TOO_SMALL_LOCAL_11_MATCHES_NOT_PRODUCTION_READY,True,False
CB,407555,James Monday Ajako,409303,Faraji Karmoune,93.316606,16.02459,93.316606,3,medium_research_only,SAME_ROLE_ONLY;RESEARCH_ONLY;SAMPLE_TOO_SMALL_LOCAL_11_MATCHES_NOT_PRODUCTION_READY,True,False
CB,407555,James Monday Ajako,419744,Driss El Jabali,92.385465,16.71902,92.385465,3,medium_research_only,SAME_ROLE_ONLY;RESEARCH_ONLY;SAMPLE_TOO_SMALL_LOCAL_11_MATCHES_NOT_PRODUCTION_READY,True,False
CB,407555,James Monday Ajako,422075,Zakary Lamgahez,79.781716,25.146724,79.781716,3,medium_research_only,SAME_ROLE_ONLY;RESEARCH_ONLY;SAMPLE_TOO_SMALL_LOCAL_11_MATCHES_NOT_PRODUCTION_READY,True,False
CB,407555,James Monday Ajako,442093,Yassine Fatine,96.8067,13.275153,96.8067,3,medium_research_only,SAME_ROLE_ONLY;RESEARCH_ONLY;SAMPLE_TOO_SMALL_LOCAL_11_MATCHES_NOT_PRODUCTION_READY,True,False
CB,407555,James Monday Ajako,477678,Cheick Keita,90.331403,18.542734,90.331403,3,medium_research_only,SAME_ROLE_ONLY;RESEARCH_ONLY;SAMPLE_TOO_SMALL_LOCAL_11_MATCHES_NOT_PRODUCTION_READY,True,False
CB,407555,James Monday Ajako,522354,Akram El Hamdaoui,98.933144,9.701879,98.933144,3,medium_research_only,SAME_ROLE_ONLY;RESEARCH_ONLY;SAMPLE_TOO_SMALL_LOCAL_11_MATCHES_NOT_PRODUCTION_READY,True,False
CB,407555,James Monday Ajako,522357,Mohamed Adam Benhita,96.059034,12.33166,96.059034,3,medium_research_only,SAME_ROLE_ONLY;RESEARCH_ONLY;SAMPLE_TOO_SMALL_LOCAL_11_MATCHES_NOT_PRODUCTION_READY,True,False
CB,407555,James Monday Ajako,523290,Achraf Zine,95.623312,13.180598,95.623312,3,medium_research_only,SAME_ROLE_ONLY;RESEARCH_ONLY;SAMPLE_TOO_SMALL_LOCAL_11_MATCHES_NOT_PRODUCTION_READY,True,False
CB,407555,James Monday Ajako,523317,Ismail Soubai,93.125248,16.745439,93.125248,3,medium_research_only,SAME_ROLE_ONLY;RESEARCH_ONLY;SAMPLE_TOO_SMALL_LOCAL_11_MATCHES_NOT_PRODUCTION_READY,True,False
CB,407555,James Monday Ajako,524512,Reda Ait Boughima,96.791776,62.871279,96.791776,3,medium_research_only,SAME_ROLE_ONLY;RESEARCH_ONLY;SAMPLE_TOO_SMALL_LOCAL_11_MATCHES_NOT_PRODUCTION_READY,True,False
CB,409303,Faraji Karmoune,419744,Driss El Jabali,99.961377,6.129723,99.961377,3,medium_research_only,SAME_ROLE_ONLY;RESEARCH_ONLY;SAMPLE_TOO_SMALL_LOCAL_11_MATCHES_NOT_PRODUCTION_READY,True,False
CB,409303,Faraji Karmoune,422075,Zakary Lamgahez,95.422271,15.894517,95.422271,3,medium_research_only,SAME_ROLE_ONLY;RESEARCH_ONLY;SAMPLE_TOO_SMALL_LOCAL_11_MATCHES_NOT_PRODUCTION_READY,True,False
CB,409303,Faraji Karmoune,442093,Yassine Fatine,99.107548,8.79279,99.107548,3,medium_research_only,SAME_ROLE_ONLY;RESEARCH_ONLY;SAMPLE_TOO_SMALL_LOCAL_11_MATCHES_NOT_PRODUCTION_READY,True,False
CB,409303,Faraji Karmoune,477678,Cheick Keita,97.669164,9.638916,97.669164,3,medium_research_only,SAME_ROLE_ONLY;RESEARCH_ONLY;SAMPLE_TOO_SMALL_LOCAL_11_MATCHES_NOT_PRODUCTION_READY,True,False
CB,409303,Faraji Karmoune,522354,Akram El Hamdaoui,91.698743,20.936033,91.698743,3,medium_research_only,SAME_ROLE_ONLY;RESEARCH_ONLY;SAMPLE_TOO_SMALL_LOCAL_11_MATCHES_NOT_PRODUCTION_READY,True,False
CB,409303,Faraji Karmoune,522357,Mohamed Adam Benhita,99.069564,6.666827,99.069564,3,medium_research_only,SAME_ROLE_ONLY;RESEARCH_ONLY;SAMPLE_TOO_SMALL_LOCAL_11_MATCHES_NOT_PRODUCTION_READY,True,False
CB,409303,Faraji Karmoune,523290,Achraf Zine,99.740655,5.905272,99.740655,3,medium_research_only,SAME_ROLE_ONLY;RESEARCH_ONLY;SAMPLE_TOO_SMALL_LOCAL_11_MATCHES_NOT_PRODUCTION_READY,True,False
CB,409303,Faraji Karmoune,523317,Ismail Soubai,98.840944,10.613442,98.840944,3,medium_research_only,SAME_ROLE_ONLY;RESEARCH_ONLY;SAMPLE_TOO_SMALL_LOCAL_11_MATCHES_NOT_PRODUCTION_READY,True,False
CB,409303,Faraji Karmoune,524512,Reda Ait Boughima,96.422802,63.776607,96.422802,3,medium_research_only,SAME_ROLE_ONLY;RESEARCH_ONLY;SAMPLE_TOO_SMALL_LOCAL_11_MATCHES_NOT_PRODUCTION_READY,True,False
CB,419744,Driss El Jabali,422075,Zakary Lamgahez,96.208502,10.342232,96.208502,3,medium_research_only,SAME_ROLE_ONLY;RESEARCH_ONLY;SAMPLE_TOO_SMALL_LOCAL_11_MATCHES_NOT_PRODUCTION_READY,True,False
CB,419744,Driss El Jabali,442093,Yassine Fatine,98.825513,13.768291,98.825513,3,medium_research_only,SAME_ROLE_ONLY;RESEARCH_ONLY;SAMPLE_TOO_SMALL_LOCAL_11_MATCHES_NOT_PRODUCTION_READY,True,False
CB,419744,Driss El Jabali,477678,Cheick Keita,97.939507,7.559935,97.939507,3,medium_research_only,SAME_ROLE_ONLY;RESEARCH_ONLY;SAMPLE_TOO_SMALL_LOCAL_11_MATCHES_NOT_PRODUCTION_READY,True,False
CB,419744,Driss El Jabali,522354,Akram El Hamdaoui,90.583095,22.98107,90.583095,3,medium_research_only,SAME_ROLE_ONLY;RESEARCH_ONLY;SAMPLE_TOO_SMALL_LOCAL_11_MATCHES_NOT_PRODUCTION_READY,True,False
CB,419744,Driss El Jabali,522357,Mohamed Adam Benhita,98.878845,5.924267,98.878845,3,medium_research_only,SAME_ROLE_ONLY;RESEARCH_ONLY;SAMPLE_TOO_SMALL_LOCAL_11_MATCHES_NOT_PRODUCTION_READY,True,False
CB,419744,Driss El Jabali,523290,Achraf Zine,99.513298,3.595169,99.513298,3,medium_research_only,SAME_ROLE_ONLY;RESEARCH_ONLY;SAMPLE_TOO_SMALL_LOCAL_11_MATCHES_NOT_PRODUCTION_READY,True,False
CB,419744,Driss El Jabali,523317,Ismail Soubai,98.576711,6.272151,98.576711,3,medium_research_only,SAME_ROLE_ONLY;RESEARCH_ONLY;SAMPLE_TOO_SMALL_LOCAL_11_MATCHES_NOT_PRODUCTION_READY,True,False
CB,419744,Driss El Jabali,524512,Reda Ait Boughima,95.705723,69.428629,95.705723,3,medium_research_only,SAME_ROLE_ONLY;RESEARCH_ONLY;SAMPLE_TOO_SMALL_LOCAL_11_MATCHES_NOT_PRODUCTION_READY,True,False
CB,422075,Zakary Lamgahez,442093,Yassine Fatine,92.000614,23.491967,92.000614,3,medium_research_only,SAME_ROLE_ONLY;RESEARCH_ONLY;SAMPLE_TOO_SMALL_LOCAL_11_MATCHES_NOT_PRODUCTION_READY,True,False
CB,422075,Zakary Lamgahez,477678,Cheick Keita,96.545627,11.501299,96.545627,3,medium_research_only,SAME_ROLE_ONLY;RESEARCH_ONLY;SAMPLE_TOO_SMALL_LOCAL_11_MATCHES_NOT_PRODUCTION_READY,True,False
CB,422075,Zakary Lamgahez,522354,Akram El Hamdaoui,76.354643,32.245761,76.354643,3,medium_research_only,SAME_ROLE_ONLY;RESEARCH_ONLY;SAMPLE_TOO_SMALL_LOCAL_11_MATCHES_NOT_PRODUCTION_READY,True,False
CB,422075,Zakary Lamgahez,522357,Mohamed Adam Benhita,92.933596,14.578692,92.933596,3,medium_research_only,SAME_ROLE_ONLY;RESEARCH_ONLY;SAMPLE_TOO_SMALL_LOCAL_11_MATCHES_NOT_PRODUCTION_READY,True,False
CB,422075,Zakary Lamgahez,523290,Achraf Zine,93.173625,13.326652,93.173625,3,medium_research_only,SAME_ROLE_ONLY;RESEARCH_ONLY;SAMPLE_TOO_SMALL_LOCAL_11_MATCHES_NOT_PRODUCTION_READY,True,False
CB,422075,Zakary Lamgahez,523317,Ismail Soubai,91.978525,11.723427,91.978525,3,medium_research_only,SAME_ROLE_ONLY;RESEARCH_ONLY;SAMPLE_TOO_SMALL_LOCAL_11_MATCHES_NOT_PRODUCTION_READY,True,False
CB,422075,Zakary Lamgahez,524512,Reda Ait Boughima,84.940289,79.428071,84.940289,3,medium_research_only,SAME_ROLE_ONLY;RESEARCH_ONLY;SAMPLE_TOO_SMALL_LOCAL_11_MATCHES_NOT_PRODUCTION_READY,True,False
CB,442093,Yassine Fatine,477678,Cheick Keita,97.669926,13.993896,97.669926,3,medium_research_only,SAME_ROLE_ONLY;RESEARCH_ONLY;SAMPLE_TOO_SMALL_LOCAL_11_MATCHES_NOT_PRODUCTION_READY,True,False
CB,442093,Yassine Fatine,522354,Akram El Hamdaoui,94.528217,17.493431,94.528217,3,medium_research_only,SAME_ROLE_ONLY;RESEARCH_ONLY;SAMPLE_TOO_SMALL_LOCAL_11_MATCHES_NOT_PRODUCTION_READY,True,False
CB,442093,Yassine Fatine,522357,Mohamed Adam Benhita,99.916552,9.971936,99.916552,3,medium_research_only,SAME_ROLE_ONLY;RESEARCH_ONLY;SAMPLE_TOO_SMALL_LOCAL_11_MATCHES_NOT_PRODUCTION_READY,True,False
CB,442093,Yassine Fatine,523290,Achraf Zine,99.684423,11.782927,99.684423,3,medium_research_only,SAME_ROLE_ONLY;RESEARCH_ONLY;SAMPLE_TOO_SMALL_LOCAL_11_MATCHES_NOT_PRODUCTION_READY,True,False
CB,442093,Yassine Fatine,523317,Ismail Soubai,97.411504,17.65235,97.411504,3,medium_research_only,SAME_ROLE_ONLY;RESEARCH_ONLY;SAMPLE_TOO_SMALL_LOCAL_11_MATCHES_NOT_PRODUCTION_READY,True,False
CB,442093,Yassine Fatine,524512,Reda Ait Boughima,96.806415,58.261674,96.806415,3,medium_research_only,SAME_ROLE_ONLY;RESEARCH_ONLY;SAMPLE_TOO_SMALL_LOCAL_11_MATCHES_NOT_PRODUCTION_READY,True,False
CB,477678,Cheick Keita,522354,Akram El Hamdaoui,85.716636,26.529411,85.716636,3,medium_research_only,SAME_ROLE_ONLY;RESEARCH_ONLY;SAMPLE_TOO_SMALL_LOCAL_11_MATCHES_NOT_PRODUCTION_READY,True,False
CB,477678,Cheick Keita,522357,Mohamed Adam Benhita,98.439961,6.683207,98.439961,3,medium_research_only,SAME_ROLE_ONLY;RESEARCH_ONLY;SAMPLE_TOO_SMALL_LOCAL_11_MATCHES_NOT_PRODUCTION_READY,True,False
CB,477678,Cheick Keita,523290,Achraf Zine,97.098546,8.900049,97.098546,3,medium_research_only,SAME_ROLE_ONLY;RESEARCH_ONLY;SAMPLE_TOO_SMALL_LOCAL_11_MATCHES_NOT_PRODUCTION_READY,True,False
CB,477678,Cheick Keita,523317,Ismail Soubai,93.335206,13.272484,93.335206,3,medium_research_only,SAME_ROLE_ONLY;RESEARCH_ONLY;SAMPLE_TOO_SMALL_LOCAL_11_MATCHES_NOT_PRODUCTION_READY,True,False
CB,477678,Cheick Keita,524512,Reda Ait Boughima,89.828416,71.911845,89.828416,3,medium_research_only,SAME_ROLE_ONLY;RESEARCH_ONLY;SAMPLE_TOO_SMALL_LOCAL_11_MATCHES_NOT_PRODUCTION_READY,True,False
CB,522354,Akram El Hamdaoui,522357,Mohamed Adam Benhita,93.251783,19.898573,93.251783,3,medium_research_only,SAME_ROLE_ONLY;RESEARCH_ONLY;SAMPLE_TOO_SMALL_LOCAL_11_MATCHES_NOT_PRODUCTION_READY,True,False
CB,522354,Akram El Hamdaoui,523290,Achraf Zine,94.168399,19.491728,94.168399,3,medium_research_only,SAME_ROLE_ONLY;RESEARCH_ONLY;SAMPLE_TOO_SMALL_LOCAL_11_MATCHES_NOT_PRODUCTION_READY,True,False
CB,522354,Akram El Hamdaoui,523317,Ismail Soubai,93.720436,21.723809,93.720436,3,medium_research_only,SAME_ROLE_ONLY;RESEARCH_ONLY;SAMPLE_TOO_SMALL_LOCAL_11_MATCHES_NOT_PRODUCTION_READY,True,False
CB,522354,Akram El Hamdaoui,524512,Reda Ait Boughima,98.13358,55.660092,98.13358,3,medium_research_only,SAME_ROLE_ONLY;RESEARCH_ONLY;SAMPLE_TOO_SMALL_LOCAL_11_MATCHES_NOT_PRODUCTION_READY,True,False
CB,522357,Mohamed Adam Benhita,523290,Achraf Zine,99.480229,4.049127,99.480229,3,medium_research_only,SAME_ROLE_ONLY;RESEARCH_ONLY;SAMPLE_TOO_SMALL_LOCAL_11_MATCHES_NOT_PRODUCTION_READY,True,False
CB,522357,Mohamed Adam Benhita,523317,Ismail Soubai,96.796958,10.148548,96.796958,3,medium_research_only,SAME_ROLE_ONLY;RESEARCH_ONLY;SAMPLE_TOO_SMALL_LOCAL_11_MATCHES_NOT_PRODUCTION_READY,True,False
CB,522357,Mohamed Adam Benhita,524512,Reda Ait Boughima,95.736928,67.449668,95.736928,3,medium_research_only,SAME_ROLE_ONLY;RESEARCH_ONLY;SAMPLE_TOO_SMALL_LOCAL_11_MATCHES_NOT_PRODUCTION_READY,True,False
CB,523290,Achraf Zine,523317,Ismail Soubai,98.842579,6.36252,98.842579,3,medium_research_only,SAME_ROLE_ONLY;RESEARCH_ONLY;SAMPLE_TOO_SMALL_LOCAL_11_MATCHES_NOT_PRODUCTION_READY,True,False
CB,523290,Achraf Zine,524512,Reda Ait Boughima,97.627694,67.392159,97.627694,3,medium_research_only,SAME_ROLE_ONLY;RESEARCH_ONLY;SAMPLE_TOO_SMALL_LOCAL_11_MATCHES_NOT_PRODUCTION_READY,True,False
CB,523317,Ismail Soubai,524512,Reda Ait Boughima,98.547249,70.434503,98.547249,3,medium_research_only,SAME_ROLE_ONLY;RESEARCH_ONLY;SAMPLE_TOO_SMALL_LOCAL_11_MATCHES_NOT_PRODUCTION_READY,True,False
FB,5507,Nicolás Alejandro Tagliafico,5691,Johan Andrés Mojica Palacio,99.151349,20.600371,99.151349,4,medium_research_only,SAME_ROLE_ONLY;RESEARCH_ONLY;SAMPLE_TOO_SMALL_LOCAL_11_MATCHES_NOT_PRODUCTION_READY,True,False
FB,5507,Nicolás Alejandro Tagliafico,5696,Santiago Arias Naranjo,75.794337,18.21257,75.794337,4,medium_research_only,SAME_ROLE_ONLY;RESEARCH_ONLY;SAMPLE_TOO_SMALL_LOCAL_11_MATCHES_NOT_PRODUCTION_READY,True,False
FB,5507,Nicolás Alejandro Tagliafico,28263,Gonzalo Ariel Montiel,77.808132,11.172252,77.808132,4,medium_research_only,SAME_ROLE_ONLY;RESEARCH_ONLY;SAMPLE_TOO_SMALL_LOCAL_11_MATCHES_NOT_PRODUCTION_READY,True,False
FB,5507,Nicolás Alejandro Tagliafico,29201,Nahuel Molina Lucero,95.104777,10.352365,95.104777,4,medium_research_only,SAME_ROLE_ONLY;RESEARCH_ONLY;SAMPLE_TOO_SMALL_LOCAL_11_MATCHES_NOT_PRODUCTION_READY,True,False
FB,5507,Nicolás Alejandro Tagliafico,29391,Nassim Ouammou,97.324065,6.85988,97.324065,4,medium_research_only,SAME_ROLE_ONLY;RESEARCH_ONLY;SAMPLE_TOO_SMALL_LOCAL_11_MATCHES_NOT_PRODUCTION_READY,True,False
FB,5507,Nicolás Alejandro Tagliafico,81364,Euclides da Silva Cabral,98.803363,4.409211,98.803363,4,medium_research_only,SAME_ROLE_ONLY;RESEARCH_ONLY;SAMPLE_TOO_SMALL_LOCAL_11_MATCHES_NOT_PRODUCTION_READY,True,False
FB,5507,Nicolás Alejandro Tagliafico,135851,Augusto de Jesus Corte Real Carneiro,98.543148,3.178648,98.543148,4,medium_research_only,SAME_ROLE_ONLY;RESEARCH_ONLY;SAMPLE_TOO_SMALL_LOCAL_11_MATCHES_NOT_PRODUCTION_READY,True,False
FB,5507,Nicolás Alejandro Tagliafico,136023,Rodrigue Kossi Fiogbé,96.072261,14.145985,96.072261,4,medium_research_only,SAME_ROLE_ONLY;RESEARCH_ONLY;SAMPLE_TOO_SMALL_LOCAL_11_MATCHES_NOT_PRODUCTION_READY,True,False
FB,5507,Nicolás Alejandro Tagliafico,138843,Abdelilah Madkour,95.7391,10.525002,95.7391,4,medium_research_only,SAME_ROLE_ONLY;RESEARCH_ONLY;SAMPLE_TOO_SMALL_LOCAL_11_MATCHES_NOT_PRODUCTION_READY,True,False
FB,5507,Nicolás Alejandro Tagliafico,138910,Jamal Ech-Chammakh,70.18139,15.847515,70.18139,4,medium_research_only,SAME_ROLE_ONLY;RESEARCH_ONLY;SAMPLE_TOO_SMALL_LOCAL_11_MATCHES_NOT_PRODUCTION_READY,True,False
FB,5507,Nicolás Alejandro Tagliafico,138927,Saad El Morsli,96.461784,6.61391,96.461784,4,medium_research_only,SAME_ROLE_ONLY;RESEARCH_ONLY;SAMPLE_TOO_SMALL_LOCAL_11_MATCHES_NOT_PRODUCTION_READY,True,False
FB,5507,Nicolás Alejandro Tagliafico,138945,Mohamed Boulacsout,98.715362,3.322812,98.715362,4,medium_research_only,SAME_ROLE_ONLY;RESEARCH_ONLY;SAMPLE_TOO_SMALL_LOCAL_11_MATCHES_NOT_PRODUCTION_READY,True,False
FB,5507,Nicolás Alejandro Tagliafico,138949,Ayoub Boucheta,97.176238,5.172549,97.176238,4,medium_research_only,SAME_ROLE_ONLY;RESEARCH_ONLY;SAMPLE_TOO_SMALL_LOCAL_11_MATCHES_NOT_PRODUCTION_READY,True,False
FB,5507,Nicolás Alejandro Tagliafico,138956,Anas Bach,98.56387,5.026672,98.56387,4,medium_research_only,SAME_ROLE_ONLY;RESEARCH_ONLY;SAMPLE_TOO_SMALL_LOCAL_11_MATCHES_NOT_PRODUCTION_READY,True,False
FB,5507,Nicolás Alejandro Tagliafico,138966,Youssef Belammari,93.562998,12.003415,93.562998,4,medium_research_only,SAME_ROLE_ONLY;RESEARCH_ONLY;SAMPLE_TOO_SMALL_LOCAL_11_MATCHES_NOT_PRODUCTION_READY,True,False
FB,5507,Nicolás Alejandro Tagliafico,138999,Marouane Lemzaouri,86.621938,9.122117,86.621938,4,medium_research_only,SAME_ROLE_ONLY;RESEARCH_ONLY;SAMPLE_TOO_SMALL_LOCAL_11_MATCHES_NOT_PRODUCTION_READY,True,False
FB,5507,Nicolás Alejandro Tagliafico,139549,Hamza El Janati,96.225293,4.953265,96.225293,4,medium_research_only,SAME_ROLE_ONLY;RESEARCH_ONLY;SAMPLE_TOO_SMALL_LOCAL_11_MATCHES_NOT_PRODUCTION_READY,True,False
FB,5507,Nicolás Alejandro Tagliafico,139560,Hamza El Moussaoui,95.067029,6.478014,95.067029,4,medium_research_only,SAME_ROLE_ONLY;RESEARCH_ONLY;SAMPLE_TOO_SMALL_LOCAL_11_MATCHES_NOT_PRODUCTION_READY,True,False
FB,5507,Nicolás Alejandro Tagliafico,139563,Ayoub Khairi,83.101328,10.801099,83.101328,4,medium_research_only,SAME_ROLE_ONLY;RESEARCH_ONLY;SAMPLE_TOO_SMALL_LOCAL_11_MATCHES_NOT_PRODUCTION_READY,True,False
FB,5507,Nicolás Alejandro Tagliafico,140876,Mohamed Moufid,87.994715,9.069194,87.994715,4,medium_research_only,SAME_ROLE_ONLY;RESEARCH_ONLY;SAMPLE_TOO_SMALL_LOCAL_11_MATCHES_NOT_PRODUCTION_READY,True,False
FB,5507,Nicolás Alejandro Tagliafico,141741,Oussama Al Aiz,93.049777,6.818142,93.049777,4,medium_research_only,SAME_ROLE_ONLY;RESEARCH_ONLY;SAMPLE_TOO_SMALL_LOCAL_11_MATCHES_NOT_PRODUCTION_READY,True,False
FB,5507,Nicolás Alejandro Tagliafico,142789,Oussama Soukhane,76.191489,24.845209,76.191489,4,medium_research_only,SAME_ROLE_ONLY;RESEARCH_ONLY;SAMPLE_TOO_SMALL_LOCAL_11_MATCHES_NOT_PRODUCTION_READY,True,False
FB,5507,Nicolás Alejandro Tagliafico,143163,Hamza Semmoumy,88.989273,8.330418,88.989273,4,medium_research_only,SAME_ROLE_ONLY;RESEARCH_ONLY;SAMPLE_TOO_SMALL_LOCAL_11_MATCHES_NOT_PRODUCTION_READY,True,False
FB,5507,Nicolás Alejandro Tagliafico,144331,Oussama Raoui,92.606207,58.69486,92.606207,4,medium_research_only,SAME_ROLE_ONLY;RESEARCH_ONLY;SAMPLE_TOO_SMALL_LOCAL_11_MATCHES_NOT_PRODUCTION_READY,True,False
FB,5507,Nicolás Alejandro Tagliafico,152015,Zakaria Kiani,98.42998,8.906598,98.42998,4,medium_research_only,SAME_ROLE_ONLY;RESEARCH_ONLY;SAMPLE_TOO_SMALL_LOCAL_11_MATCHES_NOT_PRODUCTION_READY,True,False
FB,5507,Nicolás Alejandro Tagliafico,178342,Ettayb Boukhriss,99.790356,13.676901,99.790356,4,medium_research_only,SAME_ROLE_ONLY;RESEARCH_ONLY;SAMPLE_TOO_SMALL_LOCAL_11_MATCHES_NOT_PRODUCTION_READY,True,False
FB,5507,Nicolás Alejandro Tagliafico,312413,Soulaimane El Bouchqali,70.234607,15.898181,70.234607,4,medium_research_only,SAME_ROLE_ONLY;RESEARCH_ONLY;SAMPLE_TOO_SMALL_LOCAL_11_MATCHES_NOT_PRODUCTION_READY,True,False
FB,5507,Nicolás Alejandro Tagliafico,313287,Redouane Ait Lemkadem,99.821738,7.649997,99.821738,4,medium_research_only,SAME_ROLE_ONLY;RESEARCH_ONLY;SAMPLE_TOO_SMALL_LOCAL_11_MATCHES_NOT_PRODUCTION_READY,True,False
FB,5507,Nicolás Alejandro Tagliafico,313974,Mohamed El Abdi,97.456059,4.746693,97.456059,4,medium_research_only,SAME_ROLE_ONLY;RESEARCH_ONLY;SAMPLE_TOO_SMALL_LOCAL_11_MATCHES_NOT_PRODUCTION_READY,True,False
FB,5507,Nicolás Alejandro Tagliafico,314450,Anass Lamrabat,87.622192,9.818433,87.622192,4,medium_research_only,SAME_ROLE_ONLY;RESEARCH_ONLY;SAMPLE_TOO_SMALL_LOCAL_11_MATCHES_NOT_PRODUCTION_READY,True,False
FB,5507,Nicolás Alejandro Tagliafico,314451,Houdaifa El Mahasni,96.18207,9.658544,96.18207,4,medium_research_only,SAME_ROLE_ONLY;RESEARCH_ONLY;SAMPLE_TOO_SMALL_LOCAL_11_MATCHES_NOT_PRODUCTION_READY,True,False
FB,5507,Nicolás Alejandro Tagliafico,337496,Haytam Manaout,99.271028,5.03583,99.271028,4,medium_research_only,SAME_ROLE_ONLY;RESEARCH_ONLY;SAMPLE_TOO_SMALL_LOCAL_11_MATCHES_NOT_PRODUCTION_READY,True,False
FB,5507,Nicolás Alejandro Tagliafico,339278,Chemseddine Knaidil,97.639099,12.39602,97.639099,4,medium_research_only,SAME_ROLE_ONLY;RESEARCH_ONLY;SAMPLE_TOO_SMALL_LOCAL_11_MATCHES_NOT_PRODUCTION_READY,True,False
FB,5507,Nicolás Alejandro Tagliafico,405342,Guilherme Ferreira de Oliveira,67.084424,93.38832,67.084424,4,medium_research_only,SAME_ROLE_ONLY;RESEARCH_ONLY;SAMPLE_TOO_SMALL_LOCAL_11_MATCHES_NOT_PRODUCTION_READY,True,False
FB,5507,Nicolás Alejandro Tagliafico,406864,Hamza Malki,99.879732,13.64035,99.879732,4,medium_research_only,SAME_ROLE_ONLY;RESEARCH_ONLY;SAMPLE_TOO_SMALL_LOCAL_11_MATCHES_NOT_PRODUCTION_READY,True,False
FB,5507,Nicolás Alejandro Tagliafico,409454,Ayoub Tine,89.503557,8.065316,89.503557,4,medium_research_only,SAME_ROLE_ONLY;RESEARCH_ONLY;SAMPLE_TOO_SMALL_LOCAL_11_MATCHES_NOT_PRODUCTION_READY,True,False
FB,5507,Nicolás Alejandro Tagliafico,442100,Marouane Ouhrou,96.056591,7.882754,96.056591,4,medium_research_only,SAME_ROLE_ONLY;RESEARCH_ONLY;SAMPLE_TOO_SMALL_LOCAL_11_MATCHES_NOT_PRODUCTION_READY,True,False
FB,5507,Nicolás Alejandro Tagliafico,442286,Oussama Daoui,93.014577,9.09219,93.014577,4,medium_research_only,SAME_ROLE_ONLY;RESEARCH_ONLY;SAMPLE_TOO_SMALL_LOCAL_11_MATCHES_NOT_PRODUCTION_READY,True,False
FB,5507,Nicolás Alejandro Tagliafico,442926,Ousmane Diallo,99.360022,2.11916,99.360022,4,medium_research_only,SAME_ROLE_ONLY;RESEARCH_ONLY;SAMPLE_TOO_SMALL_LOCAL_11_MATCHES_NOT_PRODUCTION_READY,True,False
FB,5507,Nicolás Alejandro Tagliafico,477677,Yassine Boughaz,96.04795,6.877374,96.04795,4,medium_research_only,SAME_ROLE_ONLY;RESEARCH_ONLY;SAMPLE_TOO_SMALL_LOCAL_11_MATCHES_NOT_PRODUCTION_READY,True,False
FB,5507,Nicolás Alejandro Tagliafico,522352,Hamza Fassoukh,97.851615,5.532343,97.851615,4,medium_research_only,SAME_ROLE_ONLY;RESEARCH_ONLY;SAMPLE_TOO_SMALL_LOCAL_11_MATCHES_NOT_PRODUCTION_READY,True,False
FB,5507,Nicolás Alejandro Tagliafico,523288,Abdelali Khouch,70.401165,21.253401,70.401165,4,medium_research_only,SAME_ROLE_ONLY;RESEARCH_ONLY;SAMPLE_TOO_SMALL_LOCAL_11_MATCHES_NOT_PRODUCTION_READY,True,False
FB,5507,Nicolás Alejandro Tagliafico,523293,Nassim Azzoubairi,99.374735,2.083482,99.374735,4,medium_research_only,SAME_ROLE_ONLY;RESEARCH_ONLY;SAMPLE_TOO_SMALL_LOCAL_11_MATCHES_NOT_PRODUCTION_READY,True,False
FB,5507,Nicolás Alejandro Tagliafico,523299,Youness Noussir,78.510619,12.944627,78.510619,4,medium_research_only,SAME_ROLE_ONLY;RESEARCH_ONLY;SAMPLE_TOO_SMALL_LOCAL_11_MATCHES_NOT_PRODUCTION_READY,True,False
FB,5507,Nicolás Alejandro Tagliafico,523318,Younes El Khafi,98.896939,2.903741,98.896939,4,medium_research_only,SAME_ROLE_ONLY;RESEARCH_ONLY;SAMPLE_TOO_SMALL_LOCAL_11_MATCHES_NOT_PRODUCTION_READY,True,False
FB,5507,Nicolás Alejandro Tagliafico,523998,Zakaria Aiada,98.40573,3.600294,98.40573,4,medium_research_only,SAME_ROLE_ONLY;RESEARCH_ONLY;SAMPLE_TOO_SMALL_LOCAL_11_MATCHES_NOT_PRODUCTION_READY,True,False
FB,5691,Johan Andrés Mojica Palacio,5696,Santiago Arias Naranjo,83.158639,24.891878,83.158639,4,medium_research_only,SAME_ROLE_ONLY;RESEARCH_ONLY;SAMPLE_TOO_SMALL_LOCAL_11_MATCHES_NOT_PRODUCTION_READY,True,False
FB,5691,Johan Andrés Mojica Palacio,28263,Gonzalo Ariel Montiel,84.879652,27.173292,84.879652,4,medium_research_only,SAME_ROLE_ONLY;RESEARCH_ONLY;SAMPLE_TOO_SMALL_LOCAL_11_MATCHES_NOT_PRODUCTION_READY,True,False
FB,5691,Johan Andrés Mojica Palacio,29201,Nahuel Molina Lucero,90.73672,30.824973,90.73672,4,medium_research_only,SAME_ROLE_ONLY;RESEARCH_ONLY;SAMPLE_TOO_SMALL_LOCAL_11_MATCHES_NOT_PRODUCTION_READY,True,False
FB,5691,Johan Andrés Mojica Palacio,29391,Nassim Ouammou,93.636877,19.759699,93.636877,4,medium_research_only,SAME_ROLE_ONLY;RESEARCH_ONLY;SAMPLE_TOO_SMALL_LOCAL_11_MATCHES_NOT_PRODUCTION_READY,True,False
FB,5691,Johan Andrés Mojica Palacio,81364,Euclides da Silva Cabral,99.583735,24.044523,99.583735,4,medium_research_only,SAME_ROLE_ONLY;RESEARCH_ONLY;SAMPLE_TOO_SMALL_LOCAL_11_MATCHES_NOT_PRODUCTION_READY,True,False
FB,5691,Johan Andrés Mojica Palacio,135851,Augusto de Jesus Corte Real Carneiro,99.896476,21.298725,99.896476,4,medium_research_only,SAME_ROLE_ONLY;RESEARCH_ONLY;SAMPLE_TOO_SMALL_LOCAL_11_MATCHES_NOT_PRODUCTION_READY,True,False
FB,5691,Johan Andrés Mojica Palacio,136023,Rodrigue Kossi Fiogbé,91.766594,18.451,91.766594,4,medium_research_only,SAME_ROLE_ONLY;RESEARCH_ONLY;SAMPLE_TOO_SMALL_LOCAL_11_MATCHES_NOT_PRODUCTION_READY,True,False
FB,5691,Johan Andrés Mojica Palacio,138843,Abdelilah Madkour,91.494669,30.980025,91.494669,4,medium_research_only,SAME_ROLE_ONLY;RESEARCH_ONLY;SAMPLE_TOO_SMALL_LOCAL_11_MATCHES_NOT_PRODUCTION_READY,True,False
FB,5691,Johan Andrés Mojica Palacio,138910,Jamal Ech-Chammakh,77.881421,27.730095,77.881421,4,medium_research_only,SAME_ROLE_ONLY;RESEARCH_ONLY;SAMPLE_TOO_SMALL_LOCAL_11_MATCHES_NOT_PRODUCTION_READY,True,False
FB,5691,Johan Andrés Mojica Palacio,138927,Saad El Morsli,99.051935,17.230576,99.051935,4,medium_research_only,SAME_ROLE_ONLY;RESEARCH_ONLY;SAMPLE_TOO_SMALL_LOCAL_11_MATCHES_NOT_PRODUCTION_READY,True,False
FB,5691,Johan Andrés Mojica Palacio,138945,Mohamed Boulacsout,99.947409,22.166895,99.947409,4,medium_research_only,SAME_ROLE_ONLY;RESEARCH_ONLY;SAMPLE_TOO_SMALL_LOCAL_11_MATCHES_NOT_PRODUCTION_READY,True,False
FB,5691,Johan Andrés Mojica Palacio,138949,Ayoub Boucheta,99.248405,24.039286,99.248405,4,medium_research_only,SAME_ROLE_ONLY;RESEARCH_ONLY;SAMPLE_TOO_SMALL_LOCAL_11_MATCHES_NOT_PRODUCTION_READY,True,False
FB,5691,Johan Andrés Mojica Palacio,138956,Anas Bach,95.557689,19.369929,95.557689,4,medium_research_only,SAME_ROLE_ONLY;RESEARCH_ONLY;SAMPLE_TOO_SMALL_LOCAL_11_MATCHES_NOT_PRODUCTION_READY,True,False
FB,5691,Johan Andrés Mojica Palacio,138966,Youssef Belammari,97.290385,14.67483,97.290385,4,medium_research_only,SAME_ROLE_ONLY;RESEARCH_ONLY;SAMPLE_TOO_SMALL_LOCAL_11_MATCHES_NOT_PRODUCTION_READY,True,False
FB,5691,Johan Andrés Mojica Palacio,138999,Marouane Lemzaouri,91.967669,27.404195,91.967669,4,medium_research_only,SAME_ROLE_ONLY;RESEARCH_ONLY;SAMPLE_TOO_SMALL_LOCAL_11_MATCHES_NOT_PRODUCTION_READY,True,False
FB,5691,Johan Andrés Mojica Palacio,139549,Hamza El Janati,98.905957,21.54637,98.905957,4,medium_research_only,SAME_ROLE_ONLY;RESEARCH_ONLY;SAMPLE_TOO_SMALL_LOCAL_11_MATCHES_NOT_PRODUCTION_READY,True,False
FB,5691,Johan Andrés Mojica Palacio,139560,Hamza El Moussaoui,98.180147,19.274655,98.180147,4,medium_research_only,SAME_ROLE_ONLY;RESEARCH_ONLY;SAMPLE_TOO_SMALL_LOCAL_11_MATCHES_NOT_PRODUCTION_READY,True,False
FB,5691,Johan Andrés Mojica Palacio,139563,Ayoub Khairi,83.651947,30.727901,83.651947,4,medium_research_only,SAME_ROLE_ONLY;RESEARCH_ONLY;SAMPLE_TOO_SMALL_LOCAL_11_MATCHES_NOT_PRODUCTION_READY,True,False
FB,5691,Johan Andrés Mojica Palacio,140876,Mohamed Moufid,93.242853,22.818012,93.242853,4,medium_research_only,SAME_ROLE_ONLY;RESEARCH_ONLY;SAMPLE_TOO_SMALL_LOCAL_11_MATCHES_NOT_PRODUCTION_READY,True,False
FB,5691,Johan Andrés Mojica Palacio,141741,Oussama Al Aiz,96.89286,21.63437,96.89286,4,medium_research_only,SAME_ROLE_ONLY;RESEARCH_ONLY;SAMPLE_TOO_SMALL_LOCAL_11_MATCHES_NOT_PRODUCTION_READY,True,False
FB,5691,Johan Andrés Mojica Palacio,142789,Oussama Soukhane,83.526551,25.567284,83.526551,4,medium_research_only,SAME_ROLE_ONLY;RESEARCH_ONLY;SAMPLE_TOO_SMALL_LOCAL_11_MATCHES_NOT_PRODUCTION_READY,True,False
FB,5691,Johan Andrés Mojica Palacio,143163,Hamza Semmoumy,94.02348,23.424081,94.02348,4,medium_research_only,SAME_ROLE_ONLY;RESEARCH_ONLY;SAMPLE_TOO_SMALL_LOCAL_11_MATCHES_NOT_PRODUCTION_READY,True,False
FB,5691,Johan Andrés Mojica Palacio,144331,Oussama Raoui,96.670241,40.161476,96.670241,4,medium_research_only,SAME_ROLE_ONLY;RESEARCH_ONLY;SAMPLE_TOO_SMALL_LOCAL_11_MATCHES_NOT_PRODUCTION_READY,True,False
FB,5691,Johan Andrés Mojica Palacio,152015,Zakaria Kiani,95.414409,16.727832,95.414409,4,medium_research_only,SAME_ROLE_ONLY;RESEARCH_ONLY;SAMPLE_TOO_SMALL_LOCAL_11_MATCHES_NOT_PRODUCTION_READY,True,False
FB,5691,Johan Andrés Mojica Palacio,178342,Ettayb Boukhriss,98.113279,10.541591,98.113279,4,medium_research_only,SAME_ROLE_ONLY;RESEARCH_ONLY;SAMPLE_TOO_SMALL_LOCAL_11_MATCHES_NOT_PRODUCTION_READY,True,False
FB,5691,Johan Andrés Mojica Palacio,312413,Soulaimane El Bouchqali,77.620443,27.819255,77.620443,4,medium_research_only,SAME_ROLE_ONLY;RESEARCH_ONLY;SAMPLE_TOO_SMALL_LOCAL_11_MATCHES_NOT_PRODUCTION_READY,True,False
FB,5691,Johan Andrés Mojica Palacio,313287,Redouane Ait Lemkadem,98.313252,14.412581,98.313252,4,medium_research_only,SAME_ROLE_ONLY;RESEARCH_ONLY;SAMPLE_TOO_SMALL_LOCAL_11_MATCHES_NOT_PRODUCTION_READY,True,False
FB,5691,Johan Andrés Mojica Palacio,313974,Mohamed El Abdi,99.512303,18.752847,99.512303,4,medium_research_only,SAME_ROLE_ONLY;RESEARCH_ONLY;SAMPLE_TOO_SMALL_LOCAL_11_MATCHES_NOT_PRODUCTION_READY,True,False
FB,5691,Johan Andrés Mojica Palacio,314450,Anass Lamrabat,92.962108,22.003034,92.962108,4,medium_research_only,SAME_ROLE_ONLY;RESEARCH_ONLY;SAMPLE_TOO_SMALL_LOCAL_11_MATCHES_NOT_PRODUCTION_READY,True,False
FB,5691,Johan Andrés Mojica Palacio,314451,Houdaifa El Mahasni,98.901673,14.053723,98.901673,4,medium_research_only,SAME_ROLE_ONLY;RESEARCH_ONLY;SAMPLE_TOO_SMALL_LOCAL_11_MATCHES_NOT_PRODUCTION_READY,True,False
FB,5691,Johan Andrés Mojica Palacio,337496,Haytam Manaout,99.847528,16.016214,99.847528,4,medium_research_only,SAME_ROLE_ONLY;RESEARCH_ONLY;SAMPLE_TOO_SMALL_LOCAL_11_MATCHES_NOT_PRODUCTION_READY,True,False
FB,5691,Johan Andrés Mojica Palacio,339278,Chemseddine Knaidil,99.611383,9.764288,99.611383,4,medium_research_only,SAME_ROLE_ONLY;RESEARCH_ONLY;SAMPLE_TOO_SMALL_LOCAL_11_MATCHES_NOT_PRODUCTION_READY,True,False
FB,5691,Johan Andrés Mojica Palacio,405342,Guilherme Ferreira de Oliveira,64.900918,92.71788,64.900918,4,medium_research_only,SAME_ROLE_ONLY;RESEARCH_ONLY;SAMPLE_TOO_SMALL_LOCAL_11_MATCHES_NOT_PRODUCTION_READY,True,False
FB,5691,Johan Andrés Mojica Palacio,406864,Hamza Malki,99.112824,8.701902,99.112824,4,medium_research_only,SAME_ROLE_ONLY;RESEARCH_ONLY;SAMPLE_TOO_SMALL_LOCAL_11_MATCHES_NOT_PRODUCTION_READY,True,False
FB,5691,Johan Andrés Mojica Palacio,409454,Ayoub Tine,94.406355,25.580905,94.406355,4,medium_research_only,SAME_ROLE_ONLY;RESEARCH_ONLY;SAMPLE_TOO_SMALL_LOCAL_11_MATCHES_NOT_PRODUCTION_READY,True,False
FB,5691,Johan Andrés Mojica Palacio,442100,Marouane Ouhrou,91.710349,28.482244,91.710349,4,medium_research_only,SAME_ROLE_ONLY;RESEARCH_ONLY;SAMPLE_TOO_SMALL_LOCAL_11_MATCHES_NOT_PRODUCTION_READY,True,False
FB,5691,Johan Andrés Mojica Palacio,442286,Oussama Daoui,96.751145,28.66046,96.751145,4,medium_research_only,SAME_ROLE_ONLY;RESEARCH_ONLY;SAMPLE_TOO_SMALL_LOCAL_11_MATCHES_NOT_PRODUCTION_READY,True,False
FB,5691,Johan Andrés Mojica Palacio,442926,Ousmane Diallo,99.934714,20.877331,99.934714,4,medium_research_only,SAME_ROLE_ONLY;RESEARCH_ONLY;SAMPLE_TOO_SMALL_LOCAL_11_MATCHES_NOT_PRODUCTION_READY,True,False
FB,5691,Johan Andrés Mojica Palacio,477677,Yassine Boughaz,91.71085,27.433092,91.71085,4,medium_research_only,SAME_ROLE_ONLY;RESEARCH_ONLY;SAMPLE_TOO_SMALL_LOCAL_11_MATCHES_NOT_PRODUCTION_READY,True,False
FB,5691,Johan Andrés Mojica Palacio,522352,Hamza Fassoukh,99.666889,16.965202,99.666889,4,medium_research_only,SAME_ROLE_ONLY;RESEARCH_ONLY;SAMPLE_TOO_SMALL_LOCAL_11_MATCHES_NOT_PRODUCTION_READY,True,False
FB,5691,Johan Andrés Mojica Palacio,523288,Abdelali Khouch,78.193199,27.766202,78.193199,4,medium_research_only,SAME_ROLE_ONLY;RESEARCH_ONLY;SAMPLE_TOO_SMALL_LOCAL_11_MATCHES_NOT_PRODUCTION_READY,True,False
FB,5691,Johan Andrés Mojica Palacio,523293,Nassim Azzoubairi,99.922605,20.056924,99.922605,4,medium_research_only,SAME_ROLE_ONLY;RESEARCH_ONLY;SAMPLE_TOO_SMALL_LOCAL_11_MATCHES_NOT_PRODUCTION_READY,True,False
FB,5691,Johan Andrés Mojica Palacio,523299,Youness Noussir,85.458332,25.042352,85.458332,4,medium_research_only,SAME_ROLE_ONLY;RESEARCH_ONLY;SAMPLE_TOO_SMALL_LOCAL_11_MATCHES_NOT_PRODUCTION_READY,True,False
FB,5691,Johan Andrés Mojica Palacio,523318,Younes El Khafi,96.173778,21.212563,96.173778,4,medium_research_only,SAME_ROLE_ONLY;RESEARCH_ONLY;SAMPLE_TOO_SMALL_LOCAL_11_MATCHES_NOT_PRODUCTION_READY,True,False
FB,5691,Johan Andrés Mojica Palacio,523998,Zakaria Aiada,99.672333,22.30273,99.672333,4,medium_research_only,SAME_ROLE_ONLY;RESEARCH_ONLY;SAMPLE_TOO_SMALL_LOCAL_11_MATCHES_NOT_PRODUCTION_READY,True,False
FB,5696,Santiago Arias Naranjo,28263,Gonzalo Ariel Montiel,99.931113,11.05169,99.931113,4,medium_research_only,SAME_ROLE_ONLY;RESEARCH_ONLY;SAMPLE_TOO_SMALL_LOCAL_11_MATCHES_NOT_PRODUCTION_READY,True,False
FB,5696,Santiago Arias Naranjo,29201,Nahuel Molina Lucero,57.47805,20.881443,57.47805,4,medium_research_only,SAME_ROLE_ONLY;RESEARCH_ONLY;SAMPLE_TOO_SMALL_LOCAL_11_MATCHES_NOT_PRODUCTION_READY,True,False
FB,5696,Santiago Arias Naranjo,29391,Nassim Ouammou,60.686772,24.498757,60.686772,4,medium_research_only,SAME_ROLE_ONLY;RESEARCH_ONLY;SAMPLE_TOO_SMALL_LOCAL_11_MATCHES_NOT_PRODUCTION_READY,True,False
FB,5696,Santiago Arias Naranjo,81364,Euclides da Silva Cabral,83.283135,16.463108,83.283135,4,medium_research_only,SAME_ROLE_ONLY;RESEARCH_ONLY;SAMPLE_TOO_SMALL_LOCAL_11_MATCHES_NOT_PRODUCTION_READY,True,False
FB,5696,Santiago Arias Naranjo,135851,Augusto de Jesus Corte Real Carneiro,85.303571,15.240503,85.303571,4,medium_research_only,SAME_ROLE_ONLY;RESEARCH_ONLY;SAMPLE_TOO_SMALL_LOCAL_11_MATCHES_NOT_PRODUCTION_READY,True,False
FB,5696,Santiago Arias Naranjo,136023,Rodrigue Kossi Fiogbé,57.141499,30.470112,57.141499,4,medium_research_only,SAME_ROLE_ONLY;RESEARCH_ONLY;SAMPLE_TOO_SMALL_LOCAL_11_MATCHES_NOT_PRODUCTION_READY,True,False
FB,5696,Santiago Arias Naranjo,138843,Abdelilah Madkour,56.873972,20.918448,56.873972,4,medium_research_only,SAME_ROLE_ONLY;RESEARCH_ONLY;SAMPLE_TOO_SMALL_LOCAL_11_MATCHES_NOT_PRODUCTION_READY,True,False
FB,5696,Santiago Arias Naranjo,138910,Jamal Ech-Chammakh,98.932205,6.578809,98.932205,4,medium_research_only,SAME_ROLE_ONLY;RESEARCH_ONLY;SAMPLE_TOO_SMALL_LOCAL_11_MATCHES_NOT_PRODUCTION_READY,True,False
FB,5696,Santiago Arias Naranjo,138927,Saad El Morsli,89.761931,12.805223,89.761931,4,medium_research_only,SAME_ROLE_ONLY;RESEARCH_ONLY;SAMPLE_TOO_SMALL_LOCAL_11_MATCHES_NOT_PRODUCTION_READY,True,False
FB,5696,Santiago Arias Naranjo,138945,Mohamed Boulacsout,84.770701,15.597362,84.770701,4,medium_research_only,SAME_ROLE_ONLY;RESEARCH_ONLY;SAMPLE_TOO_SMALL_LOCAL_11_MATCHES_NOT_PRODUCTION_READY,True,False
FB,5696,Santiago Arias Naranjo,138949,Ayoub Boucheta,88.189669,15.206067,88.189669,4,medium_research_only,SAME_ROLE_ONLY;RESEARCH_ONLY;SAMPLE_TOO_SMALL_LOCAL_11_MATCHES_NOT_PRODUCTION_READY,True,False
FB,5696,Santiago Arias Naranjo,138956,Anas Bach,64.92332,22.626093,64.92332,4,medium_research_only,SAME_ROLE_ONLY;RESEARCH_ONLY;SAMPLE_TOO_SMALL_LOCAL_11_MATCHES_NOT_PRODUCTION_READY,True,False
FB,5696,Santiago Arias Naranjo,138966,Youssef Belammari,93.496444,10.871823,93.496444,4,medium_research_only,SAME_ROLE_ONLY;RESEARCH_ONLY;SAMPLE_TOO_SMALL_LOCAL_11_MATCHES_NOT_PRODUCTION_READY,True,False
FB,5696,Santiago Arias Naranjo,138999,Marouane Lemzaouri,97.580986,14.357822,97.580986,4,medium_research_only,SAME_ROLE_ONLY;RESEARCH_ONLY;SAMPLE_TOO_SMALL_LOCAL_11_MATCHES_NOT_PRODUCTION_READY,True,False
FB,5696,Santiago Arias Naranjo,139549,Hamza El Janati,90.165223,13.485356,90.165223,4,medium_research_only,SAME_ROLE_ONLY;RESEARCH_ONLY;SAMPLE_TOO_SMALL_LOCAL_11_MATCHES_NOT_PRODUCTION_READY,True,False
FB,5696,Santiago Arias Naranjo,139560,Hamza El Moussaoui,91.691288,11.964137,91.691288,4,medium_research_only,SAME_ROLE_ONLY;RESEARCH_ONLY;SAMPLE_TOO_SMALL_LOCAL_11_MATCHES_NOT_PRODUCTION_READY,True,False
FB,5696,Santiago Arias Naranjo,139563,Ayoub Khairi,75.50665,19.410723,75.50665,4,medium_research_only,SAME_ROLE_ONLY;RESEARCH_ONLY;SAMPLE_TOO_SMALL_LOCAL_11_MATCHES_NOT_PRODUCTION_READY,True,False
FB,5696,Santiago Arias Naranjo,140876,Mohamed Moufid,97.422133,9.579189,97.422133,4,medium_research_only,SAME_ROLE_ONLY;RESEARCH_ONLY;SAMPLE_TOO_SMALL_LOCAL_11_MATCHES_NOT_PRODUCTION_READY,True,False
FB,5696,Santiago Arias Naranjo,141741,Oussama Al Aiz,93.887655,11.59936,93.887655,4,medium_research_only,SAME_ROLE_ONLY;RESEARCH_ONLY;SAMPLE_TOO_SMALL_LOCAL_11_MATCHES_NOT_PRODUCTION_READY,True,False
FB,5696,Santiago Arias Naranjo,142789,Oussama Soukhane,99.967418,7.98172,99.967418,4,medium_research_only,SAME_ROLE_ONLY;RESEARCH_ONLY;SAMPLE_TOO_SMALL_LOCAL_11_MATCHES_NOT_PRODUCTION_READY,True,False
FB,5696,Santiago Arias Naranjo,143163,Hamza Semmoumy,96.928455,10.742211,96.928455,4,medium_research_only,SAME_ROLE_ONLY;RESEARCH_ONLY;SAMPLE_TOO_SMALL_LOCAL_11_MATCHES_NOT_PRODUCTION_READY,True,False
FB,5696,Santiago Arias Naranjo,144331,Oussama Raoui,94.181804,51.665037,94.181804,4,medium_research_only,SAME_ROLE_ONLY;RESEARCH_ONLY;SAMPLE_TOO_SMALL_LOCAL_11_MATCHES_NOT_PRODUCTION_READY,True,False
FB,5696,Santiago Arias Naranjo,152015,Zakaria Kiani,64.478795,25.034683,64.478795,4,medium_research_only,SAME_ROLE_ONLY;RESEARCH_ONLY;SAMPLE_TOO_SMALL_LOCAL_11_MATCHES_NOT_PRODUCTION_READY,True,False
FB,5696,Santiago Arias Naranjo,178342,Ettayb Boukhriss,71.889679,25.698748,71.889679,4,medium_research_only,SAME_ROLE_ONLY;RESEARCH_ONLY;SAMPLE_TOO_SMALL_LOCAL_11_MATCHES_NOT_PRODUCTION_READY,True,False
FB,5696,Santiago Arias Naranjo,312413,Soulaimane El Bouchqali,97.923257,7.47089,97.923257,4,medium_research_only,SAME_ROLE_ONLY;RESEARCH_ONLY;SAMPLE_TOO_SMALL_LOCAL_11_MATCHES_NOT_PRODUCTION_READY,True,False
FB,5696,Santiago Arias Naranjo,313287,Redouane Ait Lemkadem,72.453094,21.858774,72.453094,4,medium_research_only,SAME_ROLE_ONLY;RESEARCH_ONLY;SAMPLE_TOO_SMALL_LOCAL_11_MATCHES_NOT_PRODUCTION_READY,True,False
FB,5696,Santiago Arias Naranjo,313974,Mohamed El Abdi,87.812717,13.872263,87.812717,4,medium_research_only,SAME_ROLE_ONLY;RESEARCH_ONLY;SAMPLE_TOO_SMALL_LOCAL_11_MATCHES_NOT_PRODUCTION_READY,True,False
FB,5696,Santiago Arias Naranjo,314450,Anass Lamrabat,97.610834,8.489634,97.610834,4,medium_research_only,SAME_ROLE_ONLY;RESEARCH_ONLY;SAMPLE_TOO_SMALL_LOCAL_11_MATCHES_NOT_PRODUCTION_READY,True,False
FB,5696,Santiago Arias Naranjo,314451,Houdaifa El Mahasni,90.195729,12.986204,90.195729,4,medium_research_only,SAME_ROLE_ONLY;RESEARCH_ONLY;SAMPLE_TOO_SMALL_LOCAL_11_MATCHES_NOT_PRODUCTION_READY,True,False
FB,5696,Santiago Arias Naranjo,337496,Haytam Manaout,82.302066,16.535585,82.302066,4,medium_research_only,SAME_ROLE_ONLY;RESEARCH_ONLY;SAMPLE_TOO_SMALL_LOCAL_11_MATCHES_NOT_PRODUCTION_READY,True,False
FB,5696,Santiago Arias Naranjo,339278,Chemseddine Knaidil,87.517319,16.233429,87.517319,4,medium_research_only,SAME_ROLE_ONLY;RESEARCH_ONLY;SAMPLE_TOO_SMALL_LOCAL_11_MATCHES_NOT_PRODUCTION_READY,True,False
FB,5696,Santiago Arias Naranjo,405342,Guilherme Ferreira de Oliveira,54.712312,97.333571,54.712312,4,medium_research_only,SAME_ROLE_ONLY;RESEARCH_ONLY;SAMPLE_TOO_SMALL_LOCAL_11_MATCHES_NOT_PRODUCTION_READY,True,False
FB,5696,Santiago Arias Naranjo,406864,Hamza Malki,75.883655,23.897155,75.883655,4,medium_research_only,SAME_ROLE_ONLY;RESEARCH_ONLY;SAMPLE_TOO_SMALL_LOCAL_11_MATCHES_NOT_PRODUCTION_READY,True,False
FB,5696,Santiago Arias Naranjo,409454,Ayoub Tine,96.602803,13.144037,96.602803,4,medium_research_only,SAME_ROLE_ONLY;RESEARCH_ONLY;SAMPLE_TOO_SMALL_LOCAL_11_MATCHES_NOT_PRODUCTION_READY,True,False
FB,5696,Santiago Arias Naranjo,442100,Marouane Ouhrou,57.293858,21.084872,57.293858,4,medium_research_only,SAME_ROLE_ONLY;RESEARCH_ONLY;SAMPLE_TOO_SMALL_LOCAL_11_MATCHES_NOT_PRODUCTION_READY,True,False
FB,5696,Santiago Arias Naranjo,442286,Oussama Daoui,93.66788,16.968125,93.66788,4,medium_research_only,SAME_ROLE_ONLY;RESEARCH_ONLY;SAMPLE_TOO_SMALL_LOCAL_11_MATCHES_NOT_PRODUCTION_READY,True,False
FB,5696,Santiago Arias Naranjo,442926,Ousmane Diallo,82.204427,16.200574,82.204427,4,medium_research_only,SAME_ROLE_ONLY;RESEARCH_ONLY;SAMPLE_TOO_SMALL_LOCAL_11_MATCHES_NOT_PRODUCTION_READY,True,False
FB,5696,Santiago Arias Naranjo,477677,Yassine Boughaz,57.293196,21.316703,57.293196,4,medium_research_only,SAME_ROLE_ONLY;RESEARCH_ONLY;SAMPLE_TOO_SMALL_LOCAL_11_MATCHES_NOT_PRODUCTION_READY,True,False
FB,5696,Santiago Arias Naranjo,522352,Hamza Fassoukh,86.72763,14.362996,86.72763,4,medium_research_only,SAME_ROLE_ONLY;RESEARCH_ONLY;SAMPLE_TOO_SMALL_LOCAL_11_MATCHES_NOT_PRODUCTION_READY,True,False
FB,5696,Santiago Arias Naranjo,523288,Abdelali Khouch,99.354346,3.976796,99.354346,4,medium_research_only,SAME_ROLE_ONLY;RESEARCH_ONLY;SAMPLE_TOO_SMALL_LOCAL_11_MATCHES_NOT_PRODUCTION_READY,True,False
FB,5696,Santiago Arias Naranjo,523293,Nassim Azzoubairi,82.112156,16.191177,82.112156,4,medium_research_only,SAME_ROLE_ONLY;RESEARCH_ONLY;SAMPLE_TOO_SMALL_LOCAL_11_MATCHES_NOT_PRODUCTION_READY,True,False
FB,5696,Santiago Arias Naranjo,523299,Youness Noussir,99.850964,6.529676,99.850964,4,medium_research_only,SAME_ROLE_ONLY;RESEARCH_ONLY;SAMPLE_TOO_SMALL_LOCAL_11_MATCHES_NOT_PRODUCTION_READY,True,False
FB,5696,Santiago Arias Naranjo,523318,Younes El Khafi,66.547675,21.040269,66.547675,4,medium_research_only,SAME_ROLE_ONLY;RESEARCH_ONLY;SAMPLE_TOO_SMALL_LOCAL_11_MATCHES_NOT_PRODUCTION_READY,True,False
FB,5696,Santiago Arias Naranjo,523998,Zakaria Aiada,85.185033,15.483596,85.185033,4,medium_research_only,SAME_ROLE_ONLY;RESEARCH_ONLY;SAMPLE_TOO_SMALL_LOCAL_11_MATCHES_NOT_PRODUCTION_READY,True,False
FB,28263,Gonzalo Ariel Montiel,29201,Nahuel Molina Lucero,60.004307,9.939618,60.004307,4,medium_research_only,SAME_ROLE_ONLY;RESEARCH_ONLY;SAMPLE_TOO_SMALL_LOCAL_11_MATCHES_NOT_PRODUCTION_READY,True,False
FB,28263,Gonzalo Ariel Montiel,29391,Nassim Ouammou,62.968869,17.980131,62.968869,4,medium_research_only,SAME_ROLE_ONLY;RESEARCH_ONLY;SAMPLE_TOO_SMALL_LOCAL_11_MATCHES_NOT_PRODUCTION_READY,True,False
FB,28263,Gonzalo Ariel Montiel,81364,Euclides da Silva Cabral,85.119437,7.515943,85.119437,4,medium_research_only,SAME_ROLE_ONLY;RESEARCH_ONLY;SAMPLE_TOO_SMALL_LOCAL_11_MATCHES_NOT_PRODUCTION_READY,True,False
FB,28263,Gonzalo Ariel Montiel,135851,Augusto de Jesus Corte Real Carneiro,86.95223,8.161945,86.95223,4,medium_research_only,SAME_ROLE_ONLY;RESEARCH_ONLY;SAMPLE_TOO_SMALL_LOCAL_11_MATCHES_NOT_PRODUCTION_READY,True,False
FB,28263,Gonzalo Ariel Montiel,136023,Rodrigue Kossi Fiogbé,59.490543,25.293297,59.490543,4,medium_research_only,SAME_ROLE_ONLY;RESEARCH_ONLY;SAMPLE_TOO_SMALL_LOCAL_11_MATCHES_NOT_PRODUCTION_READY,True,False
FB,28263,Gonzalo Ariel Montiel,138843,Abdelilah Madkour,59.121832,9.966694,59.121832,4,medium_research_only,SAME_ROLE_ONLY;RESEARCH_ONLY;SAMPLE_TOO_SMALL_LOCAL_11_MATCHES_NOT_PRODUCTION_READY,True,False
FB,28263,Gonzalo Ariel Montiel,138910,Jamal Ech-Chammakh,98.747224,6.297638,98.747224,4,medium_research_only,SAME_ROLE_ONLY;RESEARCH_ONLY;SAMPLE_TOO_SMALL_LOCAL_11_MATCHES_NOT_PRODUCTION_READY,True,False
FB,28263,Gonzalo Ariel Montiel,138927,Saad El Morsli,91.133208,10.106481,91.133208,4,medium_research_only,SAME_ROLE_ONLY;RESEARCH_ONLY;SAMPLE_TOO_SMALL_LOCAL_11_MATCHES_NOT_PRODUCTION_READY,True,False
FB,28263,Gonzalo Ariel Montiel,138945,Mohamed Boulacsout,86.432063,7.855268,86.432063,4,medium_research_only,SAME_ROLE_ONLY;RESEARCH_ONLY;SAMPLE_TOO_SMALL_LOCAL_11_MATCHES_NOT_PRODUCTION_READY,True,False
FB,28263,Gonzalo Ariel Montiel,138949,Ayoub Boucheta,89.747666,6.274166,89.747666,4,medium_research_only,SAME_ROLE_ONLY;RESEARCH_ONLY;SAMPLE_TOO_SMALL_LOCAL_11_MATCHES_NOT_PRODUCTION_READY,True,False
FB,28263,Gonzalo Ariel Montiel,138956,Anas Bach,67.213327,16.175032,67.213327,4,medium_research_only,SAME_ROLE_ONLY;RESEARCH_ONLY;SAMPLE_TOO_SMALL_LOCAL_11_MATCHES_NOT_PRODUCTION_READY,True,False
FB,28263,Gonzalo Ariel Montiel,138966,Youssef Belammari,94.619403,13.287271,94.619403,4,medium_research_only,SAME_ROLE_ONLY;RESEARCH_ONLY;SAMPLE_TOO_SMALL_LOCAL_11_MATCHES_NOT_PRODUCTION_READY,True,False
FB,28263,Gonzalo Ariel Montiel,138999,Marouane Lemzaouri,98.314484,3.581122,98.314484,4,medium_research_only,SAME_ROLE_ONLY;RESEARCH_ONLY;SAMPLE_TOO_SMALL_LOCAL_11_MATCHES_NOT_PRODUCTION_READY,True,False
FB,28263,Gonzalo Ariel Montiel,139549,Hamza El Janati,91.536136,6.736222,91.536136,4,medium_research_only,SAME_ROLE_ONLY;RESEARCH_ONLY;SAMPLE_TOO_SMALL_LOCAL_11_MATCHES_NOT_PRODUCTION_READY,True,False
FB,28263,Gonzalo Ariel Montiel,139560,Hamza El Moussaoui,92.997029,8.091963,92.997029,4,medium_research_only,SAME_ROLE_ONLY;RESEARCH_ONLY;SAMPLE_TOO_SMALL_LOCAL_11_MATCHES_NOT_PRODUCTION_READY,True,False
FB,28263,Gonzalo Ariel Montiel,139563,Ayoub Khairi,77.323483,8.600718,77.323483,4,medium_research_only,SAME_ROLE_ONLY;RESEARCH_ONLY;SAMPLE_TOO_SMALL_LOCAL_11_MATCHES_NOT_PRODUCTION_READY,True,False
FB,28263,Gonzalo Ariel Montiel,140876,Mohamed Moufid,98.137798,4.406367,98.137798,4,medium_research_only,SAME_ROLE_ONLY;RESEARCH_ONLY;SAMPLE_TOO_SMALL_LOCAL_11_MATCHES_NOT_PRODUCTION_READY,True,False
FB,28263,Gonzalo Ariel Montiel,141741,Oussama Al Aiz,94.993047,5.804239,94.993047,4,medium_research_only,SAME_ROLE_ONLY;RESEARCH_ONLY;SAMPLE_TOO_SMALL_LOCAL_11_MATCHES_NOT_PRODUCTION_READY,True,False
FB,28263,Gonzalo Ariel Montiel,142789,Oussama Soukhane,99.88944,18.990732,99.88944,4,medium_research_only,SAME_ROLE_ONLY;RESEARCH_ONLY;SAMPLE_TOO_SMALL_LOCAL_11_MATCHES_NOT_PRODUCTION_READY,True,False
FB,28263,Gonzalo Ariel Montiel,143163,Hamza Semmoumy,97.694947,3.8042,97.694947,4,medium_research_only,SAME_ROLE_ONLY;RESEARCH_ONLY;SAMPLE_TOO_SMALL_LOCAL_11_MATCHES_NOT_PRODUCTION_READY,True,False
FB,28263,Gonzalo Ariel Montiel,144331,Oussama Raoui,95.154796,60.411608,95.154796,4,medium_research_only,SAME_ROLE_ONLY;RESEARCH_ONLY;SAMPLE_TOO_SMALL_LOCAL_11_MATCHES_NOT_PRODUCTION_READY,True,False
FB,28263,Gonzalo Ariel Montiel,152015,Zakaria Kiani,66.703829,19.93025,66.703829,4,medium_research_only,SAME_ROLE_ONLY;RESEARCH_ONLY;SAMPLE_TOO_SMALL_LOCAL_11_MATCHES_NOT_PRODUCTION_READY,True,False
FB,28263,Gonzalo Ariel Montiel,178342,Ettayb Boukhriss,74.033285,23.446782,74.033285,4,medium_research_only,SAME_ROLE_ONLY;RESEARCH_ONLY;SAMPLE_TOO_SMALL_LOCAL_11_MATCHES_NOT_PRODUCTION_READY,True,False
FB,28263,Gonzalo Ariel Montiel,312413,Soulaimane El Bouchqali,97.871988,6.812036,97.871988,4,medium_research_only,SAME_ROLE_ONLY;RESEARCH_ONLY;SAMPLE_TOO_SMALL_LOCAL_11_MATCHES_NOT_PRODUCTION_READY,True,False
FB,28263,Gonzalo Ariel Montiel,313287,Redouane Ait Lemkadem,74.524829,17.87998,74.524829,4,medium_research_only,SAME_ROLE_ONLY;RESEARCH_ONLY;SAMPLE_TOO_SMALL_LOCAL_11_MATCHES_NOT_PRODUCTION_READY,True,False
FB,28263,Gonzalo Ariel Montiel,313974,Mohamed El Abdi,89.286194,9.237037,89.286194,4,medium_research_only,SAME_ROLE_ONLY;RESEARCH_ONLY;SAMPLE_TOO_SMALL_LOCAL_11_MATCHES_NOT_PRODUCTION_READY,True,False
FB,28263,Gonzalo Ariel Montiel,314450,Anass Lamrabat,98.290884,5.502818,98.290884,4,medium_research_only,SAME_ROLE_ONLY;RESEARCH_ONLY;SAMPLE_TOO_SMALL_LOCAL_11_MATCHES_NOT_PRODUCTION_READY,True,False
FB,28263,Gonzalo Ariel Montiel,314451,Houdaifa El Mahasni,91.535481,13.152702,91.535481,4,medium_research_only,SAME_ROLE_ONLY;RESEARCH_ONLY;SAMPLE_TOO_SMALL_LOCAL_11_MATCHES_NOT_PRODUCTION_READY,True,False
FB,28263,Gonzalo Ariel Montiel,337496,Haytam Manaout,84.134669,12.780303,84.134669,4,medium_research_only,SAME_ROLE_ONLY;RESEARCH_ONLY;SAMPLE_TOO_SMALL_LOCAL_11_MATCHES_NOT_PRODUCTION_READY,True,False
FB,28263,Gonzalo Ariel Montiel,339278,Chemseddine Knaidil,89.013918,17.437894,89.013918,4,medium_research_only,SAME_ROLE_ONLY;RESEARCH_ONLY;SAMPLE_TOO_SMALL_LOCAL_11_MATCHES_NOT_PRODUCTION_READY,True,False
FB,28263,Gonzalo Ariel Montiel,405342,Guilherme Ferreira de Oliveira,56.51792,96.23208,56.51792,4,medium_research_only,SAME_ROLE_ONLY;RESEARCH_ONLY;SAMPLE_TOO_SMALL_LOCAL_11_MATCHES_NOT_PRODUCTION_READY,True,False
FB,28263,Gonzalo Ariel Montiel,406864,Hamza Malki,77.830162,22.569752,77.830162,4,medium_research_only,SAME_ROLE_ONLY;RESEARCH_ONLY;SAMPLE_TOO_SMALL_LOCAL_11_MATCHES_NOT_PRODUCTION_READY,True,False
FB,28263,Gonzalo Ariel Montiel,409454,Ayoub Tine,97.397758,3.264262,97.397758,4,medium_research_only,SAME_ROLE_ONLY;RESEARCH_ONLY;SAMPLE_TOO_SMALL_LOCAL_11_MATCHES_NOT_PRODUCTION_READY,True,False
FB,28263,Gonzalo Ariel Montiel,442100,Marouane Ouhrou,59.71133,10.664237,59.71133,4,medium_research_only,SAME_ROLE_ONLY;RESEARCH_ONLY;SAMPLE_TOO_SMALL_LOCAL_11_MATCHES_NOT_PRODUCTION_READY,True,False
FB,28263,Gonzalo Ariel Montiel,442286,Oussama Daoui,94.846133,6.063051,94.846133,4,medium_research_only,SAME_ROLE_ONLY;RESEARCH_ONLY;SAMPLE_TOO_SMALL_LOCAL_11_MATCHES_NOT_PRODUCTION_READY,True,False
FB,28263,Gonzalo Ariel Montiel,442926,Ousmane Diallo,84.004944,9.230752,84.004944,4,medium_research_only,SAME_ROLE_ONLY;RESEARCH_ONLY;SAMPLE_TOO_SMALL_LOCAL_11_MATCHES_NOT_PRODUCTION_READY,True,False
FB,28263,Gonzalo Ariel Montiel,477677,Yassine Boughaz,59.706841,11.255151,59.706841,4,medium_research_only,SAME_ROLE_ONLY;RESEARCH_ONLY;SAMPLE_TOO_SMALL_LOCAL_11_MATCHES_NOT_PRODUCTION_READY,True,False
FB,28263,Gonzalo Ariel Montiel,522352,Hamza Fassoukh,88.218681,10.92138,88.218681,4,medium_research_only,SAME_ROLE_ONLY;RESEARCH_ONLY;SAMPLE_TOO_SMALL_LOCAL_11_MATCHES_NOT_PRODUCTION_READY,True,False
FB,28263,Gonzalo Ariel Montiel,523288,Abdelali Khouch,99.11619,13.157852,99.11619,4,medium_research_only,SAME_ROLE_ONLY;RESEARCH_ONLY;SAMPLE_TOO_SMALL_LOCAL_11_MATCHES_NOT_PRODUCTION_READY,True,False
FB,28263,Gonzalo Ariel Montiel,523293,Nassim Azzoubairi,83.928959,9.7695,83.928959,4,medium_research_only,SAME_ROLE_ONLY;RESEARCH_ONLY;SAMPLE_TOO_SMALL_LOCAL_11_MATCHES_NOT_PRODUCTION_READY,True,False
FB,28263,Gonzalo Ariel Montiel,523299,Youness Noussir,99.981558,4.650822,99.981558,4,medium_research_only,SAME_ROLE_ONLY;RESEARCH_ONLY;SAMPLE_TOO_SMALL_LOCAL_11_MATCHES_NOT_PRODUCTION_READY,True,False
FB,28263,Gonzalo Ariel Montiel,523318,Younes El Khafi,68.831126,13.644427,68.831126,4,medium_research_only,SAME_ROLE_ONLY;RESEARCH_ONLY;SAMPLE_TOO_SMALL_LOCAL_11_MATCHES_NOT_PRODUCTION_READY,True,False
FB,28263,Gonzalo Ariel Montiel,523998,Zakaria Aiada,86.908669,7.6971,86.908669,4,medium_research_only,SAME_ROLE_ONLY;RESEARCH_ONLY;SAMPLE_TOO_SMALL_LOCAL_11_MATCHES_NOT_PRODUCTION_READY,True,False
FB,29201,Nahuel Molina Lucero,29391,Nassim Ouammou,98.256032,14.834369,98.256032,4,medium_research_only,SAME_ROLE_ONLY;RESEARCH_ONLY;SAMPLE_TOO_SMALL_LOCAL_11_MATCHES_NOT_PRODUCTION_READY,True,False
FB,29201,Nahuel Molina Lucero,81364,Euclides da Silva Cabral,91.698616,6.98146,91.698616,4,medium_research_only,SAME_ROLE_ONLY;RESEARCH_ONLY;SAMPLE_TOO_SMALL_LOCAL_11_MATCHES_NOT_PRODUCTION_READY,True,False
FB,29201,Nahuel Molina Lucero,135851,Augusto de Jesus Corte Real Carneiro,89.424283,9.772422,89.424283,4,medium_research_only,SAME_ROLE_ONLY;RESEARCH_ONLY;SAMPLE_TOO_SMALL_LOCAL_11_MATCHES_NOT_PRODUCTION_READY,True,False
FB,29201,Nahuel Molina Lucero,136023,Rodrigue Kossi Fiogbé,98.589222,22.265177,98.589222,4,medium_research_only,SAME_ROLE_ONLY;RESEARCH_ONLY;SAMPLE_TOO_SMALL_LOCAL_11_MATCHES_NOT_PRODUCTION_READY,True,False
FB,29201,Nahuel Molina Lucero,138843,Abdelilah Madkour,97.606321,0.929383,97.606321,4,medium_research_only,SAME_ROLE_ONLY;RESEARCH_ONLY;SAMPLE_TOO_SMALL_LOCAL_11_MATCHES_NOT_PRODUCTION_READY,True,False
FB,29201,Nahuel Molina Lucero,138910,Jamal Ech-Chammakh,53.076529,15.827942,53.076529,4,medium_research_only,SAME_ROLE_ONLY;RESEARCH_ONLY;SAMPLE_TOO_SMALL_LOCAL_11_MATCHES_NOT_PRODUCTION_READY,True,False
FB,29201,Nahuel Molina Lucero,138927,Saad El Morsli,84.914978,14.675084,84.914978,4,medium_research_only,SAME_ROLE_ONLY;RESEARCH_ONLY;SAMPLE_TOO_SMALL_LOCAL_11_MATCHES_NOT_PRODUCTION_READY,True,False
FB,29201,Nahuel Molina Lucero,138945,Mohamed Boulacsout,89.704528,8.879724,89.704528,4,medium_research_only,SAME_ROLE_ONLY;RESEARCH_ONLY;SAMPLE_TOO_SMALL_LOCAL_11_MATCHES_NOT_PRODUCTION_READY,True,False
FB,29201,Nahuel Molina Lucero,138949,Ayoub Boucheta,87.319138,7.415482,87.319138,4,medium_research_only,SAME_ROLE_ONLY;RESEARCH_ONLY;SAMPLE_TOO_SMALL_LOCAL_11_MATCHES_NOT_PRODUCTION_READY,True,False
FB,29201,Nahuel Molina Lucero,138956,Anas Bach,98.450473,13.678742,98.450473,4,medium_research_only,SAME_ROLE_ONLY;RESEARCH_ONLY;SAMPLE_TOO_SMALL_LOCAL_11_MATCHES_NOT_PRODUCTION_READY,True,False
FB,29201,Nahuel Molina Lucero,138966,Youssef Belammari,80.285412,19.807351,80.285412,4,medium_research_only,SAME_ROLE_ONLY;RESEARCH_ONLY;SAMPLE_TOO_SMALL_LOCAL_11_MATCHES_NOT_PRODUCTION_READY,True,False
FB,29201,Nahuel Molina Lucero,138999,Marouane Lemzaouri,72.058907,6.544367,72.058907,4,medium_research_only,SAME_ROLE_ONLY;RESEARCH_ONLY;SAMPLE_TOO_SMALL_LOCAL_11_MATCHES_NOT_PRODUCTION_READY,True,False
FB,29201,Nahuel Molina Lucero,139549,Hamza El Janati,84.731215,10.236671,84.731215,4,medium_research_only,SAME_ROLE_ONLY;RESEARCH_ONLY;SAMPLE_TOO_SMALL_LOCAL_11_MATCHES_NOT_PRODUCTION_READY,True,False
FB,29201,Nahuel Molina Lucero,139560,Hamza El Moussaoui,83.143824,13.115382,83.143824,4,medium_research_only,SAME_ROLE_ONLY;RESEARCH_ONLY;SAMPLE_TOO_SMALL_LOCAL_11_MATCHES_NOT_PRODUCTION_READY,True,False
FB,29201,Nahuel Molina Lucero,139563,Ayoub Khairi,82.940022,2.986757,82.940022,4,medium_research_only,SAME_ROLE_ONLY;RESEARCH_ONLY;SAMPLE_TOO_SMALL_LOCAL_11_MATCHES_NOT_PRODUCTION_READY,True,False
FB,29201,Nahuel Molina Lucero,140876,Mohamed Moufid,72.52301,12.120805,72.52301,4,medium_research_only,SAME_ROLE_ONLY;RESEARCH_ONLY;SAMPLE_TOO_SMALL_LOCAL_11_MATCHES_NOT_PRODUCTION_READY,True,False
FB,29201,Nahuel Molina Lucero,141741,Oussama Al Aiz,79.898506,11.321766,79.898506,4,medium_research_only,SAME_ROLE_ONLY;RESEARCH_ONLY;SAMPLE_TOO_SMALL_LOCAL_11_MATCHES_NOT_PRODUCTION_READY,True,False
FB,29201,Nahuel Molina Lucero,142789,Oussama Soukhane,57.668137,28.742254,57.668137,4,medium_research_only,SAME_ROLE_ONLY;RESEARCH_ONLY;SAMPLE_TOO_SMALL_LOCAL_11_MATCHES_NOT_PRODUCTION_READY,True,False
FB,29201,Nahuel Molina Lucero,143163,Hamza Semmoumy,73.689122,10.830441,73.689122,4,medium_research_only,SAME_ROLE_ONLY;RESEARCH_ONLY;SAMPLE_TOO_SMALL_LOCAL_11_MATCHES_NOT_PRODUCTION_READY,True,False
FB,29201,Nahuel Molina Lucero,144331,Oussama Raoui,78.227735,67.713074,78.227735,4,medium_research_only,SAME_ROLE_ONLY;RESEARCH_ONLY;SAMPLE_TOO_SMALL_LOCAL_11_MATCHES_NOT_PRODUCTION_READY,True,False
FB,29201,Nahuel Molina Lucero,152015,Zakaria Kiani,97.809479,18.02065,97.809479,4,medium_research_only,SAME_ROLE_ONLY;RESEARCH_ONLY;SAMPLE_TOO_SMALL_LOCAL_11_MATCHES_NOT_PRODUCTION_READY,True,False
FB,29201,Nahuel Molina Lucero,178342,Ettayb Boukhriss,96.803178,23.761994,96.803178,4,medium_research_only,SAME_ROLE_ONLY;RESEARCH_ONLY;SAMPLE_TOO_SMALL_LOCAL_11_MATCHES_NOT_PRODUCTION_READY,True,False
FB,29201,Nahuel Molina Lucero,312413,Soulaimane El Bouchqali,54.488771,15.838408,54.488771,4,medium_research_only,SAME_ROLE_ONLY;RESEARCH_ONLY;SAMPLE_TOO_SMALL_LOCAL_11_MATCHES_NOT_PRODUCTION_READY,True,False
FB,29201,Nahuel Molina Lucero,313287,Redouane Ait Lemkadem,96.073533,17.775061,96.073533,4,medium_research_only,SAME_ROLE_ONLY;RESEARCH_ONLY;SAMPLE_TOO_SMALL_LOCAL_11_MATCHES_NOT_PRODUCTION_READY,True,False
FB,29201,Nahuel Molina Lucero,313974,Mohamed El Abdi,86.823082,12.680641,86.823082,4,medium_research_only,SAME_ROLE_ONLY;RESEARCH_ONLY;SAMPLE_TOO_SMALL_LOCAL_11_MATCHES_NOT_PRODUCTION_READY,True,False
FB,29201,Nahuel Molina Lucero,314450,Anass Lamrabat,71.992042,13.536012,71.992042,4,medium_research_only,SAME_ROLE_ONLY;RESEARCH_ONLY;SAMPLE_TOO_SMALL_LOCAL_11_MATCHES_NOT_PRODUCTION_READY,True,False
FB,29201,Nahuel Molina Lucero,314451,Houdaifa El Mahasni,84.398952,18.331506,84.398952,4,medium_research_only,SAME_ROLE_ONLY;RESEARCH_ONLY;SAMPLE_TOO_SMALL_LOCAL_11_MATCHES_NOT_PRODUCTION_READY,True,False
FB,29201,Nahuel Molina Lucero,337496,Haytam Manaout,91.98494,14.884239,91.98494,4,medium_research_only,SAME_ROLE_ONLY;RESEARCH_ONLY;SAMPLE_TOO_SMALL_LOCAL_11_MATCHES_NOT_PRODUCTION_READY,True,False
FB,29201,Nahuel Molina Lucero,339278,Chemseddine Knaidil,87.11693,21.983416,87.11693,4,medium_research_only,SAME_ROLE_ONLY;RESEARCH_ONLY;SAMPLE_TOO_SMALL_LOCAL_11_MATCHES_NOT_PRODUCTION_READY,True,False
FB,29201,Nahuel Molina Lucero,405342,Guilherme Ferreira de Oliveira,77.603673,95.392963,77.603673,4,medium_research_only,SAME_ROLE_ONLY;RESEARCH_ONLY;SAMPLE_TOO_SMALL_LOCAL_11_MATCHES_NOT_PRODUCTION_READY,True,False
FB,29201,Nahuel Molina Lucero,406864,Hamza Malki,94.481778,23.926774,94.481778,4,medium_research_only,SAME_ROLE_ONLY;RESEARCH_ONLY;SAMPLE_TOO_SMALL_LOCAL_11_MATCHES_NOT_PRODUCTION_READY,True,False
FB,29201,Nahuel Molina Lucero,409454,Ayoub Tine,74.399038,7.971333,74.399038,4,medium_research_only,SAME_ROLE_ONLY;RESEARCH_ONLY;SAMPLE_TOO_SMALL_LOCAL_11_MATCHES_NOT_PRODUCTION_READY,True,False
FB,29201,Nahuel Molina Lucero,442100,Marouane Ouhrou,99.268163,2.992167,99.268163,4,medium_research_only,SAME_ROLE_ONLY;RESEARCH_ONLY;SAMPLE_TOO_SMALL_LOCAL_11_MATCHES_NOT_PRODUCTION_READY,True,False
FB,29201,Nahuel Molina Lucero,442286,Oussama Daoui,80.591865,3.914817,80.591865,4,medium_research_only,SAME_ROLE_ONLY;RESEARCH_ONLY;SAMPLE_TOO_SMALL_LOCAL_11_MATCHES_NOT_PRODUCTION_READY,True,False
FB,29201,Nahuel Molina Lucero,442926,Ousmane Diallo,91.85093,9.993821,91.85093,4,medium_research_only,SAME_ROLE_ONLY;RESEARCH_ONLY;SAMPLE_TOO_SMALL_LOCAL_11_MATCHES_NOT_PRODUCTION_READY,True,False
FB,29201,Nahuel Molina Lucero,477677,Yassine Boughaz,99.161049,4.378322,99.161049,4,medium_research_only,SAME_ROLE_ONLY;RESEARCH_ONLY;SAMPLE_TOO_SMALL_LOCAL_11_MATCHES_NOT_PRODUCTION_READY,True,False
FB,29201,Nahuel Molina Lucero,522352,Hamza Fassoukh,87.323256,14.37366,87.323256,4,medium_research_only,SAME_ROLE_ONLY;RESEARCH_ONLY;SAMPLE_TOO_SMALL_LOCAL_11_MATCHES_NOT_PRODUCTION_READY,True,False
FB,29201,Nahuel Molina Lucero,523288,Abdelali Khouch,52.906657,22.959619,52.906657,4,medium_research_only,SAME_ROLE_ONLY;RESEARCH_ONLY;SAMPLE_TOO_SMALL_LOCAL_11_MATCHES_NOT_PRODUCTION_READY,True,False
FB,29201,Nahuel Molina Lucero,523293,Nassim Azzoubairi,91.938738,10.805384,91.938738,4,medium_research_only,SAME_ROLE_ONLY;RESEARCH_ONLY;SAMPLE_TOO_SMALL_LOCAL_11_MATCHES_NOT_PRODUCTION_READY,True,False
FB,29201,Nahuel Molina Lucero,523299,Youness Noussir,61.001559,14.373116,61.001559,4,medium_research_only,SAME_ROLE_ONLY;RESEARCH_ONLY;SAMPLE_TOO_SMALL_LOCAL_11_MATCHES_NOT_PRODUCTION_READY,True,False
FB,29201,Nahuel Molina Lucero,523318,Younes El Khafi,98.318824,10.849377,98.318824,4,medium_research_only,SAME_ROLE_ONLY;RESEARCH_ONLY;SAMPLE_TOO_SMALL_LOCAL_11_MATCHES_NOT_PRODUCTION_READY,True,False
FB,29201,Nahuel Molina Lucero,523998,Zakaria Aiada,90.11947,8.804098,90.11947,4,medium_research_only,SAME_ROLE_ONLY;RESEARCH_ONLY;SAMPLE_TOO_SMALL_LOCAL_11_MATCHES_NOT_PRODUCTION_READY,True,False
FB,29391,Nassim Ouammou,81364,Euclides da Silva Cabral,92.969295,10.835124,92.969295,4,medium_research_only,SAME_ROLE_ONLY;RESEARCH_ONLY;SAMPLE_TOO_SMALL_LOCAL_11_MATCHES_NOT_PRODUCTION_READY,True,False
FB,29391,Nassim Ouammou,135851,Augusto de Jesus Corte Real Carneiro,92.104888,10.00592,92.104888,4,medium_research_only,SAME_ROLE_ONLY;RESEARCH_ONLY;SAMPLE_TOO_SMALL_LOCAL_11_MATCHES_NOT_PRODUCTION_READY,True,False
FB,29391,Nassim Ouammou,136023,Rodrigue Kossi Fiogbé,99.83079,7.660446,99.83079,4,medium_research_only,SAME_ROLE_ONLY;RESEARCH_ONLY;SAMPLE_TOO_SMALL_LOCAL_11_MATCHES_NOT_PRODUCTION_READY,True,False
FB,29391,Nassim Ouammou,138843,Abdelilah Madkour,99.744575,14.980391,99.744575,4,medium_research_only,SAME_ROLE_ONLY;RESEARCH_ONLY;SAMPLE_TOO_SMALL_LOCAL_11_MATCHES_NOT_PRODUCTION_READY,True,False
FB,29391,Nassim Ouammou,138910,Jamal Ech-Chammakh,54.368837,22.644372,54.368837,4,medium_research_only,SAME_ROLE_ONLY;RESEARCH_ONLY;SAMPLE_TOO_SMALL_LOCAL_11_MATCHES_NOT_PRODUCTION_READY,True,False
FB,29391,Nassim Ouammou,138927,Saad El Morsli,88.112706,11.888116,88.112706,4,medium_research_only,SAME_ROLE_ONLY;RESEARCH_ONLY;SAMPLE_TOO_SMALL_LOCAL_11_MATCHES_NOT_PRODUCTION_READY,True,False
FB,29391,Nassim Ouammou,138945,Mohamed Boulacsout,92.519058,10.144304,92.519058,4,medium_research_only,SAME_ROLE_ONLY;RESEARCH_ONLY;SAMPLE_TOO_SMALL_LOCAL_11_MATCHES_NOT_PRODUCTION_READY,True,False
FB,29391,Nassim Ouammou,138949,Ayoub Boucheta,89.334028,11.85324,89.334028,4,medium_research_only,SAME_ROLE_ONLY;RESEARCH_ONLY;SAMPLE_TOO_SMALL_LOCAL_11_MATCHES_NOT_PRODUCTION_READY,True,False
FB,29391,Nassim Ouammou,138956,Anas Bach,99.707628,2.178219,99.707628,4,medium_research_only,SAME_ROLE_ONLY;RESEARCH_ONLY;SAMPLE_TOO_SMALL_LOCAL_11_MATCHES_NOT_PRODUCTION_READY,True,False
FB,29391,Nassim Ouammou,138966,Youssef Belammari,83.362467,16.360612,83.362467,4,medium_research_only,SAME_ROLE_ONLY;RESEARCH_ONLY;SAMPLE_TOO_SMALL_LOCAL_11_MATCHES_NOT_PRODUCTION_READY,True,False
FB,29391,Nassim Ouammou,138999,Marouane Lemzaouri,73.751635,15.639603,73.751635,4,medium_research_only,SAME_ROLE_ONLY;RESEARCH_ONLY;SAMPLE_TOO_SMALL_LOCAL_11_MATCHES_NOT_PRODUCTION_READY,True,False
FB,29391,Nassim Ouammou,139549,Hamza El Janati,87.65215,11.730044,87.65215,4,medium_research_only,SAME_ROLE_ONLY;RESEARCH_ONLY;SAMPLE_TOO_SMALL_LOCAL_11_MATCHES_NOT_PRODUCTION_READY,True,False
FB,29391,Nassim Ouammou,139560,Hamza El Moussaoui,85.665955,12.629986,85.665955,4,medium_research_only,SAME_ROLE_ONLY;RESEARCH_ONLY;SAMPLE_TOO_SMALL_LOCAL_11_MATCHES_NOT_PRODUCTION_READY,True,False
FB,29391,Nassim Ouammou,139563,Ayoub Khairi,76.793619,15.96935,76.793619,4,medium_research_only,SAME_ROLE_ONLY;RESEARCH_ONLY;SAMPLE_TOO_SMALL_LOCAL_11_MATCHES_NOT_PRODUCTION_READY,True,False
FB,29391,Nassim Ouammou,140876,Mohamed Moufid,75.503658,15.797834,75.503658,4,medium_research_only,SAME_ROLE_ONLY;RESEARCH_ONLY;SAMPLE_TOO_SMALL_LOCAL_11_MATCHES_NOT_PRODUCTION_READY,True,False
FB,29391,Nassim Ouammou,141741,Oussama Al Aiz,82.623721,13.495891,82.623721,4,medium_research_only,SAME_ROLE_ONLY;RESEARCH_ONLY;SAMPLE_TOO_SMALL_LOCAL_11_MATCHES_NOT_PRODUCTION_READY,True,False
FB,29391,Nassim Ouammou,142789,Oussama Soukhane,61.217257,30.447849,61.217257,4,medium_research_only,SAME_ROLE_ONLY;RESEARCH_ONLY;SAMPLE_TOO_SMALL_LOCAL_11_MATCHES_NOT_PRODUCTION_READY,True,False
FB,29391,Nassim Ouammou,143163,Hamza Semmoumy,76.861661,15.143361,76.861661,4,medium_research_only,SAME_ROLE_ONLY;RESEARCH_ONLY;SAMPLE_TOO_SMALL_LOCAL_11_MATCHES_NOT_PRODUCTION_READY,True,False
FB,29391,Nassim Ouammou,144331,Oussama Raoui,82.158309,59.538141,82.158309,4,medium_research_only,SAME_ROLE_ONLY;RESEARCH_ONLY;SAMPLE_TOO_SMALL_LOCAL_11_MATCHES_NOT_PRODUCTION_READY,True,False
FB,29391,Nassim Ouammou,152015,Zakaria Kiani,99.845384,3.502442,99.845384,4,medium_research_only,SAME_ROLE_ONLY;RESEARCH_ONLY;SAMPLE_TOO_SMALL_LOCAL_11_MATCHES_NOT_PRODUCTION_READY,True,False
FB,29391,Nassim Ouammou,178342,Ettayb Boukhriss,98.510818,10.302699,98.510818,4,medium_research_only,SAME_ROLE_ONLY;RESEARCH_ONLY;SAMPLE_TOO_SMALL_LOCAL_11_MATCHES_NOT_PRODUCTION_READY,True,False
FB,29391,Nassim Ouammou,312413,Soulaimane El Bouchqali,54.620775,22.642999,54.620775,4,medium_research_only,SAME_ROLE_ONLY;RESEARCH_ONLY;SAMPLE_TOO_SMALL_LOCAL_11_MATCHES_NOT_PRODUCTION_READY,True,False
FB,29391,Nassim Ouammou,313287,Redouane Ait Lemkadem,98.43994,5.521525,98.43994,4,medium_research_only,SAME_ROLE_ONLY;RESEARCH_ONLY;SAMPLE_TOO_SMALL_LOCAL_11_MATCHES_NOT_PRODUCTION_READY,True,False
FB,29391,Nassim Ouammou,313974,Mohamed El Abdi,90.012313,10.644338,90.012313,4,medium_research_only,SAME_ROLE_ONLY;RESEARCH_ONLY;SAMPLE_TOO_SMALL_LOCAL_11_MATCHES_NOT_PRODUCTION_READY,True,False
FB,29391,Nassim Ouammou,314450,Anass Lamrabat,75.037822,16.372718,75.037822,4,medium_research_only,SAME_ROLE_ONLY;RESEARCH_ONLY;SAMPLE_TOO_SMALL_LOCAL_11_MATCHES_NOT_PRODUCTION_READY,True,False
FB,29391,Nassim Ouammou,314451,Houdaifa El Mahasni,87.639435,13.572601,87.639435,4,medium_research_only,SAME_ROLE_ONLY;RESEARCH_ONLY;SAMPLE_TOO_SMALL_LOCAL_11_MATCHES_NOT_PRODUCTION_READY,True,False
FB,29391,Nassim Ouammou,337496,Haytam Manaout,93.951963,8.62951,93.951963,4,medium_research_only,SAME_ROLE_ONLY;RESEARCH_ONLY;SAMPLE_TOO_SMALL_LOCAL_11_MATCHES_NOT_PRODUCTION_READY,True,False
FB,29391,Nassim Ouammou,339278,Chemseddine Knaidil,90.30626,14.383235,90.30626,4,medium_research_only,SAME_ROLE_ONLY;RESEARCH_ONLY;SAMPLE_TOO_SMALL_LOCAL_11_MATCHES_NOT_PRODUCTION_READY,True,False
FB,29391,Nassim Ouammou,405342,Guilherme Ferreira de Oliveira,66.171945,92.820844,66.171945,4,medium_research_only,SAME_ROLE_ONLY;RESEARCH_ONLY;SAMPLE_TOO_SMALL_LOCAL_11_MATCHES_NOT_PRODUCTION_READY,True,False
FB,29391,Nassim Ouammou,406864,Hamza Malki,97.279982,11.379722,97.279982,4,medium_research_only,SAME_ROLE_ONLY;RESEARCH_ONLY;SAMPLE_TOO_SMALL_LOCAL_11_MATCHES_NOT_PRODUCTION_READY,True,False
FB,29391,Nassim Ouammou,409454,Ayoub Tine,77.608003,14.80031,77.608003,4,medium_research_only,SAME_ROLE_ONLY;RESEARCH_ONLY;SAMPLE_TOO_SMALL_LOCAL_11_MATCHES_NOT_PRODUCTION_READY,True,False
FB,29391,Nassim Ouammou,442100,Marouane Ouhrou,99.638824,11.868672,99.638824,4,medium_research_only,SAME_ROLE_ONLY;RESEARCH_ONLY;SAMPLE_TOO_SMALL_LOCAL_11_MATCHES_NOT_PRODUCTION_READY,True,False
FB,29391,Nassim Ouammou,442286,Oussama Daoui,82.542519,14.98389,82.542519,4,medium_research_only,SAME_ROLE_ONLY;RESEARCH_ONLY;SAMPLE_TOO_SMALL_LOCAL_11_MATCHES_NOT_PRODUCTION_READY,True,False
FB,29391,Nassim Ouammou,442926,Ousmane Diallo,94.185371,8.922239,94.185371,4,medium_research_only,SAME_ROLE_ONLY;RESEARCH_ONLY;SAMPLE_TOO_SMALL_LOCAL_11_MATCHES_NOT_PRODUCTION_READY,True,False
FB,29391,Nassim Ouammou,477677,Yassine Boughaz,99.619748,10.509319,99.619748,4,medium_research_only,SAME_ROLE_ONLY;RESEARCH_ONLY;SAMPLE_TOO_SMALL_LOCAL_11_MATCHES_NOT_PRODUCTION_READY,True,False
FB,29391,Nassim Ouammou,522352,Hamza Fassoukh,90.921695,10.375828,90.921695,4,medium_research_only,SAME_ROLE_ONLY;RESEARCH_ONLY;SAMPLE_TOO_SMALL_LOCAL_11_MATCHES_NOT_PRODUCTION_READY,True,False
FB,29391,Nassim Ouammou,523288,Abdelali Khouch,54.617325,27.662497,54.617325,4,medium_research_only,SAME_ROLE_ONLY;RESEARCH_ONLY;SAMPLE_TOO_SMALL_LOCAL_11_MATCHES_NOT_PRODUCTION_READY,True,False
FB,29391,Nassim Ouammou,523293,Nassim Azzoubairi,94.193249,8.647554,94.193249,4,medium_research_only,SAME_ROLE_ONLY;RESEARCH_ONLY;SAMPLE_TOO_SMALL_LOCAL_11_MATCHES_NOT_PRODUCTION_READY,True,False
FB,29391,Nassim Ouammou,523299,Youness Noussir,63.759621,19.685875,63.759621,4,medium_research_only,SAME_ROLE_ONLY;RESEARCH_ONLY;SAMPLE_TOO_SMALL_LOCAL_11_MATCHES_NOT_PRODUCTION_READY,True,False
FB,29391,Nassim Ouammou,523318,Younes El Khafi,99.429102,4.633023,99.429102,4,medium_research_only,SAME_ROLE_ONLY;RESEARCH_ONLY;SAMPLE_TOO_SMALL_LOCAL_11_MATCHES_NOT_PRODUCTION_READY,True,False
FB,29391,Nassim Ouammou,523998,Zakaria Aiada,91.863397,10.411645,91.863397,4,medium_research_only,SAME_ROLE_ONLY;RESEARCH_ONLY;SAMPLE_TOO_SMALL_LOCAL_11_MATCHES_NOT_PRODUCTION_READY,True,False
FB,81364,Euclides da Silva Cabral,135851,Augusto de Jesus Corte Real Carneiro,99.665033,2.942712,99.665033,4,medium_research_only,SAME_ROLE_ONLY;RESEARCH_ONLY;SAMPLE_TOO_SMALL_LOCAL_11_MATCHES_NOT_PRODUCTION_READY,True,False
FB,81364,Euclides da Silva Cabral,136023,Rodrigue Kossi Fiogbé,91.253187,18.28704,91.253187,4,medium_research_only,SAME_ROLE_ONLY;RESEARCH_ONLY;SAMPLE_TOO_SMALL_LOCAL_11_MATCHES_NOT_PRODUCTION_READY,True,False
FB,81364,Euclides da Silva Cabral,138843,Abdelilah Madkour,90.460607,7.245631,90.460607,4,medium_research_only,SAME_ROLE_ONLY;RESEARCH_ONLY;SAMPLE_TOO_SMALL_LOCAL_11_MATCHES_NOT_PRODUCTION_READY,True,False
FB,81364,Euclides da Silva Cabral,138910,Jamal Ech-Chammakh,79.024394,12.804941,79.024394,4,medium_research_only,SAME_ROLE_ONLY;RESEARCH_ONLY;SAMPLE_TOO_SMALL_LOCAL_11_MATCHES_NOT_PRODUCTION_READY,True,False
FB,81364,Euclides da Silva Cabral,138927,Saad El Morsli,98.724072,7.845675,98.724072,4,medium_research_only,SAME_ROLE_ONLY;RESEARCH_ONLY;SAMPLE_TOO_SMALL_LOCAL_11_MATCHES_NOT_PRODUCTION_READY,True,False
FB,81364,Euclides da Silva Cabral,138945,Mohamed Boulacsout,99.630864,2.172155,99.630864,4,medium_research_only,SAME_ROLE_ONLY;RESEARCH_ONLY;SAMPLE_TOO_SMALL_LOCAL_11_MATCHES_NOT_PRODUCTION_READY,True,False
FB,81364,Euclides da Silva Cabral,138949,Ayoub Boucheta,99.484812,1.344641,99.484812,4,medium_research_only,SAME_ROLE_ONLY;RESEARCH_ONLY;SAMPLE_TOO_SMALL_LOCAL_11_MATCHES_NOT_PRODUCTION_READY,True,False
FB,81364,Euclides da Silva Cabral,138956,Anas Bach,95.303925,9.05804,95.303925,4,medium_research_only,SAME_ROLE_ONLY;RESEARCH_ONLY;SAMPLE_TOO_SMALL_LOCAL_11_MATCHES_NOT_PRODUCTION_READY,True,False
FB,81364,Euclides da Silva Cabral,138966,Youssef Belammari,97.180263,13.08387,97.180263,4,medium_research_only,SAME_ROLE_ONLY;RESEARCH_ONLY;SAMPLE_TOO_SMALL_LOCAL_11_MATCHES_NOT_PRODUCTION_READY,True,False
FB,81364,Euclides da Silva Cabral,138999,Marouane Lemzaouri,92.705431,4.879066,92.705431,4,medium_research_only,SAME_ROLE_ONLY;RESEARCH_ONLY;SAMPLE_TOO_SMALL_LOCAL_11_MATCHES_NOT_PRODUCTION_READY,True,False
FB,81364,Euclides da Silva Cabral,139549,Hamza El Janati,98.733761,3.681883,98.733761,4,medium_research_only,SAME_ROLE_ONLY;RESEARCH_ONLY;SAMPLE_TOO_SMALL_LOCAL_11_MATCHES_NOT_PRODUCTION_READY,True,False
FB,81364,Euclides da Silva Cabral,139560,Hamza El Moussaoui,98.296965,6.408306,98.296965,4,medium_research_only,SAME_ROLE_ONLY;RESEARCH_ONLY;SAMPLE_TOO_SMALL_LOCAL_11_MATCHES_NOT_PRODUCTION_READY,True,False
FB,81364,Euclides da Silva Cabral,139563,Ayoub Khairi,87.824306,6.827031,87.824306,4,medium_research_only,SAME_ROLE_ONLY;RESEARCH_ONLY;SAMPLE_TOO_SMALL_LOCAL_11_MATCHES_NOT_PRODUCTION_READY,True,False
FB,81364,Euclides da Silva Cabral,140876,Mohamed Moufid,93.356683,6.899926,93.356683,4,medium_research_only,SAME_ROLE_ONLY;RESEARCH_ONLY;SAMPLE_TOO_SMALL_LOCAL_11_MATCHES_NOT_PRODUCTION_READY,True,False
FB,81364,Euclides da Silva Cabral,141741,Oussama Al Aiz,96.941112,5.231232,96.941112,4,medium_research_only,SAME_ROLE_ONLY;RESEARCH_ONLY;SAMPLE_TOO_SMALL_LOCAL_11_MATCHES_NOT_PRODUCTION_READY,True,False
FB,81364,Euclides da Silva Cabral,142789,Oussama Soukhane,83.459232,23.851003,83.459232,4,medium_research_only,SAME_ROLE_ONLY;RESEARCH_ONLY;SAMPLE_TOO_SMALL_LOCAL_11_MATCHES_NOT_PRODUCTION_READY,True,False
FB,81364,Euclides da Silva Cabral,143163,Hamza Semmoumy,94.008244,5.788721,94.008244,4,medium_research_only,SAME_ROLE_ONLY;RESEARCH_ONLY;SAMPLE_TOO_SMALL_LOCAL_11_MATCHES_NOT_PRODUCTION_READY,True,False
FB,81364,Euclides da Silva Cabral,144331,Oussama Raoui,96.131575,60.899113,96.131575,4,medium_research_only,SAME_ROLE_ONLY;RESEARCH_ONLY;SAMPLE_TOO_SMALL_LOCAL_11_MATCHES_NOT_PRODUCTION_READY,True,False
FB,81364,Euclides da Silva Cabral,152015,Zakaria Kiani,94.738485,13.23429,94.738485,4,medium_research_only,SAME_ROLE_ONLY;RESEARCH_ONLY;SAMPLE_TOO_SMALL_LOCAL_11_MATCHES_NOT_PRODUCTION_READY,True,False
FB,81364,Euclides da Silva Cabral,178342,Ettayb Boukhriss,97.877898,17.863252,97.877898,4,medium_research_only,SAME_ROLE_ONLY;RESEARCH_ONLY;SAMPLE_TOO_SMALL_LOCAL_11_MATCHES_NOT_PRODUCTION_READY,True,False
FB,81364,Euclides da Silva Cabral,312413,Soulaimane El Bouchqali,79.343784,12.810296,79.343784,4,medium_research_only,SAME_ROLE_ONLY;RESEARCH_ONLY;SAMPLE_TOO_SMALL_LOCAL_11_MATCHES_NOT_PRODUCTION_READY,True,False
FB,81364,Euclides da Silva Cabral,313287,Redouane Ait Lemkadem,97.749075,11.961438,97.749075,4,medium_research_only,SAME_ROLE_ONLY;RESEARCH_ONLY;SAMPLE_TOO_SMALL_LOCAL_11_MATCHES_NOT_PRODUCTION_READY,True,False
FB,81364,Euclides da Silva Cabral,313974,Mohamed El Abdi,99.091809,5.880632,99.091809,4,medium_research_only,SAME_ROLE_ONLY;RESEARCH_ONLY;SAMPLE_TOO_SMALL_LOCAL_11_MATCHES_NOT_PRODUCTION_READY,True,False
FB,81364,Euclides da Silva Cabral,314450,Anass Lamrabat,93.03334,8.11213,93.03334,4,medium_research_only,SAME_ROLE_ONLY;RESEARCH_ONLY;SAMPLE_TOO_SMALL_LOCAL_11_MATCHES_NOT_PRODUCTION_READY,True,False
FB,81364,Euclides da Silva Cabral,314451,Houdaifa El Mahasni,98.565126,11.461759,98.565126,4,medium_research_only,SAME_ROLE_ONLY;RESEARCH_ONLY;SAMPLE_TOO_SMALL_LOCAL_11_MATCHES_NOT_PRODUCTION_READY,True,False
FB,81364,Euclides da Silva Cabral,337496,Haytam Manaout,99.889467,8.075336,99.889467,4,medium_research_only,SAME_ROLE_ONLY;RESEARCH_ONLY;SAMPLE_TOO_SMALL_LOCAL_11_MATCHES_NOT_PRODUCTION_READY,True,False
FB,81364,Euclides da Silva Cabral,339278,Chemseddine Knaidil,99.202289,15.073095,99.202289,4,medium_research_only,SAME_ROLE_ONLY;RESEARCH_ONLY;SAMPLE_TOO_SMALL_LOCAL_11_MATCHES_NOT_PRODUCTION_READY,True,False
FB,81364,Euclides da Silva Cabral,405342,Guilherme Ferreira de Oliveira,70.719572,93.556866,70.719572,4,medium_research_only,SAME_ROLE_ONLY;RESEARCH_ONLY;SAMPLE_TOO_SMALL_LOCAL_11_MATCHES_NOT_PRODUCTION_READY,True,False
FB,81364,Euclides da Silva Cabral,406864,Hamza Malki,98.434805,17.717172,98.434805,4,medium_research_only,SAME_ROLE_ONLY;RESEARCH_ONLY;SAMPLE_TOO_SMALL_LOCAL_11_MATCHES_NOT_PRODUCTION_READY,True,False
FB,81364,Euclides da Silva Cabral,409454,Ayoub Tine,94.331673,4.365112,94.331673,4,medium_research_only,SAME_ROLE_ONLY;RESEARCH_ONLY;SAMPLE_TOO_SMALL_LOCAL_11_MATCHES_NOT_PRODUCTION_READY,True,False
FB,81364,Euclides da Silva Cabral,442100,Marouane Ouhrou,91.641173,5.458999,91.641173,4,medium_research_only,SAME_ROLE_ONLY;RESEARCH_ONLY;SAMPLE_TOO_SMALL_LOCAL_11_MATCHES_NOT_PRODUCTION_READY,True,False
FB,81364,Euclides da Silva Cabral,442286,Oussama Daoui,97.200106,4.904755,97.200106,4,medium_research_only,SAME_ROLE_ONLY;RESEARCH_ONLY;SAMPLE_TOO_SMALL_LOCAL_11_MATCHES_NOT_PRODUCTION_READY,True,False
FB,81364,Euclides da Silva Cabral,442926,Ousmane Diallo,99.748699,3.267862,99.748699,4,medium_research_only,SAME_ROLE_ONLY;RESEARCH_ONLY;SAMPLE_TOO_SMALL_LOCAL_11_MATCHES_NOT_PRODUCTION_READY,True,False
FB,81364,Euclides da Silva Cabral,477677,Yassine Boughaz,91.61536,5.171146,91.61536,4,medium_research_only,SAME_ROLE_ONLY;RESEARCH_ONLY;SAMPLE_TOO_SMALL_LOCAL_11_MATCHES_NOT_PRODUCTION_READY,True,False
FB,81364,Euclides da Silva Cabral,522352,Hamza Fassoukh,99.006934,7.600313,99.006934,4,medium_research_only,SAME_ROLE_ONLY;RESEARCH_ONLY;SAMPLE_TOO_SMALL_LOCAL_11_MATCHES_NOT_PRODUCTION_READY,True,False
FB,81364,Euclides da Silva Cabral,523288,Abdelali Khouch,79.052003,19.097483,79.052003,4,medium_research_only,SAME_ROLE_ONLY;RESEARCH_ONLY;SAMPLE_TOO_SMALL_LOCAL_11_MATCHES_NOT_PRODUCTION_READY,True,False
FB,81364,Euclides da Silva Cabral,523293,Nassim Azzoubairi,99.801782,4.036772,99.801782,4,medium_research_only,SAME_ROLE_ONLY;RESEARCH_ONLY;SAMPLE_TOO_SMALL_LOCAL_11_MATCHES_NOT_PRODUCTION_READY,True,False
FB,81364,Euclides da Silva Cabral,523299,Youness Noussir,85.806364,10.358878,85.806364,4,medium_research_only,SAME_ROLE_ONLY;RESEARCH_ONLY;SAMPLE_TOO_SMALL_LOCAL_11_MATCHES_NOT_PRODUCTION_READY,True,False
FB,81364,Euclides da Silva Cabral,523318,Younes El Khafi,96.067529,6.310054,96.067529,4,medium_research_only,SAME_ROLE_ONLY;RESEARCH_ONLY;SAMPLE_TOO_SMALL_LOCAL_11_MATCHES_NOT_PRODUCTION_READY,True,False
FB,81364,Euclides da Silva Cabral,523998,Zakaria Aiada,99.913556,1.841654,99.913556,4,medium_research_only,SAME_ROLE_ONLY;RESEARCH_ONLY;SAMPLE_TOO_SMALL_LOCAL_11_MATCHES_NOT_PRODUCTION_READY,True,False
FB,135851,Augusto de Jesus Corte Real Carneiro,136023,Rodrigue Kossi Fiogbé,90.075399,17.15522,90.075399,4,medium_research_only,SAME_ROLE_ONLY;RESEARCH_ONLY;SAMPLE_TOO_SMALL_LOCAL_11_MATCHES_NOT_PRODUCTION_READY,True,False
FB,135851,Augusto de Jesus Corte Real Carneiro,138843,Abdelilah Madkour,89.728969,9.922029,89.728969,4,medium_research_only,SAME_ROLE_ONLY;RESEARCH_ONLY;SAMPLE_TOO_SMALL_LOCAL_11_MATCHES_NOT_PRODUCTION_READY,True,False
FB,135851,Augusto de Jesus Corte Real Carneiro,138910,Jamal Ech-Chammakh,80.370179,12.724194,80.370179,4,medium_research_only,SAME_ROLE_ONLY;RESEARCH_ONLY;SAMPLE_TOO_SMALL_LOCAL_11_MATCHES_NOT_PRODUCTION_READY,True,False
FB,135851,Augusto de Jesus Corte Real Carneiro,138927,Saad El Morsli,99.523849,5.039794,99.523849,4,medium_research_only,SAME_ROLE_ONLY;RESEARCH_ONLY;SAMPLE_TOO_SMALL_LOCAL_11_MATCHES_NOT_PRODUCTION_READY,True,False
FB,135851,Augusto de Jesus Corte Real Carneiro,138945,Mohamed Boulacsout,99.990378,0.917674,99.990378,4,medium_research_only,SAME_ROLE_ONLY;RESEARCH_ONLY;SAMPLE_TOO_SMALL_LOCAL_11_MATCHES_NOT_PRODUCTION_READY,True,False
FB,135851,Augusto de Jesus Corte Real Carneiro,138949,Ayoub Boucheta,99.682461,2.846379,99.682461,4,medium_research_only,SAME_ROLE_ONLY;RESEARCH_ONLY;SAMPLE_TOO_SMALL_LOCAL_11_MATCHES_NOT_PRODUCTION_READY,True,False
FB,135851,Augusto de Jesus Corte Real Carneiro,138956,Anas Bach,94.319994,8.145981,94.319994,4,medium_research_only,SAME_ROLE_ONLY;RESEARCH_ONLY;SAMPLE_TOO_SMALL_LOCAL_11_MATCHES_NOT_PRODUCTION_READY,True,False
FB,135851,Augusto de Jesus Corte Real Carneiro,138966,Youssef Belammari,98.173273,10.456513,98.173273,4,medium_research_only,SAME_ROLE_ONLY;RESEARCH_ONLY;SAMPLE_TOO_SMALL_LOCAL_11_MATCHES_NOT_PRODUCTION_READY,True,False
FB,135851,Augusto de Jesus Corte Real Carneiro,138999,Marouane Lemzaouri,93.605712,6.654027,93.605712,4,medium_research_only,SAME_ROLE_ONLY;RESEARCH_ONLY;SAMPLE_TOO_SMALL_LOCAL_11_MATCHES_NOT_PRODUCTION_READY,True,False
FB,135851,Augusto de Jesus Corte Real Carneiro,139549,Hamza El Janati,99.445141,1.797693,99.445141,4,medium_research_only,SAME_ROLE_ONLY;RESEARCH_ONLY;SAMPLE_TOO_SMALL_LOCAL_11_MATCHES_NOT_PRODUCTION_READY,True,False
FB,135851,Augusto de Jesus Corte Real Carneiro,139560,Hamza El Moussaoui,98.913244,4.054987,98.913244,4,medium_research_only,SAME_ROLE_ONLY;RESEARCH_ONLY;SAMPLE_TOO_SMALL_LOCAL_11_MATCHES_NOT_PRODUCTION_READY,True,False
FB,135851,Augusto de Jesus Corte Real Carneiro,139563,Ayoub Khairi,84.537036,9.686603,84.537036,4,medium_research_only,SAME_ROLE_ONLY;RESEARCH_ONLY;SAMPLE_TOO_SMALL_LOCAL_11_MATCHES_NOT_PRODUCTION_READY,True,False
FB,135851,Augusto de Jesus Corte Real Carneiro,140876,Mohamed Moufid,94.668192,5.924373,94.668192,4,medium_research_only,SAME_ROLE_ONLY;RESEARCH_ONLY;SAMPLE_TOO_SMALL_LOCAL_11_MATCHES_NOT_PRODUCTION_READY,True,False
FB,135851,Augusto de Jesus Corte Real Carneiro,141741,Oussama Al Aiz,97.873301,3.728048,97.873301,4,medium_research_only,SAME_ROLE_ONLY;RESEARCH_ONLY;SAMPLE_TOO_SMALL_LOCAL_11_MATCHES_NOT_PRODUCTION_READY,True,False
FB,135851,Augusto de Jesus Corte Real Carneiro,142789,Oussama Soukhane,85.622923,22.172551,85.622923,4,medium_research_only,SAME_ROLE_ONLY;RESEARCH_ONLY;SAMPLE_TOO_SMALL_LOCAL_11_MATCHES_NOT_PRODUCTION_READY,True,False
FB,135851,Augusto de Jesus Corte Real Carneiro,143163,Hamza Semmoumy,95.352364,5.153416,95.352364,4,medium_research_only,SAME_ROLE_ONLY;RESEARCH_ONLY;SAMPLE_TOO_SMALL_LOCAL_11_MATCHES_NOT_PRODUCTION_READY,True,False
FB,135851,Augusto de Jesus Corte Real Carneiro,144331,Oussama Raoui,97.569818,58.096019,97.569818,4,medium_research_only,SAME_ROLE_ONLY;RESEARCH_ONLY;SAMPLE_TOO_SMALL_LOCAL_11_MATCHES_NOT_PRODUCTION_READY,True,False
FB,135851,Augusto de Jesus Corte Real Carneiro,152015,Zakaria Kiani,94.077535,11.774769,94.077535,4,medium_research_only,SAME_ROLE_ONLY;RESEARCH_ONLY;SAMPLE_TOO_SMALL_LOCAL_11_MATCHES_NOT_PRODUCTION_READY,True,False
FB,135851,Augusto de Jesus Corte Real Carneiro,178342,Ettayb Boukhriss,97.282838,15.729477,97.282838,4,medium_research_only,SAME_ROLE_ONLY;RESEARCH_ONLY;SAMPLE_TOO_SMALL_LOCAL_11_MATCHES_NOT_PRODUCTION_READY,True,False
FB,135851,Augusto de Jesus Corte Real Carneiro,312413,Soulaimane El Bouchqali,80.138472,12.8574,80.138472,4,medium_research_only,SAME_ROLE_ONLY;RESEARCH_ONLY;SAMPLE_TOO_SMALL_LOCAL_11_MATCHES_NOT_PRODUCTION_READY,True,False
FB,135851,Augusto de Jesus Corte Real Carneiro,313287,Redouane Ait Lemkadem,97.462326,9.895769,97.462326,4,medium_research_only,SAME_ROLE_ONLY;RESEARCH_ONLY;SAMPLE_TOO_SMALL_LOCAL_11_MATCHES_NOT_PRODUCTION_READY,True,False
FB,135851,Augusto de Jesus Corte Real Carneiro,313974,Mohamed El Abdi,99.805543,3.001768,99.805543,4,medium_research_only,SAME_ROLE_ONLY;RESEARCH_ONLY;SAMPLE_TOO_SMALL_LOCAL_11_MATCHES_NOT_PRODUCTION_READY,True,False
FB,135851,Augusto de Jesus Corte Real Carneiro,314450,Anass Lamrabat,94.41717,6.771331,94.41717,4,medium_research_only,SAME_ROLE_ONLY;RESEARCH_ONLY;SAMPLE_TOO_SMALL_LOCAL_11_MATCHES_NOT_PRODUCTION_READY,True,False
FB,135851,Augusto de Jesus Corte Real Carneiro,314451,Houdaifa El Mahasni,99.414735,8.637868,99.414735,4,medium_research_only,SAME_ROLE_ONLY;RESEARCH_ONLY;SAMPLE_TOO_SMALL_LOCAL_11_MATCHES_NOT_PRODUCTION_READY,True,False
FB,135851,Augusto de Jesus Corte Real Carneiro,337496,Haytam Manaout,99.762868,5.534571,99.762868,4,medium_research_only,SAME_ROLE_ONLY;RESEARCH_ONLY;SAMPLE_TOO_SMALL_LOCAL_11_MATCHES_NOT_PRODUCTION_READY,True,False
FB,135851,Augusto de Jesus Corte Real Carneiro,339278,Chemseddine Knaidil,99.867696,12.219171,99.867696,4,medium_research_only,SAME_ROLE_ONLY;RESEARCH_ONLY;SAMPLE_TOO_SMALL_LOCAL_11_MATCHES_NOT_PRODUCTION_READY,True,False
FB,135851,Augusto de Jesus Corte Real Carneiro,405342,Guilherme Ferreira de Oliveira,65.623246,93.975465,65.623246,4,medium_research_only,SAME_ROLE_ONLY;RESEARCH_ONLY;SAMPLE_TOO_SMALL_LOCAL_11_MATCHES_NOT_PRODUCTION_READY,True,False
FB,135851,Augusto de Jesus Corte Real Carneiro,406864,Hamza Malki,98.472249,15.249329,98.472249,4,medium_research_only,SAME_ROLE_ONLY;RESEARCH_ONLY;SAMPLE_TOO_SMALL_LOCAL_11_MATCHES_NOT_PRODUCTION_READY,True,False
FB,135851,Augusto de Jesus Corte Real Carneiro,409454,Ayoub Tine,95.693332,5.237031,95.693332,4,medium_research_only,SAME_ROLE_ONLY;RESEARCH_ONLY;SAMPLE_TOO_SMALL_LOCAL_11_MATCHES_NOT_PRODUCTION_READY,True,False
FB,135851,Augusto de Jesus Corte Real Carneiro,442100,Marouane Ouhrou,90.117497,8.041442,90.117497,4,medium_research_only,SAME_ROLE_ONLY;RESEARCH_ONLY;SAMPLE_TOO_SMALL_LOCAL_11_MATCHES_NOT_PRODUCTION_READY,True,False
FB,135851,Augusto de Jesus Corte Real Carneiro,442286,Oussama Daoui,97.788387,7.388819,97.788387,4,medium_research_only,SAME_ROLE_ONLY;RESEARCH_ONLY;SAMPLE_TOO_SMALL_LOCAL_11_MATCHES_NOT_PRODUCTION_READY,True,False
FB,135851,Augusto de Jesus Corte Real Carneiro,442926,Ousmane Diallo,99.814684,1.125134,99.814684,4,medium_research_only,SAME_ROLE_ONLY;RESEARCH_ONLY;SAMPLE_TOO_SMALL_LOCAL_11_MATCHES_NOT_PRODUCTION_READY,True,False
FB,135851,Augusto de Jesus Corte Real Carneiro,477677,Yassine Boughaz,90.103927,7.509985,90.103927,4,medium_research_only,SAME_ROLE_ONLY;RESEARCH_ONLY;SAMPLE_TOO_SMALL_LOCAL_11_MATCHES_NOT_PRODUCTION_READY,True,False
FB,135851,Augusto de Jesus Corte Real Carneiro,522352,Hamza Fassoukh,99.820365,4.665901,99.820365,4,medium_research_only,SAME_ROLE_ONLY;RESEARCH_ONLY;SAMPLE_TOO_SMALL_LOCAL_11_MATCHES_NOT_PRODUCTION_READY,True,False
FB,135851,Augusto de Jesus Corte Real Carneiro,523288,Abdelali Khouch,80.688786,18.229682,80.688786,4,medium_research_only,SAME_ROLE_ONLY;RESEARCH_ONLY;SAMPLE_TOO_SMALL_LOCAL_11_MATCHES_NOT_PRODUCTION_READY,True,False
FB,135851,Augusto de Jesus Corte Real Carneiro,523293,Nassim Azzoubairi,99.794244,1.682901,99.794244,4,medium_research_only,SAME_ROLE_ONLY;RESEARCH_ONLY;SAMPLE_TOO_SMALL_LOCAL_11_MATCHES_NOT_PRODUCTION_READY,True,False
FB,135851,Augusto de Jesus Corte Real Carneiro,523299,Youness Noussir,87.510833,9.784491,87.510833,4,medium_research_only,SAME_ROLE_ONLY;RESEARCH_ONLY;SAMPLE_TOO_SMALL_LOCAL_11_MATCHES_NOT_PRODUCTION_READY,True,False
FB,135851,Augusto de Jesus Corte Real Carneiro,523318,Younes El Khafi,95.048764,5.974338,95.048764,4,medium_research_only,SAME_ROLE_ONLY;RESEARCH_ONLY;SAMPLE_TOO_SMALL_LOCAL_11_MATCHES_NOT_PRODUCTION_READY,True,False
FB,135851,Augusto de Jesus Corte Real Carneiro,523998,Zakaria Aiada,99.865065,1.259797,99.865065,4,medium_research_only,SAME_ROLE_ONLY;RESEARCH_ONLY;SAMPLE_TOO_SMALL_LOCAL_11_MATCHES_NOT_PRODUCTION_READY,True,False
FB,136023,Rodrigue Kossi Fiogbé,138843,Abdelilah Madkour,99.726136,22.441269,99.726136,4,medium_research_only,SAME_ROLE_ONLY;RESEARCH_ONLY;SAMPLE_TOO_SMALL_LOCAL_11_MATCHES_NOT_PRODUCTION_READY,True,False
FB,136023,Rodrigue Kossi Fiogbé,138910,Jamal Ech-Chammakh,51.129305,29.389555,51.129305,4,medium_research_only,SAME_ROLE_ONLY;RESEARCH_ONLY;SAMPLE_TOO_SMALL_LOCAL_11_MATCHES_NOT_PRODUCTION_READY,True,False
FB,136023,Rodrigue Kossi Fiogbé,138927,Saad El Morsli,85.656981,17.707298,85.656981,4,medium_research_only,SAME_ROLE_ONLY;RESEARCH_ONLY;SAMPLE_TOO_SMALL_LOCAL_11_MATCHES_NOT_PRODUCTION_READY,True,False
FB,136023,Rodrigue Kossi Fiogbé,138945,Mohamed Boulacsout,90.523445,17.455616,90.523445,4,medium_research_only,SAME_ROLE_ONLY;RESEARCH_ONLY;SAMPLE_TOO_SMALL_LOCAL_11_MATCHES_NOT_PRODUCTION_READY,True,False
FB,136023,Rodrigue Kossi Fiogbé,138949,Ayoub Boucheta,87.175152,19.257458,87.175152,4,medium_research_only,SAME_ROLE_ONLY;RESEARCH_ONLY;SAMPLE_TOO_SMALL_LOCAL_11_MATCHES_NOT_PRODUCTION_READY,True,False
FB,136023,Rodrigue Kossi Fiogbé,138956,Anas Bach,99.329125,9.23218,99.329125,4,medium_research_only,SAME_ROLE_ONLY;RESEARCH_ONLY;SAMPLE_TOO_SMALL_LOCAL_11_MATCHES_NOT_PRODUCTION_READY,True,False
FB,136023,Rodrigue Kossi Fiogbé,138966,Youssef Belammari,80.612953,20.818347,80.612953,4,medium_research_only,SAME_ROLE_ONLY;RESEARCH_ONLY;SAMPLE_TOO_SMALL_LOCAL_11_MATCHES_NOT_PRODUCTION_READY,True,False
FB,136023,Rodrigue Kossi Fiogbé,138999,Marouane Lemzaouri,70.672216,23.14529,70.672216,4,medium_research_only,SAME_ROLE_ONLY;RESEARCH_ONLY;SAMPLE_TOO_SMALL_LOCAL_11_MATCHES_NOT_PRODUCTION_READY,True,False
FB,136023,Rodrigue Kossi Fiogbé,139549,Hamza El Janati,85.190756,18.756228,85.190756,4,medium_research_only,SAME_ROLE_ONLY;RESEARCH_ONLY;SAMPLE_TOO_SMALL_LOCAL_11_MATCHES_NOT_PRODUCTION_READY,True,False
FB,136023,Rodrigue Kossi Fiogbé,139560,Hamza El Moussaoui,83.164604,18.933372,83.164604,4,medium_research_only,SAME_ROLE_ONLY;RESEARCH_ONLY;SAMPLE_TOO_SMALL_LOCAL_11_MATCHES_NOT_PRODUCTION_READY,True,False
FB,136023,Rodrigue Kossi Fiogbé,139563,Ayoub Khairi,76.57319,23.337483,76.57319,4,medium_research_only,SAME_ROLE_ONLY;RESEARCH_ONLY;SAMPLE_TOO_SMALL_LOCAL_11_MATCHES_NOT_PRODUCTION_READY,True,False
FB,136023,Rodrigue Kossi Fiogbé,140876,Mohamed Moufid,72.401984,22.596847,72.401984,4,medium_research_only,SAME_ROLE_ONLY;RESEARCH_ONLY;SAMPLE_TOO_SMALL_LOCAL_11_MATCHES_NOT_PRODUCTION_READY,True,False
FB,136023,Rodrigue Kossi Fiogbé,141741,Oussama Al Aiz,79.804265,20.336929,79.804265,4,medium_research_only,SAME_ROLE_ONLY;RESEARCH_ONLY;SAMPLE_TOO_SMALL_LOCAL_11_MATCHES_NOT_PRODUCTION_READY,True,False
FB,136023,Rodrigue Kossi Fiogbé,142789,Oussama Soukhane,57.61445,35.432043,57.61445,4,medium_research_only,SAME_ROLE_ONLY;RESEARCH_ONLY;SAMPLE_TOO_SMALL_LOCAL_11_MATCHES_NOT_PRODUCTION_READY,True,False
FB,136023,Rodrigue Kossi Fiogbé,143163,Hamza Semmoumy,73.774197,22.157618,73.774197,4,medium_research_only,SAME_ROLE_ONLY;RESEARCH_ONLY;SAMPLE_TOO_SMALL_LOCAL_11_MATCHES_NOT_PRODUCTION_READY,True,False
FB,136023,Rodrigue Kossi Fiogbé,144331,Oussama Raoui,79.207749,58.355987,79.207749,4,medium_research_only,SAME_ROLE_ONLY;RESEARCH_ONLY;SAMPLE_TOO_SMALL_LOCAL_11_MATCHES_NOT_PRODUCTION_READY,True,False
FB,136023,Rodrigue Kossi Fiogbé,152015,Zakaria Kiani,99.395014,5.588909,99.395014,4,medium_research_only,SAME_ROLE_ONLY;RESEARCH_ONLY;SAMPLE_TOO_SMALL_LOCAL_11_MATCHES_NOT_PRODUCTION_READY,True,False
FB,136023,Rodrigue Kossi Fiogbé,178342,Ettayb Boukhriss,97.586806,8.153379,97.586806,4,medium_research_only,SAME_ROLE_ONLY;RESEARCH_ONLY;SAMPLE_TOO_SMALL_LOCAL_11_MATCHES_NOT_PRODUCTION_READY,True,False
FB,136023,Rodrigue Kossi Fiogbé,312413,Soulaimane El Bouchqali,51.631652,29.303467,51.631652,4,medium_research_only,SAME_ROLE_ONLY;RESEARCH_ONLY;SAMPLE_TOO_SMALL_LOCAL_11_MATCHES_NOT_PRODUCTION_READY,True,False
FB,136023,Rodrigue Kossi Fiogbé,313287,Redouane Ait Lemkadem,97.377922,8.718002,97.377922,4,medium_research_only,SAME_ROLE_ONLY;RESEARCH_ONLY;SAMPLE_TOO_SMALL_LOCAL_11_MATCHES_NOT_PRODUCTION_READY,True,False
FB,136023,Rodrigue Kossi Fiogbé,313974,Mohamed El Abdi,87.676011,17.092956,87.676011,4,medium_research_only,SAME_ROLE_ONLY;RESEARCH_ONLY;SAMPLE_TOO_SMALL_LOCAL_11_MATCHES_NOT_PRODUCTION_READY,True,False
FB,136023,Rodrigue Kossi Fiogbé,314450,Anass Lamrabat,71.875338,22.928108,71.875338,4,medium_research_only,SAME_ROLE_ONLY;RESEARCH_ONLY;SAMPLE_TOO_SMALL_LOCAL_11_MATCHES_NOT_PRODUCTION_READY,True,False
FB,136023,Rodrigue Kossi Fiogbé,314451,Houdaifa El Mahasni,85.135218,18.104504,85.135218,4,medium_research_only,SAME_ROLE_ONLY;RESEARCH_ONLY;SAMPLE_TOO_SMALL_LOCAL_11_MATCHES_NOT_PRODUCTION_READY,True,False
FB,136023,Rodrigue Kossi Fiogbé,337496,Haytam Manaout,92.275143,14.022082,92.275143,4,medium_research_only,SAME_ROLE_ONLY;RESEARCH_ONLY;SAMPLE_TOO_SMALL_LOCAL_11_MATCHES_NOT_PRODUCTION_READY,True,False
FB,136023,Rodrigue Kossi Fiogbé,339278,Chemseddine Knaidil,88.03835,17.085611,88.03835,4,medium_research_only,SAME_ROLE_ONLY;RESEARCH_ONLY;SAMPLE_TOO_SMALL_LOCAL_11_MATCHES_NOT_PRODUCTION_READY,True,False
FB,136023,Rodrigue Kossi Fiogbé,405342,Guilherme Ferreira de Oliveira,67.128029,91.510392,67.128029,4,medium_research_only,SAME_ROLE_ONLY;RESEARCH_ONLY;SAMPLE_TOO_SMALL_LOCAL_11_MATCHES_NOT_PRODUCTION_READY,True,False
FB,136023,Rodrigue Kossi Fiogbé,406864,Hamza Malki,95.883392,10.588885,95.883392,4,medium_research_only,SAME_ROLE_ONLY;RESEARCH_ONLY;SAMPLE_TOO_SMALL_LOCAL_11_MATCHES_NOT_PRODUCTION_READY,True,False
FB,136023,Rodrigue Kossi Fiogbé,409454,Ayoub Tine,74.497808,22.209866,74.497808,4,medium_research_only,SAME_ROLE_ONLY;RESEARCH_ONLY;SAMPLE_TOO_SMALL_LOCAL_11_MATCHES_NOT_PRODUCTION_READY,True,False
FB,136023,Rodrigue Kossi Fiogbé,442100,Marouane Ouhrou,99.880828,19.283654,99.880828,4,medium_research_only,SAME_ROLE_ONLY;RESEARCH_ONLY;SAMPLE_TOO_SMALL_LOCAL_11_MATCHES_NOT_PRODUCTION_READY,True,False
FB,136023,Rodrigue Kossi Fiogbé,442286,Oussama Daoui,79.848831,22.58412,79.848831,4,medium_research_only,SAME_ROLE_ONLY;RESEARCH_ONLY;SAMPLE_TOO_SMALL_LOCAL_11_MATCHES_NOT_PRODUCTION_READY,True,False
FB,136023,Rodrigue Kossi Fiogbé,442926,Ousmane Diallo,92.407558,16.083061,92.407558,4,medium_research_only,SAME_ROLE_ONLY;RESEARCH_ONLY;SAMPLE_TOO_SMALL_LOCAL_11_MATCHES_NOT_PRODUCTION_READY,True,False
FB,136023,Rodrigue Kossi Fiogbé,477677,Yassine Boughaz,99.887362,17.898902,99.887362,4,medium_research_only,SAME_ROLE_ONLY;RESEARCH_ONLY;SAMPLE_TOO_SMALL_LOCAL_11_MATCHES_NOT_PRODUCTION_READY,True,False
FB,136023,Rodrigue Kossi Fiogbé,522352,Hamza Fassoukh,88.64713,16.256418,88.64713,4,medium_research_only,SAME_ROLE_ONLY;RESEARCH_ONLY;SAMPLE_TOO_SMALL_LOCAL_11_MATCHES_NOT_PRODUCTION_READY,True,False
FB,136023,Rodrigue Kossi Fiogbé,523288,Abdelali Khouch,51.142533,33.675858,51.142533,4,medium_research_only,SAME_ROLE_ONLY;RESEARCH_ONLY;SAMPLE_TOO_SMALL_LOCAL_11_MATCHES_NOT_PRODUCTION_READY,True,False
FB,136023,Rodrigue Kossi Fiogbé,523293,Nassim Azzoubairi,92.484106,15.602955,92.484106,4,medium_research_only,SAME_ROLE_ONLY;RESEARCH_ONLY;SAMPLE_TOO_SMALL_LOCAL_11_MATCHES_NOT_PRODUCTION_READY,True,False
FB,136023,Rodrigue Kossi Fiogbé,523299,Youness Noussir,60.337582,26.419502,60.337582,4,medium_research_only,SAME_ROLE_ONLY;RESEARCH_ONLY;SAMPLE_TOO_SMALL_LOCAL_11_MATCHES_NOT_PRODUCTION_READY,True,False
FB,136023,Rodrigue Kossi Fiogbé,523318,Younes El Khafi,98.979985,12.04936,98.979985,4,medium_research_only,SAME_ROLE_ONLY;RESEARCH_ONLY;SAMPLE_TOO_SMALL_LOCAL_11_MATCHES_NOT_PRODUCTION_READY,True,False
FB,136023,Rodrigue Kossi Fiogbé,523998,Zakaria Aiada,89.940028,17.664478,89.940028,4,medium_research_only,SAME_ROLE_ONLY;RESEARCH_ONLY;SAMPLE_TOO_SMALL_LOCAL_11_MATCHES_NOT_PRODUCTION_READY,True,False
FB,138843,Abdelilah Madkour,138910,Jamal Ech-Chammakh,50.035447,15.963234,50.035447,4,medium_research_only,SAME_ROLE_ONLY;RESEARCH_ONLY;SAMPLE_TOO_SMALL_LOCAL_11_MATCHES_NOT_PRODUCTION_READY,True,False
FB,138843,Abdelilah Madkour,138927,Saad El Morsli,85.429217,14.794276,85.429217,4,medium_research_only,SAME_ROLE_ONLY;RESEARCH_ONLY;SAMPLE_TOO_SMALL_LOCAL_11_MATCHES_NOT_PRODUCTION_READY,True,False
FB,138843,Abdelilah Madkour,138945,Mohamed Boulacsout,90.215589,9.013671,90.215589,4,medium_research_only,SAME_ROLE_ONLY;RESEARCH_ONLY;SAMPLE_TOO_SMALL_LOCAL_11_MATCHES_NOT_PRODUCTION_READY,True,False
FB,138843,Abdelilah Madkour,138949,Ayoub Boucheta,86.485679,7.613165,86.485679,4,medium_research_only,SAME_ROLE_ONLY;RESEARCH_ONLY;SAMPLE_TOO_SMALL_LOCAL_11_MATCHES_NOT_PRODUCTION_READY,True,False
FB,138843,Abdelilah Madkour,138956,Anas Bach,98.920424,13.891908,98.920424,4,medium_research_only,SAME_ROLE_ONLY;RESEARCH_ONLY;SAMPLE_TOO_SMALL_LOCAL_11_MATCHES_NOT_PRODUCTION_READY,True,False
FB,138843,Abdelilah Madkour,138966,Youssef Belammari,80.259332,19.939168,80.259332,4,medium_research_only,SAME_ROLE_ONLY;RESEARCH_ONLY;SAMPLE_TOO_SMALL_LOCAL_11_MATCHES_NOT_PRODUCTION_READY,True,False
FB,138843,Abdelilah Madkour,138999,Marouane Lemzaouri,69.989226,6.682977,69.989226,4,medium_research_only,SAME_ROLE_ONLY;RESEARCH_ONLY;SAMPLE_TOO_SMALL_LOCAL_11_MATCHES_NOT_PRODUCTION_READY,True,False
FB,138843,Abdelilah Madkour,139549,Hamza El Janati,84.870399,10.364506,84.870399,4,medium_research_only,SAME_ROLE_ONLY;RESEARCH_ONLY;SAMPLE_TOO_SMALL_LOCAL_11_MATCHES_NOT_PRODUCTION_READY,True,False
FB,138843,Abdelilah Madkour,139560,Hamza El Moussaoui,82.579935,13.286153,82.579935,4,medium_research_only,SAME_ROLE_ONLY;RESEARCH_ONLY;SAMPLE_TOO_SMALL_LOCAL_11_MATCHES_NOT_PRODUCTION_READY,True,False
FB,138843,Abdelilah Madkour,139563,Ayoub Khairi,72.732168,3.632888,72.732168,4,medium_research_only,SAME_ROLE_ONLY;RESEARCH_ONLY;SAMPLE_TOO_SMALL_LOCAL_11_MATCHES_NOT_PRODUCTION_READY,True,False
FB,138843,Abdelilah Madkour,140876,Mohamed Moufid,71.943456,12.219447,71.943456,4,medium_research_only,SAME_ROLE_ONLY;RESEARCH_ONLY;SAMPLE_TOO_SMALL_LOCAL_11_MATCHES_NOT_PRODUCTION_READY,True,False
FB,138843,Abdelilah Madkour,141741,Oussama Al Aiz,79.495574,11.454726,79.495574,4,medium_research_only,SAME_ROLE_ONLY;RESEARCH_ONLY;SAMPLE_TOO_SMALL_LOCAL_11_MATCHES_NOT_PRODUCTION_READY,True,False
FB,138843,Abdelilah Madkour,142789,Oussama Soukhane,57.525572,28.764125,57.525572,4,medium_research_only,SAME_ROLE_ONLY;RESEARCH_ONLY;SAMPLE_TOO_SMALL_LOCAL_11_MATCHES_NOT_PRODUCTION_READY,True,False
FB,138843,Abdelilah Madkour,143163,Hamza Semmoumy,73.421751,10.91159,73.421751,4,medium_research_only,SAME_ROLE_ONLY;RESEARCH_ONLY;SAMPLE_TOO_SMALL_LOCAL_11_MATCHES_NOT_PRODUCTION_READY,True,False
FB,138843,Abdelilah Madkour,144331,Oussama Raoui,79.229122,67.793292,79.229122,4,medium_research_only,SAME_ROLE_ONLY;RESEARCH_ONLY;SAMPLE_TOO_SMALL_LOCAL_11_MATCHES_NOT_PRODUCTION_READY,True,False
FB,138843,Abdelilah Madkour,152015,Zakaria Kiani,99.295341,18.167206,99.295341,4,medium_research_only,SAME_ROLE_ONLY;RESEARCH_ONLY;SAMPLE_TOO_SMALL_LOCAL_11_MATCHES_NOT_PRODUCTION_READY,True,False
FB,138843,Abdelilah Madkour,178342,Ettayb Boukhriss,97.18984,23.97359,97.18984,4,medium_research_only,SAME_ROLE_ONLY;RESEARCH_ONLY;SAMPLE_TOO_SMALL_LOCAL_11_MATCHES_NOT_PRODUCTION_READY,True,False
FB,138843,Abdelilah Madkour,312413,Soulaimane El Bouchqali,50.058512,16.057686,50.058512,4,medium_research_only,SAME_ROLE_ONLY;RESEARCH_ONLY;SAMPLE_TOO_SMALL_LOCAL_11_MATCHES_NOT_PRODUCTION_READY,True,False
FB,138843,Abdelilah Madkour,313287,Redouane Ait Lemkadem,97.247036,17.929892,97.247036,4,medium_research_only,SAME_ROLE_ONLY;RESEARCH_ONLY;SAMPLE_TOO_SMALL_LOCAL_11_MATCHES_NOT_PRODUCTION_READY,True,False
FB,138843,Abdelilah Madkour,313974,Mohamed El Abdi,87.571596,12.792629,87.571596,4,medium_research_only,SAME_ROLE_ONLY;RESEARCH_ONLY;SAMPLE_TOO_SMALL_LOCAL_11_MATCHES_NOT_PRODUCTION_READY,True,False
FB,138843,Abdelilah Madkour,314450,Anass Lamrabat,71.516121,13.630629,71.516121,4,medium_research_only,SAME_ROLE_ONLY;RESEARCH_ONLY;SAMPLE_TOO_SMALL_LOCAL_11_MATCHES_NOT_PRODUCTION_READY,True,False
FB,138843,Abdelilah Madkour,314451,Houdaifa El Mahasni,84.932405,18.452737,84.932405,4,medium_research_only,SAME_ROLE_ONLY;RESEARCH_ONLY;SAMPLE_TOO_SMALL_LOCAL_11_MATCHES_NOT_PRODUCTION_READY,True,False
FB,138843,Abdelilah Madkour,337496,Haytam Manaout,91.647107,15.10461,91.647107,4,medium_research_only,SAME_ROLE_ONLY;RESEARCH_ONLY;SAMPLE_TOO_SMALL_LOCAL_11_MATCHES_NOT_PRODUCTION_READY,True,False
FB,138843,Abdelilah Madkour,339278,Chemseddine Knaidil,87.836781,22.114072,87.836781,4,medium_research_only,SAME_ROLE_ONLY;RESEARCH_ONLY;SAMPLE_TOO_SMALL_LOCAL_11_MATCHES_NOT_PRODUCTION_READY,True,False
FB,138843,Abdelilah Madkour,405342,Guilherme Ferreira de Oliveira,63.621609,96.310143,63.621609,4,medium_research_only,SAME_ROLE_ONLY;RESEARCH_ONLY;SAMPLE_TOO_SMALL_LOCAL_11_MATCHES_NOT_PRODUCTION_READY,True,False
FB,138843,Abdelilah Madkour,406864,Hamza Malki,95.911674,24.060357,95.911674,4,medium_research_only,SAME_ROLE_ONLY;RESEARCH_ONLY;SAMPLE_TOO_SMALL_LOCAL_11_MATCHES_NOT_PRODUCTION_READY,True,False
FB,138843,Abdelilah Madkour,409454,Ayoub Tine,74.278636,8.02674,74.278636,4,medium_research_only,SAME_ROLE_ONLY;RESEARCH_ONLY;SAMPLE_TOO_SMALL_LOCAL_11_MATCHES_NOT_PRODUCTION_READY,True,False
FB,138843,Abdelilah Madkour,442100,Marouane Ouhrou,99.339778,3.226726,99.339778,4,medium_research_only,SAME_ROLE_ONLY;RESEARCH_ONLY;SAMPLE_TOO_SMALL_LOCAL_11_MATCHES_NOT_PRODUCTION_READY,True,False
FB,138843,Abdelilah Madkour,442286,Oussama Daoui,79.227756,4.017742,79.227756,4,medium_research_only,SAME_ROLE_ONLY;RESEARCH_ONLY;SAMPLE_TOO_SMALL_LOCAL_11_MATCHES_NOT_PRODUCTION_READY,True,False
FB,138843,Abdelilah Madkour,442926,Ousmane Diallo,92.06448,10.168864,92.06448,4,medium_research_only,SAME_ROLE_ONLY;RESEARCH_ONLY;SAMPLE_TOO_SMALL_LOCAL_11_MATCHES_NOT_PRODUCTION_READY,True,False
FB,138843,Abdelilah Madkour,477677,Yassine Boughaz,99.293555,4.610884,99.293555,4,medium_research_only,SAME_ROLE_ONLY;RESEARCH_ONLY;SAMPLE_TOO_SMALL_LOCAL_11_MATCHES_NOT_PRODUCTION_READY,True,False
FB,138843,Abdelilah Madkour,522352,Hamza Fassoukh,88.650182,14.456794,88.650182,4,medium_research_only,SAME_ROLE_ONLY;RESEARCH_ONLY;SAMPLE_TOO_SMALL_LOCAL_11_MATCHES_NOT_PRODUCTION_READY,True,False
FB,138843,Abdelilah Madkour,523288,Abdelali Khouch,50.554582,23.071835,50.554582,4,medium_research_only,SAME_ROLE_ONLY;RESEARCH_ONLY;SAMPLE_TOO_SMALL_LOCAL_11_MATCHES_NOT_PRODUCTION_READY,True,False
FB,138843,Abdelilah Madkour,523293,Nassim Azzoubairi,91.99314,10.993857,91.99314,4,medium_research_only,SAME_ROLE_ONLY;RESEARCH_ONLY;SAMPLE_TOO_SMALL_LOCAL_11_MATCHES_NOT_PRODUCTION_READY,True,False
FB,138843,Abdelilah Madkour,523299,Youness Noussir,59.858178,14.443942,59.858178,4,medium_research_only,SAME_ROLE_ONLY;RESEARCH_ONLY;SAMPLE_TOO_SMALL_LOCAL_11_MATCHES_NOT_PRODUCTION_READY,True,False
FB,138843,Abdelilah Madkour,523318,Younes El Khafi,98.424094,11.084202,98.424094,4,medium_research_only,SAME_ROLE_ONLY;RESEARCH_ONLY;SAMPLE_TOO_SMALL_LOCAL_11_MATCHES_NOT_PRODUCTION_READY,True,False
FB,138843,Abdelilah Madkour,523998,Zakaria Aiada,89.291775,9.031787,89.291775,4,medium_research_only,SAME_ROLE_ONLY;RESEARCH_ONLY;SAMPLE_TOO_SMALL_LOCAL_11_MATCHES_NOT_PRODUCTION_READY,True,False
FB,138910,Jamal Ech-Chammakh,138927,Saad El Morsli,85.131547,12.500475,85.131547,4,medium_research_only,SAME_ROLE_ONLY;RESEARCH_ONLY;SAMPLE_TOO_SMALL_LOCAL_11_MATCHES_NOT_PRODUCTION_READY,True,False
FB,138910,Jamal Ech-Chammakh,138945,Mohamed Boulacsout,79.708703,12.767041,79.708703,4,medium_research_only,SAME_ROLE_ONLY;RESEARCH_ONLY;SAMPLE_TOO_SMALL_LOCAL_11_MATCHES_NOT_PRODUCTION_READY,True,False
FB,138910,Jamal Ech-Chammakh,138949,Ayoub Boucheta,84.172014,11.558618,84.172014,4,medium_research_only,SAME_ROLE_ONLY;RESEARCH_ONLY;SAMPLE_TOO_SMALL_LOCAL_11_MATCHES_NOT_PRODUCTION_READY,True,False
FB,138910,Jamal Ech-Chammakh,138956,Anas Bach,59.16918,20.654736,59.16918,4,medium_research_only,SAME_ROLE_ONLY;RESEARCH_ONLY;SAMPLE_TOO_SMALL_LOCAL_11_MATCHES_NOT_PRODUCTION_READY,True,False
FB,138910,Jamal Ech-Chammakh,138966,Youssef Belammari,89.671445,13.146864,89.671445,4,medium_research_only,SAME_ROLE_ONLY;RESEARCH_ONLY;SAMPLE_TOO_SMALL_LOCAL_11_MATCHES_NOT_PRODUCTION_READY,True,False
FB,138910,Jamal Ech-Chammakh,138999,Marouane Lemzaouri,95.648334,9.544822,95.648334,4,medium_research_only,SAME_ROLE_ONLY;RESEARCH_ONLY;SAMPLE_TOO_SMALL_LOCAL_11_MATCHES_NOT_PRODUCTION_READY,True,False
FB,138910,Jamal Ech-Chammakh,139549,Hamza El Janati,85.760042,11.023177,85.760042,4,medium_research_only,SAME_ROLE_ONLY;RESEARCH_ONLY;SAMPLE_TOO_SMALL_LOCAL_11_MATCHES_NOT_PRODUCTION_READY,True,False
FB,138910,Jamal Ech-Chammakh,139560,Hamza El Moussaoui,87.945259,10.666386,87.945259,4,medium_research_only,SAME_ROLE_ONLY;RESEARCH_ONLY;SAMPLE_TOO_SMALL_LOCAL_11_MATCHES_NOT_PRODUCTION_READY,True,False
FB,138910,Jamal Ech-Chammakh,139563,Ayoub Khairi,78.263033,13.88703,78.263033,4,medium_research_only,SAME_ROLE_ONLY;RESEARCH_ONLY;SAMPLE_TOO_SMALL_LOCAL_11_MATCHES_NOT_PRODUCTION_READY,True,False
FB,138910,Jamal Ech-Chammakh,140876,Mohamed Moufid,94.760931,7.064696,94.760931,4,medium_research_only,SAME_ROLE_ONLY;RESEARCH_ONLY;SAMPLE_TOO_SMALL_LOCAL_11_MATCHES_NOT_PRODUCTION_READY,True,False
FB,138910,Jamal Ech-Chammakh,141741,Oussama Al Aiz,90.167369,9.366898,90.167369,4,medium_research_only,SAME_ROLE_ONLY;RESEARCH_ONLY;SAMPLE_TOO_SMALL_LOCAL_11_MATCHES_NOT_PRODUCTION_READY,True,False
FB,138910,Jamal Ech-Chammakh,142789,Oussama Soukhane,98.552504,14.283606,98.552504,4,medium_research_only,SAME_ROLE_ONLY;RESEARCH_ONLY;SAMPLE_TOO_SMALL_LOCAL_11_MATCHES_NOT_PRODUCTION_READY,True,False
FB,138910,Jamal Ech-Chammakh,143163,Hamza Semmoumy,93.928409,7.743308,93.928409,4,medium_research_only,SAME_ROLE_ONLY;RESEARCH_ONLY;SAMPLE_TOO_SMALL_LOCAL_11_MATCHES_NOT_PRODUCTION_READY,True,False
FB,138910,Jamal Ech-Chammakh,144331,Oussama Raoui,89.898901,57.608409,89.898901,4,medium_research_only,SAME_ROLE_ONLY;RESEARCH_ONLY;SAMPLE_TOO_SMALL_LOCAL_11_MATCHES_NOT_PRODUCTION_READY,True,False
FB,138910,Jamal Ech-Chammakh,152015,Zakaria Kiani,58.182684,23.998976,58.182684,4,medium_research_only,SAME_ROLE_ONLY;RESEARCH_ONLY;SAMPLE_TOO_SMALL_LOCAL_11_MATCHES_NOT_PRODUCTION_READY,True,False
FB,138910,Jamal Ech-Chammakh,178342,Ettayb Boukhriss,66.260024,26.099991,66.260024,4,medium_research_only,SAME_ROLE_ONLY;RESEARCH_ONLY;SAMPLE_TOO_SMALL_LOCAL_11_MATCHES_NOT_PRODUCTION_READY,True,False
FB,138910,Jamal Ech-Chammakh,312413,Soulaimane El Bouchqali,99.747578,1.587881,99.747578,4,medium_research_only,SAME_ROLE_ONLY;RESEARCH_ONLY;SAMPLE_TOO_SMALL_LOCAL_11_MATCHES_NOT_PRODUCTION_READY,True,False
FB,138910,Jamal Ech-Chammakh,313287,Redouane Ait Lemkadem,66.392245,21.370193,66.392245,4,medium_research_only,SAME_ROLE_ONLY;RESEARCH_ONLY;SAMPLE_TOO_SMALL_LOCAL_11_MATCHES_NOT_PRODUCTION_READY,True,False
FB,138910,Jamal Ech-Chammakh,313974,Mohamed El Abdi,82.776355,12.674106,82.776355,4,medium_research_only,SAME_ROLE_ONLY;RESEARCH_ONLY;SAMPLE_TOO_SMALL_LOCAL_11_MATCHES_NOT_PRODUCTION_READY,True,False
FB,138910,Jamal Ech-Chammakh,314450,Anass Lamrabat,94.87593,6.950411,94.87593,4,medium_research_only,SAME_ROLE_ONLY;RESEARCH_ONLY;SAMPLE_TOO_SMALL_LOCAL_11_MATCHES_NOT_PRODUCTION_READY,True,False
FB,138910,Jamal Ech-Chammakh,314451,Houdaifa El Mahasni,85.590317,14.300277,85.590317,4,medium_research_only,SAME_ROLE_ONLY;RESEARCH_ONLY;SAMPLE_TOO_SMALL_LOCAL_11_MATCHES_NOT_PRODUCTION_READY,True,False
FB,138910,Jamal Ech-Chammakh,337496,Haytam Manaout,77.582844,15.712924,77.582844,4,medium_research_only,SAME_ROLE_ONLY;RESEARCH_ONLY;SAMPLE_TOO_SMALL_LOCAL_11_MATCHES_NOT_PRODUCTION_READY,True,False
FB,138910,Jamal Ech-Chammakh,339278,Chemseddine Knaidil,82.56044,18.312839,82.56044,4,medium_research_only,SAME_ROLE_ONLY;RESEARCH_ONLY;SAMPLE_TOO_SMALL_LOCAL_11_MATCHES_NOT_PRODUCTION_READY,True,False
FB,138910,Jamal Ech-Chammakh,405342,Guilherme Ferreira de Oliveira,59.124591,95.417359,59.124591,4,medium_research_only,SAME_ROLE_ONLY;RESEARCH_ONLY;SAMPLE_TOO_SMALL_LOCAL_11_MATCHES_NOT_PRODUCTION_READY,True,False
FB,138910,Jamal Ech-Chammakh,406864,Hamza Malki,69.728891,24.972081,69.728891,4,medium_research_only,SAME_ROLE_ONLY;RESEARCH_ONLY;SAMPLE_TOO_SMALL_LOCAL_11_MATCHES_NOT_PRODUCTION_READY,True,False
FB,138910,Jamal Ech-Chammakh,409454,Ayoub Tine,93.336604,9.108835,93.336604,4,medium_research_only,SAME_ROLE_ONLY;RESEARCH_ONLY;SAMPLE_TOO_SMALL_LOCAL_11_MATCHES_NOT_PRODUCTION_READY,True,False
FB,138910,Jamal Ech-Chammakh,442100,Marouane Ouhrou,51.792807,16.602516,51.792807,4,medium_research_only,SAME_ROLE_ONLY;RESEARCH_ONLY;SAMPLE_TOO_SMALL_LOCAL_11_MATCHES_NOT_PRODUCTION_READY,True,False
FB,138910,Jamal Ech-Chammakh,442286,Oussama Daoui,90.479034,12.07227,90.479034,4,medium_research_only,SAME_ROLE_ONLY;RESEARCH_ONLY;SAMPLE_TOO_SMALL_LOCAL_11_MATCHES_NOT_PRODUCTION_READY,True,False
FB,138910,Jamal Ech-Chammakh,442926,Ousmane Diallo,77.039127,13.783873,77.039127,4,medium_research_only,SAME_ROLE_ONLY;RESEARCH_ONLY;SAMPLE_TOO_SMALL_LOCAL_11_MATCHES_NOT_PRODUCTION_READY,True,False
FB,138910,Jamal Ech-Chammakh,477677,Yassine Boughaz,51.843195,17.094801,51.843195,4,medium_research_only,SAME_ROLE_ONLY;RESEARCH_ONLY;SAMPLE_TOO_SMALL_LOCAL_11_MATCHES_NOT_PRODUCTION_READY,True,False
FB,138910,Jamal Ech-Chammakh,522352,Hamza Fassoukh,81.360942,13.922976,81.360942,4,medium_research_only,SAME_ROLE_ONLY;RESEARCH_ONLY;SAMPLE_TOO_SMALL_LOCAL_11_MATCHES_NOT_PRODUCTION_READY,True,False
FB,138910,Jamal Ech-Chammakh,523288,Abdelali Khouch,99.699442,7.506767,99.699442,4,medium_research_only,SAME_ROLE_ONLY;RESEARCH_ONLY;SAMPLE_TOO_SMALL_LOCAL_11_MATCHES_NOT_PRODUCTION_READY,True,False
FB,138910,Jamal Ech-Chammakh,523293,Nassim Azzoubairi,77.140733,14.009497,77.140733,4,medium_research_only,SAME_ROLE_ONLY;RESEARCH_ONLY;SAMPLE_TOO_SMALL_LOCAL_11_MATCHES_NOT_PRODUCTION_READY,True,False
FB,138910,Jamal Ech-Chammakh,523299,Youness Noussir,98.741123,3.556539,98.741123,4,medium_research_only,SAME_ROLE_ONLY;RESEARCH_ONLY;SAMPLE_TOO_SMALL_LOCAL_11_MATCHES_NOT_PRODUCTION_READY,True,False
FB,138910,Jamal Ech-Chammakh,523318,Younes El Khafi,61.052036,18.452547,61.052036,4,medium_research_only,SAME_ROLE_ONLY;RESEARCH_ONLY;SAMPLE_TOO_SMALL_LOCAL_11_MATCHES_NOT_PRODUCTION_READY,True,False
FB,138910,Jamal Ech-Chammakh,523998,Zakaria Aiada,80.82055,12.454775,80.82055,4,medium_research_only,SAME_ROLE_ONLY;RESEARCH_ONLY;SAMPLE_TOO_SMALL_LOCAL_11_MATCHES_NOT_PRODUCTION_READY,True,False
FB,138927,Saad El Morsli,138945,Mohamed Boulacsout,99.427148,5.906817,99.427148,4,medium_research_only,SAME_ROLE_ONLY;RESEARCH_ONLY;SAMPLE_TOO_SMALL_LOCAL_11_MATCHES_NOT_PRODUCTION_READY,True,False
FB,138927,Saad El Morsli,138949,Ayoub Boucheta,99.71667,7.353113,99.71667,4,medium_research_only,SAME_ROLE_ONLY;RESEARCH_ONLY;SAMPLE_TOO_SMALL_LOCAL_11_MATCHES_NOT_PRODUCTION_READY,True,False
FB,138927,Saad El Morsli,138956,Anas Bach,90.738762,10.105427,90.738762,4,medium_research_only,SAME_ROLE_ONLY;RESEARCH_ONLY;SAMPLE_TOO_SMALL_LOCAL_11_MATCHES_NOT_PRODUCTION_READY,True,False
FB,138927,Saad El Morsli,138966,Youssef Belammari,99.526165,5.518512,99.526165,4,medium_research_only,SAME_ROLE_ONLY;RESEARCH_ONLY;SAMPLE_TOO_SMALL_LOCAL_11_MATCHES_NOT_PRODUCTION_READY,True,False
FB,138927,Saad El Morsli,138999,Marouane Lemzaouri,96.274062,10.255594,96.274062,4,medium_research_only,SAME_ROLE_ONLY;RESEARCH_ONLY;SAMPLE_TOO_SMALL_LOCAL_11_MATCHES_NOT_PRODUCTION_READY,True,False
FB,138927,Saad El Morsli,139549,Hamza El Janati,99.982141,4.538378,99.982141,4,medium_research_only,SAME_ROLE_ONLY;RESEARCH_ONLY;SAMPLE_TOO_SMALL_LOCAL_11_MATCHES_NOT_PRODUCTION_READY,True,False
FB,138927,Saad El Morsli,139560,Hamza El Moussaoui,99.759301,2.299487,99.759301,4,medium_research_only,SAME_ROLE_ONLY;RESEARCH_ONLY;SAMPLE_TOO_SMALL_LOCAL_11_MATCHES_NOT_PRODUCTION_READY,True,False
FB,138927,Saad El Morsli,139563,Ayoub Khairi,83.528052,14.288827,83.528052,4,medium_research_only,SAME_ROLE_ONLY;RESEARCH_ONLY;SAMPLE_TOO_SMALL_LOCAL_11_MATCHES_NOT_PRODUCTION_READY,True,False
FB,138927,Saad El Morsli,140876,Mohamed Moufid,97.249381,5.997772,97.249381,4,medium_research_only,SAME_ROLE_ONLY;RESEARCH_ONLY;SAMPLE_TOO_SMALL_LOCAL_11_MATCHES_NOT_PRODUCTION_READY,True,False
FB,138927,Saad El Morsli,141741,Oussama Al Aiz,99.331113,4.454467,99.331113,4,medium_research_only,SAME_ROLE_ONLY;RESEARCH_ONLY;SAMPLE_TOO_SMALL_LOCAL_11_MATCHES_NOT_PRODUCTION_READY,True,False
FB,138927,Saad El Morsli,142789,Oussama Soukhane,90.07028,18.607344,90.07028,4,medium_research_only,SAME_ROLE_ONLY;RESEARCH_ONLY;SAMPLE_TOO_SMALL_LOCAL_11_MATCHES_NOT_PRODUCTION_READY,True,False
FB,138927,Saad El Morsli,143163,Hamza Semmoumy,97.765525,6.305068,97.765525,4,medium_research_only,SAME_ROLE_ONLY;RESEARCH_ONLY;SAMPLE_TOO_SMALL_LOCAL_11_MATCHES_NOT_PRODUCTION_READY,True,False
FB,138927,Saad El Morsli,144331,Oussama Raoui,99.233125,53.082611,99.233125,4,medium_research_only,SAME_ROLE_ONLY;RESEARCH_ONLY;SAMPLE_TOO_SMALL_LOCAL_11_MATCHES_NOT_PRODUCTION_READY,True,False
FB,138927,Saad El Morsli,152015,Zakaria Kiani,90.528783,12.234826,90.528783,4,medium_research_only,SAME_ROLE_ONLY;RESEARCH_ONLY;SAMPLE_TOO_SMALL_LOCAL_11_MATCHES_NOT_PRODUCTION_READY,True,False
FB,138927,Saad El Morsli,178342,Ettayb Boukhriss,94.612205,13.927672,94.612205,4,medium_research_only,SAME_ROLE_ONLY;RESEARCH_ONLY;SAMPLE_TOO_SMALL_LOCAL_11_MATCHES_NOT_PRODUCTION_READY,True,False
FB,138927,Saad El Morsli,312413,Soulaimane El Bouchqali,84.619415,12.745387,84.619415,4,medium_research_only,SAME_ROLE_ONLY;RESEARCH_ONLY;SAMPLE_TOO_SMALL_LOCAL_11_MATCHES_NOT_PRODUCTION_READY,True,False
FB,138927,Saad El Morsli,313287,Redouane Ait Lemkadem,94.941398,9.175028,94.941398,4,medium_research_only,SAME_ROLE_ONLY;RESEARCH_ONLY;SAMPLE_TOO_SMALL_LOCAL_11_MATCHES_NOT_PRODUCTION_READY,True,False
FB,138927,Saad El Morsli,313974,Mohamed El Abdi,99.889218,2.153632,99.889218,4,medium_research_only,SAME_ROLE_ONLY;RESEARCH_ONLY;SAMPLE_TOO_SMALL_LOCAL_11_MATCHES_NOT_PRODUCTION_READY,True,False
FB,138927,Saad El Morsli,314450,Anass Lamrabat,97.086786,5.691676,97.086786,4,medium_research_only,SAME_ROLE_ONLY;RESEARCH_ONLY;SAMPLE_TOO_SMALL_LOCAL_11_MATCHES_NOT_PRODUCTION_READY,True,False
FB,138927,Saad El Morsli,314451,Houdaifa El Mahasni,99.994008,3.664877,99.994008,4,medium_research_only,SAME_ROLE_ONLY;RESEARCH_ONLY;SAMPLE_TOO_SMALL_LOCAL_11_MATCHES_NOT_PRODUCTION_READY,True,False
FB,138927,Saad El Morsli,337496,Haytam Manaout,98.680555,3.962299,98.680555,4,medium_research_only,SAME_ROLE_ONLY;RESEARCH_ONLY;SAMPLE_TOO_SMALL_LOCAL_11_MATCHES_NOT_PRODUCTION_READY,True,False
FB,138927,Saad El Morsli,339278,Chemseddine Knaidil,99.873781,7.641627,99.873781,4,medium_research_only,SAME_ROLE_ONLY;RESEARCH_ONLY;SAMPLE_TOO_SMALL_LOCAL_11_MATCHES_NOT_PRODUCTION_READY,True,False
FB,138927,Saad El Morsli,405342,Guilherme Ferreira de Oliveira,63.197077,94.015877,63.197077,4,medium_research_only,SAME_ROLE_ONLY;RESEARCH_ONLY;SAMPLE_TOO_SMALL_LOCAL_11_MATCHES_NOT_PRODUCTION_READY,True,False
FB,138927,Saad El Morsli,406864,Hamza Malki,96.49588,12.684709,96.49588,4,medium_research_only,SAME_ROLE_ONLY;RESEARCH_ONLY;SAMPLE_TOO_SMALL_LOCAL_11_MATCHES_NOT_PRODUCTION_READY,True,False
FB,138927,Saad El Morsli,409454,Ayoub Tine,98.015341,8.368793,98.015341,4,medium_research_only,SAME_ROLE_ONLY;RESEARCH_ONLY;SAMPLE_TOO_SMALL_LOCAL_11_MATCHES_NOT_PRODUCTION_READY,True,False
FB,138927,Saad El Morsli,442100,Marouane Ouhrou,85.641236,13.078645,85.641236,4,medium_research_only,SAME_ROLE_ONLY;RESEARCH_ONLY;SAMPLE_TOO_SMALL_LOCAL_11_MATCHES_NOT_PRODUCTION_READY,True,False
FB,138927,Saad El Morsli,442286,Oussama Daoui,99.135509,11.794797,99.135509,4,medium_research_only,SAME_ROLE_ONLY;RESEARCH_ONLY;SAMPLE_TOO_SMALL_LOCAL_11_MATCHES_NOT_PRODUCTION_READY,True,False
FB,138927,Saad El Morsli,442926,Ousmane Diallo,98.763274,5.306667,98.763274,4,medium_research_only,SAME_ROLE_ONLY;RESEARCH_ONLY;SAMPLE_TOO_SMALL_LOCAL_11_MATCHES_NOT_PRODUCTION_READY,True,False
FB,138927,Saad El Morsli,477677,Yassine Boughaz,85.627058,12.513121,85.627058,4,medium_research_only,SAME_ROLE_ONLY;RESEARCH_ONLY;SAMPLE_TOO_SMALL_LOCAL_11_MATCHES_NOT_PRODUCTION_READY,True,False
FB,138927,Saad El Morsli,522352,Hamza Fassoukh,99.732643,1.7174,99.732643,4,medium_research_only,SAME_ROLE_ONLY;RESEARCH_ONLY;SAMPLE_TOO_SMALL_LOCAL_11_MATCHES_NOT_PRODUCTION_READY,True,False
FB,138927,Saad El Morsli,523288,Abdelali Khouch,85.572483,16.121207,85.572483,4,medium_research_only,SAME_ROLE_ONLY;RESEARCH_ONLY;SAMPLE_TOO_SMALL_LOCAL_11_MATCHES_NOT_PRODUCTION_READY,True,False
FB,138927,Saad El Morsli,523293,Nassim Azzoubairi,98.704629,4.797645,98.704629,4,medium_research_only,SAME_ROLE_ONLY;RESEARCH_ONLY;SAMPLE_TOO_SMALL_LOCAL_11_MATCHES_NOT_PRODUCTION_READY,True,False
FB,138927,Saad El Morsli,523299,Youness Noussir,91.570573,9.281527,91.570573,4,medium_research_only,SAME_ROLE_ONLY;RESEARCH_ONLY;SAMPLE_TOO_SMALL_LOCAL_11_MATCHES_NOT_PRODUCTION_READY,True,False
FB,138927,Saad El Morsli,523318,Younes El Khafi,91.641454,9.201861,91.641454,4,medium_research_only,SAME_ROLE_ONLY;RESEARCH_ONLY;SAMPLE_TOO_SMALL_LOCAL_11_MATCHES_NOT_PRODUCTION_READY,True,False
FB,138927,Saad El Morsli,523998,Zakaria Aiada,99.297567,6.027246,99.297567,4,medium_research_only,SAME_ROLE_ONLY;RESEARCH_ONLY;SAMPLE_TOO_SMALL_LOCAL_11_MATCHES_NOT_PRODUCTION_READY,True,False
FB,138945,Mohamed Boulacsout,138949,Ayoub Boucheta,99.570386,2.158302,99.570386,4,medium_research_only,SAME_ROLE_ONLY;RESEARCH_ONLY;SAMPLE_TOO_SMALL_LOCAL_11_MATCHES_NOT_PRODUCTION_READY,True,False
FB,138945,Mohamed Boulacsout,138956,Anas Bach,94.643192,8.343786,94.643192,4,medium_research_only,SAME_ROLE_ONLY;RESEARCH_ONLY;SAMPLE_TOO_SMALL_LOCAL_11_MATCHES_NOT_PRODUCTION_READY,True,False
FB,138945,Mohamed Boulacsout,138966,Youssef Belammari,97.965135,11.297869,97.965135,4,medium_research_only,SAME_ROLE_ONLY;RESEARCH_ONLY;SAMPLE_TOO_SMALL_LOCAL_11_MATCHES_NOT_PRODUCTION_READY,True,False
FB,138945,Mohamed Boulacsout,138999,Marouane Lemzaouri,93.167902,6.040676,93.167902,4,medium_research_only,SAME_ROLE_ONLY;RESEARCH_ONLY;SAMPLE_TOO_SMALL_LOCAL_11_MATCHES_NOT_PRODUCTION_READY,True,False
FB,138945,Mohamed Boulacsout,139549,Hamza El Janati,99.324395,2.157728,99.324395,4,medium_research_only,SAME_ROLE_ONLY;RESEARCH_ONLY;SAMPLE_TOO_SMALL_LOCAL_11_MATCHES_NOT_PRODUCTION_READY,True,False
FB,138945,Mohamed Boulacsout,139560,Hamza El Moussaoui,98.732854,4.805222,98.732854,4,medium_research_only,SAME_ROLE_ONLY;RESEARCH_ONLY;SAMPLE_TOO_SMALL_LOCAL_11_MATCHES_NOT_PRODUCTION_READY,True,False
FB,138945,Mohamed Boulacsout,139563,Ayoub Khairi,84.142332,8.87896,84.142332,4,medium_research_only,SAME_ROLE_ONLY;RESEARCH_ONLY;SAMPLE_TOO_SMALL_LOCAL_11_MATCHES_NOT_PRODUCTION_READY,True,False
FB,138945,Mohamed Boulacsout,140876,Mohamed Moufid,94.315732,6.130943,94.315732,4,medium_research_only,SAME_ROLE_ONLY;RESEARCH_ONLY;SAMPLE_TOO_SMALL_LOCAL_11_MATCHES_NOT_PRODUCTION_READY,True,False
FB,138945,Mohamed Boulacsout,141741,Oussama Al Aiz,97.630685,4.084665,97.630685,4,medium_research_only,SAME_ROLE_ONLY;RESEARCH_ONLY;SAMPLE_TOO_SMALL_LOCAL_11_MATCHES_NOT_PRODUCTION_READY,True,False
FB,138945,Mohamed Boulacsout,142789,Oussama Soukhane,85.109883,22.68341,85.109883,4,medium_research_only,SAME_ROLE_ONLY;RESEARCH_ONLY;SAMPLE_TOO_SMALL_LOCAL_11_MATCHES_NOT_PRODUCTION_READY,True,False
FB,138945,Mohamed Boulacsout,143163,Hamza Semmoumy,95.029162,5.196685,95.029162,4,medium_research_only,SAME_ROLE_ONLY;RESEARCH_ONLY;SAMPLE_TOO_SMALL_LOCAL_11_MATCHES_NOT_PRODUCTION_READY,True,False
FB,138945,Mohamed Boulacsout,144331,Oussama Raoui,97.375868,58.97461,97.375868,4,medium_research_only,SAME_ROLE_ONLY;RESEARCH_ONLY;SAMPLE_TOO_SMALL_LOCAL_11_MATCHES_NOT_PRODUCTION_READY,True,False
FB,138945,Mohamed Boulacsout,152015,Zakaria Kiani,94.444333,12.144524,94.444333,4,medium_research_only,SAME_ROLE_ONLY;RESEARCH_ONLY;SAMPLE_TOO_SMALL_LOCAL_11_MATCHES_NOT_PRODUCTION_READY,True,False
FB,138945,Mohamed Boulacsout,178342,Ettayb Boukhriss,97.504287,16.400696,97.504287,4,medium_research_only,SAME_ROLE_ONLY;RESEARCH_ONLY;SAMPLE_TOO_SMALL_LOCAL_11_MATCHES_NOT_PRODUCTION_READY,True,False
FB,138945,Mohamed Boulacsout,312413,Soulaimane El Bouchqali,79.444557,12.908741,79.444557,4,medium_research_only,SAME_ROLE_ONLY;RESEARCH_ONLY;SAMPLE_TOO_SMALL_LOCAL_11_MATCHES_NOT_PRODUCTION_READY,True,False
FB,138945,Mohamed Boulacsout,313287,Redouane Ait Lemkadem,97.70322,10.4819,97.70322,4,medium_research_only,SAME_ROLE_ONLY;RESEARCH_ONLY;SAMPLE_TOO_SMALL_LOCAL_11_MATCHES_NOT_PRODUCTION_READY,True,False
FB,138945,Mohamed Boulacsout,313974,Mohamed El Abdi,99.755777,3.865353,99.755777,4,medium_research_only,SAME_ROLE_ONLY;RESEARCH_ONLY;SAMPLE_TOO_SMALL_LOCAL_11_MATCHES_NOT_PRODUCTION_READY,True,False
FB,138945,Mohamed Boulacsout,314450,Anass Lamrabat,94.057959,7.121771,94.057959,4,medium_research_only,SAME_ROLE_ONLY;RESEARCH_ONLY;SAMPLE_TOO_SMALL_LOCAL_11_MATCHES_NOT_PRODUCTION_READY,True,False
FB,138945,Mohamed Boulacsout,314451,Houdaifa El Mahasni,99.307944,9.524178,99.307944,4,medium_research_only,SAME_ROLE_ONLY;RESEARCH_ONLY;SAMPLE_TOO_SMALL_LOCAL_11_MATCHES_NOT_PRODUCTION_READY,True,False
FB,138945,Mohamed Boulacsout,337496,Haytam Manaout,99.788766,6.371873,99.788766,4,medium_research_only,SAME_ROLE_ONLY;RESEARCH_ONLY;SAMPLE_TOO_SMALL_LOCAL_11_MATCHES_NOT_PRODUCTION_READY,True,False
FB,138945,Mohamed Boulacsout,339278,Chemseddine Knaidil,99.828319,13.116053,99.828319,4,medium_research_only,SAME_ROLE_ONLY;RESEARCH_ONLY;SAMPLE_TOO_SMALL_LOCAL_11_MATCHES_NOT_PRODUCTION_READY,True,False
FB,138945,Mohamed Boulacsout,405342,Guilherme Ferreira de Oliveira,65.163761,94.258024,65.163761,4,medium_research_only,SAME_ROLE_ONLY;RESEARCH_ONLY;SAMPLE_TOO_SMALL_LOCAL_11_MATCHES_NOT_PRODUCTION_READY,True,False
FB,138945,Mohamed Boulacsout,406864,Hamza Malki,98.664953,15.987032,98.664953,4,medium_research_only,SAME_ROLE_ONLY;RESEARCH_ONLY;SAMPLE_TOO_SMALL_LOCAL_11_MATCHES_NOT_PRODUCTION_READY,True,False
FB,138945,Mohamed Boulacsout,409454,Ayoub Tine,95.381233,4.773535,95.381233,4,medium_research_only,SAME_ROLE_ONLY;RESEARCH_ONLY;SAMPLE_TOO_SMALL_LOCAL_11_MATCHES_NOT_PRODUCTION_READY,True,False
FB,138945,Mohamed Boulacsout,442100,Marouane Ouhrou,90.519963,7.179876,90.519963,4,medium_research_only,SAME_ROLE_ONLY;RESEARCH_ONLY;SAMPLE_TOO_SMALL_LOCAL_11_MATCHES_NOT_PRODUCTION_READY,True,False
FB,138945,Mohamed Boulacsout,442286,Oussama Daoui,97.513989,6.565223,97.513989,4,medium_research_only,SAME_ROLE_ONLY;RESEARCH_ONLY;SAMPLE_TOO_SMALL_LOCAL_11_MATCHES_NOT_PRODUCTION_READY,True,False
FB,138945,Mohamed Boulacsout,442926,Ousmane Diallo,99.857188,1.571139,99.857188,4,medium_research_only,SAME_ROLE_ONLY;RESEARCH_ONLY;SAMPLE_TOO_SMALL_LOCAL_11_MATCHES_NOT_PRODUCTION_READY,True,False
FB,138945,Mohamed Boulacsout,477677,Yassine Boughaz,90.512543,6.708012,90.512543,4,medium_research_only,SAME_ROLE_ONLY;RESEARCH_ONLY;SAMPLE_TOO_SMALL_LOCAL_11_MATCHES_NOT_PRODUCTION_READY,True,False
FB,138945,Mohamed Boulacsout,522352,Hamza Fassoukh,99.817239,5.52304,99.817239,4,medium_research_only,SAME_ROLE_ONLY;RESEARCH_ONLY;SAMPLE_TOO_SMALL_LOCAL_11_MATCHES_NOT_PRODUCTION_READY,True,False
FB,138945,Mohamed Boulacsout,523288,Abdelali Khouch,80.032347,18.534564,80.032347,4,medium_research_only,SAME_ROLE_ONLY;RESEARCH_ONLY;SAMPLE_TOO_SMALL_LOCAL_11_MATCHES_NOT_PRODUCTION_READY,True,False
FB,138945,Mohamed Boulacsout,523293,Nassim Azzoubairi,99.837909,2.339034,99.837909,4,medium_research_only,SAME_ROLE_ONLY;RESEARCH_ONLY;SAMPLE_TOO_SMALL_LOCAL_11_MATCHES_NOT_PRODUCTION_READY,True,False
FB,138945,Mohamed Boulacsout,523299,Youness Noussir,86.991268,9.913701,86.991268,4,medium_research_only,SAME_ROLE_ONLY;RESEARCH_ONLY;SAMPLE_TOO_SMALL_LOCAL_11_MATCHES_NOT_PRODUCTION_READY,True,False
FB,138945,Mohamed Boulacsout,523318,Younes El Khafi,95.338298,5.952979,95.338298,4,medium_research_only,SAME_ROLE_ONLY;RESEARCH_ONLY;SAMPLE_TOO_SMALL_LOCAL_11_MATCHES_NOT_PRODUCTION_READY,True,False
FB,138945,Mohamed Boulacsout,523998,Zakaria Aiada,99.81112,0.962609,99.81112,4,medium_research_only,SAME_ROLE_ONLY;RESEARCH_ONLY;SAMPLE_TOO_SMALL_LOCAL_11_MATCHES_NOT_PRODUCTION_READY,True,False
FB,138949,Ayoub Boucheta,138956,Anas Bach,92.089775,10.049988,92.089775,4,medium_research_only,SAME_ROLE_ONLY;RESEARCH_ONLY;SAMPLE_TOO_SMALL_LOCAL_11_MATCHES_NOT_PRODUCTION_READY,True,False
FB,138949,Ayoub Boucheta,138966,Youssef Belammari,99.048565,12.411735,99.048565,4,medium_research_only,SAME_ROLE_ONLY;RESEARCH_ONLY;SAMPLE_TOO_SMALL_LOCAL_11_MATCHES_NOT_PRODUCTION_READY,True,False
FB,138949,Ayoub Boucheta,138999,Marouane Lemzaouri,95.76569,4.001512,95.76569,4,medium_research_only,SAME_ROLE_ONLY;RESEARCH_ONLY;SAMPLE_TOO_SMALL_LOCAL_11_MATCHES_NOT_PRODUCTION_READY,True,False
FB,138949,Ayoub Boucheta,139549,Hamza El Janati,99.772799,2.89361,99.772799,4,medium_research_only,SAME_ROLE_ONLY;RESEARCH_ONLY;SAMPLE_TOO_SMALL_LOCAL_11_MATCHES_NOT_PRODUCTION_READY,True,False
FB,138949,Ayoub Boucheta,139560,Hamza El Moussaoui,99.650442,5.703354,99.650442,4,medium_research_only,SAME_ROLE_ONLY;RESEARCH_ONLY;SAMPLE_TOO_SMALL_LOCAL_11_MATCHES_NOT_PRODUCTION_READY,True,False
FB,138949,Ayoub Boucheta,139563,Ayoub Khairi,86.991015,7.002552,86.991015,4,medium_research_only,SAME_ROLE_ONLY;RESEARCH_ONLY;SAMPLE_TOO_SMALL_LOCAL_11_MATCHES_NOT_PRODUCTION_READY,True,False
FB,138949,Ayoub Boucheta,140876,Mohamed Moufid,96.442233,5.651952,96.442233,4,medium_research_only,SAME_ROLE_ONLY;RESEARCH_ONLY;SAMPLE_TOO_SMALL_LOCAL_11_MATCHES_NOT_PRODUCTION_READY,True,False
FB,138949,Ayoub Boucheta,141741,Oussama Al Aiz,98.858075,4.193788,98.858075,4,medium_research_only,SAME_ROLE_ONLY;RESEARCH_ONLY;SAMPLE_TOO_SMALL_LOCAL_11_MATCHES_NOT_PRODUCTION_READY,True,False
FB,138949,Ayoub Boucheta,142789,Oussama Soukhane,88.357031,22.661115,88.357031,4,medium_research_only,SAME_ROLE_ONLY;RESEARCH_ONLY;SAMPLE_TOO_SMALL_LOCAL_11_MATCHES_NOT_PRODUCTION_READY,True,False
FB,138949,Ayoub Boucheta,143163,Hamza Semmoumy,96.928909,4.494914,96.928909,4,medium_research_only,SAME_ROLE_ONLY;RESEARCH_ONLY;SAMPLE_TOO_SMALL_LOCAL_11_MATCHES_NOT_PRODUCTION_READY,True,False
FB,138949,Ayoub Boucheta,144331,Oussama Raoui,98.325722,60.342787,98.325722,4,medium_research_only,SAME_ROLE_ONLY;RESEARCH_ONLY;SAMPLE_TOO_SMALL_LOCAL_11_MATCHES_NOT_PRODUCTION_READY,True,False
FB,138949,Ayoub Boucheta,152015,Zakaria Kiani,91.582593,14.076551,91.582593,4,medium_research_only,SAME_ROLE_ONLY;RESEARCH_ONLY;SAMPLE_TOO_SMALL_LOCAL_11_MATCHES_NOT_PRODUCTION_READY,True,False
FB,138949,Ayoub Boucheta,178342,Ettayb Boukhriss,95.618941,18.401414,95.618941,4,medium_research_only,SAME_ROLE_ONLY;RESEARCH_ONLY;SAMPLE_TOO_SMALL_LOCAL_11_MATCHES_NOT_PRODUCTION_READY,True,False
FB,138949,Ayoub Boucheta,312413,Soulaimane El Bouchqali,84.179428,11.635096,84.179428,4,medium_research_only,SAME_ROLE_ONLY;RESEARCH_ONLY;SAMPLE_TOO_SMALL_LOCAL_11_MATCHES_NOT_PRODUCTION_READY,True,False
FB,138949,Ayoub Boucheta,313287,Redouane Ait Lemkadem,95.659326,12.540168,95.659326,4,medium_research_only,SAME_ROLE_ONLY;RESEARCH_ONLY;SAMPLE_TOO_SMALL_LOCAL_11_MATCHES_NOT_PRODUCTION_READY,True,False
FB,138949,Ayoub Boucheta,313974,Mohamed El Abdi,99.668763,5.515814,99.668763,4,medium_research_only,SAME_ROLE_ONLY;RESEARCH_ONLY;SAMPLE_TOO_SMALL_LOCAL_11_MATCHES_NOT_PRODUCTION_READY,True,False
FB,138949,Ayoub Boucheta,314450,Anass Lamrabat,96.191059,6.920789,96.191059,4,medium_research_only,SAME_ROLE_ONLY;RESEARCH_ONLY;SAMPLE_TOO_SMALL_LOCAL_11_MATCHES_NOT_PRODUCTION_READY,True,False
FB,138949,Ayoub Boucheta,314451,Houdaifa El Mahasni,99.658812,11.004369,99.658812,4,medium_research_only,SAME_ROLE_ONLY;RESEARCH_ONLY;SAMPLE_TOO_SMALL_LOCAL_11_MATCHES_NOT_PRODUCTION_READY,True,False
FB,138949,Ayoub Boucheta,337496,Haytam Manaout,99.284527,8.225285,99.284527,4,medium_research_only,SAME_ROLE_ONLY;RESEARCH_ONLY;SAMPLE_TOO_SMALL_LOCAL_11_MATCHES_NOT_PRODUCTION_READY,True,False
FB,138949,Ayoub Boucheta,339278,Chemseddine Knaidil,99.725145,14.824033,99.725145,4,medium_research_only,SAME_ROLE_ONLY;RESEARCH_ONLY;SAMPLE_TOO_SMALL_LOCAL_11_MATCHES_NOT_PRODUCTION_READY,True,False
FB,138949,Ayoub Boucheta,405342,Guilherme Ferreira de Oliveira,67.724983,94.107548,67.724983,4,medium_research_only,SAME_ROLE_ONLY;RESEARCH_ONLY;SAMPLE_TOO_SMALL_LOCAL_11_MATCHES_NOT_PRODUCTION_READY,True,False
FB,138949,Ayoub Boucheta,406864,Hamza Malki,96.900641,18.059069,96.900641,4,medium_research_only,SAME_ROLE_ONLY;RESEARCH_ONLY;SAMPLE_TOO_SMALL_LOCAL_11_MATCHES_NOT_PRODUCTION_READY,True,False
FB,138949,Ayoub Boucheta,409454,Ayoub Tine,97.137038,3.135423,97.137038,4,medium_research_only,SAME_ROLE_ONLY;RESEARCH_ONLY;SAMPLE_TOO_SMALL_LOCAL_11_MATCHES_NOT_PRODUCTION_READY,True,False
FB,138949,Ayoub Boucheta,442100,Marouane Ouhrou,87.458492,6.319345,87.458492,4,medium_research_only,SAME_ROLE_ONLY;RESEARCH_ONLY;SAMPLE_TOO_SMALL_LOCAL_11_MATCHES_NOT_PRODUCTION_READY,True,False
FB,138949,Ayoub Boucheta,442286,Oussama Daoui,98.982568,4.64982,98.982568,4,medium_research_only,SAME_ROLE_ONLY;RESEARCH_ONLY;SAMPLE_TOO_SMALL_LOCAL_11_MATCHES_NOT_PRODUCTION_READY,True,False
FB,138949,Ayoub Boucheta,442926,Ousmane Diallo,99.15496,3.589048,99.15496,4,medium_research_only,SAME_ROLE_ONLY;RESEARCH_ONLY;SAMPLE_TOO_SMALL_LOCAL_11_MATCHES_NOT_PRODUCTION_READY,True,False
FB,138949,Ayoub Boucheta,477677,Yassine Boughaz,87.455153,6.227269,87.455153,4,medium_research_only,SAME_ROLE_ONLY;RESEARCH_ONLY;SAMPLE_TOO_SMALL_LOCAL_11_MATCHES_NOT_PRODUCTION_READY,True,False
FB,138949,Ayoub Boucheta,522352,Hamza Fassoukh,99.441578,7.33433,99.441578,4,medium_research_only,SAME_ROLE_ONLY;RESEARCH_ONLY;SAMPLE_TOO_SMALL_LOCAL_11_MATCHES_NOT_PRODUCTION_READY,True,False
FB,138949,Ayoub Boucheta,523288,Abdelali Khouch,84.257057,17.863902,84.257057,4,medium_research_only,SAME_ROLE_ONLY;RESEARCH_ONLY;SAMPLE_TOO_SMALL_LOCAL_11_MATCHES_NOT_PRODUCTION_READY,True,False
FB,138949,Ayoub Boucheta,523293,Nassim Azzoubairi,99.194247,4.312025,99.194247,4,medium_research_only,SAME_ROLE_ONLY;RESEARCH_ONLY;SAMPLE_TOO_SMALL_LOCAL_11_MATCHES_NOT_PRODUCTION_READY,True,False
FB,138949,Ayoub Boucheta,523299,Youness Noussir,90.315464,9.062326,90.315464,4,medium_research_only,SAME_ROLE_ONLY;RESEARCH_ONLY;SAMPLE_TOO_SMALL_LOCAL_11_MATCHES_NOT_PRODUCTION_READY,True,False
FB,138949,Ayoub Boucheta,523318,Younes El Khafi,93.041155,7.403528,93.041155,4,medium_research_only,SAME_ROLE_ONLY;RESEARCH_ONLY;SAMPLE_TOO_SMALL_LOCAL_11_MATCHES_NOT_PRODUCTION_READY,True,False
FB,138949,Ayoub Boucheta,523998,Zakaria Aiada,99.792777,1.891414,99.792777,4,medium_research_only,SAME_ROLE_ONLY;RESEARCH_ONLY;SAMPLE_TOO_SMALL_LOCAL_11_MATCHES_NOT_PRODUCTION_READY,True,False
FB,138956,Anas Bach,138966,Youssef Belammari,86.511558,14.70859,86.511558,4,medium_research_only,SAME_ROLE_ONLY;RESEARCH_ONLY;SAMPLE_TOO_SMALL_LOCAL_11_MATCHES_NOT_PRODUCTION_READY,True,False
FB,138956,Anas Bach,138999,Marouane Lemzaouri,77.800466,13.918189,77.800466,4,medium_research_only,SAME_ROLE_ONLY;RESEARCH_ONLY;SAMPLE_TOO_SMALL_LOCAL_11_MATCHES_NOT_PRODUCTION_READY,True,False
FB,138956,Anas Bach,139549,Hamza El Janati,90.394412,9.858752,90.394412,4,medium_research_only,SAME_ROLE_ONLY;RESEARCH_ONLY;SAMPLE_TOO_SMALL_LOCAL_11_MATCHES_NOT_PRODUCTION_READY,True,False
FB,138956,Anas Bach,139560,Hamza El Moussaoui,88.739167,10.687039,88.739167,4,medium_research_only,SAME_ROLE_ONLY;RESEARCH_ONLY;SAMPLE_TOO_SMALL_LOCAL_11_MATCHES_NOT_PRODUCTION_READY,True,False
FB,138956,Anas Bach,139563,Ayoub Khairi,80.725303,14.504002,80.725303,4,medium_research_only,SAME_ROLE_ONLY;RESEARCH_ONLY;SAMPLE_TOO_SMALL_LOCAL_11_MATCHES_NOT_PRODUCTION_READY,True,False
FB,138956,Anas Bach,140876,Mohamed Moufid,79.253616,13.890279,79.253616,4,medium_research_only,SAME_ROLE_ONLY;RESEARCH_ONLY;SAMPLE_TOO_SMALL_LOCAL_11_MATCHES_NOT_PRODUCTION_READY,True,False
FB,138956,Anas Bach,141741,Oussama Al Aiz,85.858878,11.59747,85.858878,4,medium_research_only,SAME_ROLE_ONLY;RESEARCH_ONLY;SAMPLE_TOO_SMALL_LOCAL_11_MATCHES_NOT_PRODUCTION_READY,True,False
FB,138956,Anas Bach,142789,Oussama Soukhane,65.335038,28.69499,65.335038,4,medium_research_only,SAME_ROLE_ONLY;RESEARCH_ONLY;SAMPLE_TOO_SMALL_LOCAL_11_MATCHES_NOT_PRODUCTION_READY,True,False
FB,138956,Anas Bach,143163,Hamza Semmoumy,80.473467,13.272995,80.473467,4,medium_research_only,SAME_ROLE_ONLY;RESEARCH_ONLY;SAMPLE_TOO_SMALL_LOCAL_11_MATCHES_NOT_PRODUCTION_READY,True,False
FB,138956,Anas Bach,144331,Oussama Raoui,85.164069,58.900475,85.164069,4,medium_research_only,SAME_ROLE_ONLY;RESEARCH_ONLY;SAMPLE_TOO_SMALL_LOCAL_11_MATCHES_NOT_PRODUCTION_READY,True,False
FB,138956,Anas Bach,152015,Zakaria Kiani,99.887215,4.479798,99.887215,4,medium_research_only,SAME_ROLE_ONLY;RESEARCH_ONLY;SAMPLE_TOO_SMALL_LOCAL_11_MATCHES_NOT_PRODUCTION_READY,True,False
FB,138956,Anas Bach,178342,Ettayb Boukhriss,99.436981,10.465614,99.436981,4,medium_research_only,SAME_ROLE_ONLY;RESEARCH_ONLY;SAMPLE_TOO_SMALL_LOCAL_11_MATCHES_NOT_PRODUCTION_READY,True,False
FB,138956,Anas Bach,312413,Soulaimane El Bouchqali,59.629497,20.597606,59.629497,4,medium_research_only,SAME_ROLE_ONLY;RESEARCH_ONLY;SAMPLE_TOO_SMALL_LOCAL_11_MATCHES_NOT_PRODUCTION_READY,True,False
FB,138956,Anas Bach,313287,Redouane Ait Lemkadem,99.247255,5.071956,99.247255,4,medium_research_only,SAME_ROLE_ONLY;RESEARCH_ONLY;SAMPLE_TOO_SMALL_LOCAL_11_MATCHES_NOT_PRODUCTION_READY,True,False
FB,138956,Anas Bach,313974,Mohamed El Abdi,92.368886,8.832182,92.368886,4,medium_research_only,SAME_ROLE_ONLY;RESEARCH_ONLY;SAMPLE_TOO_SMALL_LOCAL_11_MATCHES_NOT_PRODUCTION_READY,True,False
FB,138956,Anas Bach,314450,Anass Lamrabat,78.775128,14.469964,78.775128,4,medium_research_only,SAME_ROLE_ONLY;RESEARCH_ONLY;SAMPLE_TOO_SMALL_LOCAL_11_MATCHES_NOT_PRODUCTION_READY,True,False
FB,138956,Anas Bach,314451,Houdaifa El Mahasni,90.303975,12.002269,90.303975,4,medium_research_only,SAME_ROLE_ONLY;RESEARCH_ONLY;SAMPLE_TOO_SMALL_LOCAL_11_MATCHES_NOT_PRODUCTION_READY,True,False
FB,138956,Anas Bach,337496,Haytam Manaout,96.023862,6.801308,96.023862,4,medium_research_only,SAME_ROLE_ONLY;RESEARCH_ONLY;SAMPLE_TOO_SMALL_LOCAL_11_MATCHES_NOT_PRODUCTION_READY,True,False
FB,138956,Anas Bach,339278,Chemseddine Knaidil,92.659703,13.208331,92.659703,4,medium_research_only,SAME_ROLE_ONLY;RESEARCH_ONLY;SAMPLE_TOO_SMALL_LOCAL_11_MATCHES_NOT_PRODUCTION_READY,True,False
FB,138956,Anas Bach,405342,Guilherme Ferreira de Oliveira,68.930218,92.036485,68.930218,4,medium_research_only,SAME_ROLE_ONLY;RESEARCH_ONLY;SAMPLE_TOO_SMALL_LOCAL_11_MATCHES_NOT_PRODUCTION_READY,True,False
FB,138956,Anas Bach,406864,Hamza Malki,98.333983,11.364269,98.333983,4,medium_research_only,SAME_ROLE_ONLY;RESEARCH_ONLY;SAMPLE_TOO_SMALL_LOCAL_11_MATCHES_NOT_PRODUCTION_READY,True,False
FB,138956,Anas Bach,409454,Ayoub Tine,81.123191,13.046382,81.123191,4,medium_research_only,SAME_ROLE_ONLY;RESEARCH_ONLY;SAMPLE_TOO_SMALL_LOCAL_11_MATCHES_NOT_PRODUCTION_READY,True,False
FB,138956,Anas Bach,442100,Marouane Ouhrou,99.359268,10.778837,99.359268,4,medium_research_only,SAME_ROLE_ONLY;RESEARCH_ONLY;SAMPLE_TOO_SMALL_LOCAL_11_MATCHES_NOT_PRODUCTION_READY,True,False
FB,138956,Anas Bach,442286,Oussama Daoui,85.963553,13.469564,85.963553,4,medium_research_only,SAME_ROLE_ONLY;RESEARCH_ONLY;SAMPLE_TOO_SMALL_LOCAL_11_MATCHES_NOT_PRODUCTION_READY,True,False
FB,138956,Anas Bach,442926,Ousmane Diallo,96.100405,7.047972,96.100405,4,medium_research_only,SAME_ROLE_ONLY;RESEARCH_ONLY;SAMPLE_TOO_SMALL_LOCAL_11_MATCHES_NOT_PRODUCTION_READY,True,False
FB,138956,Anas Bach,477677,Yassine Boughaz,99.346205,9.441386,99.346205,4,medium_research_only,SAME_ROLE_ONLY;RESEARCH_ONLY;SAMPLE_TOO_SMALL_LOCAL_11_MATCHES_NOT_PRODUCTION_READY,True,False
FB,138956,Anas Bach,522352,Hamza Fassoukh,93.063959,8.709652,93.063959,4,medium_research_only,SAME_ROLE_ONLY;RESEARCH_ONLY;SAMPLE_TOO_SMALL_LOCAL_11_MATCHES_NOT_PRODUCTION_READY,True,False
FB,138956,Anas Bach,523288,Abdelali Khouch,59.231215,25.702868,59.231215,4,medium_research_only,SAME_ROLE_ONLY;RESEARCH_ONLY;SAMPLE_TOO_SMALL_LOCAL_11_MATCHES_NOT_PRODUCTION_READY,True,False
FB,138956,Anas Bach,523293,Nassim Azzoubairi,96.158368,6.710823,96.158368,4,medium_research_only,SAME_ROLE_ONLY;RESEARCH_ONLY;SAMPLE_TOO_SMALL_LOCAL_11_MATCHES_NOT_PRODUCTION_READY,True,False
FB,138956,Anas Bach,523299,Youness Noussir,68.042388,17.768754,68.042388,4,medium_research_only,SAME_ROLE_ONLY;RESEARCH_ONLY;SAMPLE_TOO_SMALL_LOCAL_11_MATCHES_NOT_PRODUCTION_READY,True,False
FB,138956,Anas Bach,523318,Younes El Khafi,99.951852,2.920873,99.951852,4,medium_research_only,SAME_ROLE_ONLY;RESEARCH_ONLY;SAMPLE_TOO_SMALL_LOCAL_11_MATCHES_NOT_PRODUCTION_READY,True,False
FB,138956,Anas Bach,523998,Zakaria Aiada,94.29573,8.514816,94.29573,4,medium_research_only,SAME_ROLE_ONLY;RESEARCH_ONLY;SAMPLE_TOO_SMALL_LOCAL_11_MATCHES_NOT_PRODUCTION_READY,True,False
FB,138966,Youssef Belammari,138999,Marouane Lemzaouri,98.362794,14.557033,98.362794,4,medium_research_only,SAME_ROLE_ONLY;RESEARCH_ONLY;SAMPLE_TOO_SMALL_LOCAL_11_MATCHES_NOT_PRODUCTION_READY,True,False
FB,138966,Youssef Belammari,139549,Hamza El Janati,99.624521,9.594814,99.624521,4,medium_research_only,SAME_ROLE_ONLY;RESEARCH_ONLY;SAMPLE_TOO_SMALL_LOCAL_11_MATCHES_NOT_PRODUCTION_READY,True,False
FB,138966,Youssef Belammari,139560,Hamza El Moussaoui,99.836507,6.72714,99.836507,4,medium_research_only,SAME_ROLE_ONLY;RESEARCH_ONLY;SAMPLE_TOO_SMALL_LOCAL_11_MATCHES_NOT_PRODUCTION_READY,True,False
FB,138966,Youssef Belammari,139563,Ayoub Khairi,83.755166,19.058816,83.755166,4,medium_research_only,SAME_ROLE_ONLY;RESEARCH_ONLY;SAMPLE_TOO_SMALL_LOCAL_11_MATCHES_NOT_PRODUCTION_READY,True,False
FB,138966,Youssef Belammari,140876,Mohamed Moufid,99.045853,8.938815,99.045853,4,medium_research_only,SAME_ROLE_ONLY;RESEARCH_ONLY;SAMPLE_TOO_SMALL_LOCAL_11_MATCHES_NOT_PRODUCTION_READY,True,False
FB,138966,Youssef Belammari,141741,Oussama Al Aiz,99.934236,8.666355,99.934236,4,medium_research_only,SAME_ROLE_ONLY;RESEARCH_ONLY;SAMPLE_TOO_SMALL_LOCAL_11_MATCHES_NOT_PRODUCTION_READY,True,False
FB,138966,Youssef Belammari,142789,Oussama Soukhane,93.703122,14.642382,93.703122,4,medium_research_only,SAME_ROLE_ONLY;RESEARCH_ONLY;SAMPLE_TOO_SMALL_LOCAL_11_MATCHES_NOT_PRODUCTION_READY,True,False
FB,138966,Youssef Belammari,143163,Hamza Semmoumy,99.333562,9.911169,99.333562,4,medium_research_only,SAME_ROLE_ONLY;RESEARCH_ONLY;SAMPLE_TOO_SMALL_LOCAL_11_MATCHES_NOT_PRODUCTION_READY,True,False
FB,138966,Youssef Belammari,144331,Oussama Raoui,99.833122,47.9856,99.833122,4,medium_research_only,SAME_ROLE_ONLY;RESEARCH_ONLY;SAMPLE_TOO_SMALL_LOCAL_11_MATCHES_NOT_PRODUCTION_READY,True,False
FB,138966,Youssef Belammari,152015,Zakaria Kiani,86.170871,15.768012,86.170871,4,medium_research_only,SAME_ROLE_ONLY;RESEARCH_ONLY;SAMPLE_TOO_SMALL_LOCAL_11_MATCHES_NOT_PRODUCTION_READY,True,False
FB,138966,Youssef Belammari,178342,Ettayb Boukhriss,91.208664,15.049373,91.208664,4,medium_research_only,SAME_ROLE_ONLY;RESEARCH_ONLY;SAMPLE_TOO_SMALL_LOCAL_11_MATCHES_NOT_PRODUCTION_READY,True,False
FB,138966,Youssef Belammari,312413,Soulaimane El Bouchqali,89.135748,13.411828,89.135748,4,medium_research_only,SAME_ROLE_ONLY;RESEARCH_ONLY;SAMPLE_TOO_SMALL_LOCAL_11_MATCHES_NOT_PRODUCTION_READY,True,False
FB,138966,Youssef Belammari,313287,Redouane Ait Lemkadem,91.54283,12.251499,91.54283,4,medium_research_only,SAME_ROLE_ONLY;RESEARCH_ONLY;SAMPLE_TOO_SMALL_LOCAL_11_MATCHES_NOT_PRODUCTION_READY,True,False
FB,138966,Youssef Belammari,313974,Mohamed El Abdi,98.981571,7.647427,98.981571,4,medium_research_only,SAME_ROLE_ONLY;RESEARCH_ONLY;SAMPLE_TOO_SMALL_LOCAL_11_MATCHES_NOT_PRODUCTION_READY,True,False
FB,138966,Youssef Belammari,314450,Anass Lamrabat,98.939457,7.804513,98.939457,4,medium_research_only,SAME_ROLE_ONLY;RESEARCH_ONLY;SAMPLE_TOO_SMALL_LOCAL_11_MATCHES_NOT_PRODUCTION_READY,True,False
FB,138966,Youssef Belammari,314451,Houdaifa El Mahasni,99.613556,2.864647,99.613556,4,medium_research_only,SAME_ROLE_ONLY;RESEARCH_ONLY;SAMPLE_TOO_SMALL_LOCAL_11_MATCHES_NOT_PRODUCTION_READY,True,False
FB,138966,Youssef Belammari,337496,Haytam Manaout,96.878178,7.988443,96.878178,4,medium_research_only,SAME_ROLE_ONLY;RESEARCH_ONLY;SAMPLE_TOO_SMALL_LOCAL_11_MATCHES_NOT_PRODUCTION_READY,True,False
FB,138966,Youssef Belammari,339278,Chemseddine Knaidil,98.916708,5.426494,98.916708,4,medium_research_only,SAME_ROLE_ONLY;RESEARCH_ONLY;SAMPLE_TOO_SMALL_LOCAL_11_MATCHES_NOT_PRODUCTION_READY,True,False
FB,138966,Youssef Belammari,405342,Guilherme Ferreira de Oliveira,62.677091,93.907245,62.677091,4,medium_research_only,SAME_ROLE_ONLY;RESEARCH_ONLY;SAMPLE_TOO_SMALL_LOCAL_11_MATCHES_NOT_PRODUCTION_READY,True,False
FB,138966,Youssef Belammari,406864,Hamza Malki,93.53972,13.167895,93.53972,4,medium_research_only,SAME_ROLE_ONLY;RESEARCH_ONLY;SAMPLE_TOO_SMALL_LOCAL_11_MATCHES_NOT_PRODUCTION_READY,True,False
FB,138966,Youssef Belammari,409454,Ayoub Tine,99.443495,12.664228,99.443495,4,medium_research_only,SAME_ROLE_ONLY;RESEARCH_ONLY;SAMPLE_TOO_SMALL_LOCAL_11_MATCHES_NOT_PRODUCTION_READY,True,False
FB,138966,Youssef Belammari,442100,Marouane Ouhrou,80.701521,18.454974,80.701521,4,medium_research_only,SAME_ROLE_ONLY;RESEARCH_ONLY;SAMPLE_TOO_SMALL_LOCAL_11_MATCHES_NOT_PRODUCTION_READY,True,False
FB,138966,Youssef Belammari,442286,Oussama Daoui,99.796302,16.566321,99.796302,4,medium_research_only,SAME_ROLE_ONLY;RESEARCH_ONLY;SAMPLE_TOO_SMALL_LOCAL_11_MATCHES_NOT_PRODUCTION_READY,True,False
FB,138966,Youssef Belammari,442926,Ousmane Diallo,96.870533,10.781499,96.870533,4,medium_research_only,SAME_ROLE_ONLY;RESEARCH_ONLY;SAMPLE_TOO_SMALL_LOCAL_11_MATCHES_NOT_PRODUCTION_READY,True,False
FB,138966,Youssef Belammari,477677,Yassine Boughaz,80.694481,17.954057,80.694481,4,medium_research_only,SAME_ROLE_ONLY;RESEARCH_ONLY;SAMPLE_TOO_SMALL_LOCAL_11_MATCHES_NOT_PRODUCTION_READY,True,False
FB,138966,Youssef Belammari,522352,Hamza Fassoukh,98.581883,6.718108,98.581883,4,medium_research_only,SAME_ROLE_ONLY;RESEARCH_ONLY;SAMPLE_TOO_SMALL_LOCAL_11_MATCHES_NOT_PRODUCTION_READY,True,False
FB,138966,Youssef Belammari,523288,Abdelali Khouch,90.038441,14.088755,90.038441,4,medium_research_only,SAME_ROLE_ONLY;RESEARCH_ONLY;SAMPLE_TOO_SMALL_LOCAL_11_MATCHES_NOT_PRODUCTION_READY,True,False
FB,138966,Youssef Belammari,523293,Nassim Azzoubairi,96.825988,10.225999,96.825988,4,medium_research_only,SAME_ROLE_ONLY;RESEARCH_ONLY;SAMPLE_TOO_SMALL_LOCAL_11_MATCHES_NOT_PRODUCTION_READY,True,False
FB,138966,Youssef Belammari,523299,Youness Noussir,94.980039,10.451226,94.980039,4,medium_research_only,SAME_ROLE_ONLY;RESEARCH_ONLY;SAMPLE_TOO_SMALL_LOCAL_11_MATCHES_NOT_PRODUCTION_READY,True,False
FB,138966,Youssef Belammari,523318,Younes El Khafi,87.636257,14.355645,87.636257,4,medium_research_only,SAME_ROLE_ONLY;RESEARCH_ONLY;SAMPLE_TOO_SMALL_LOCAL_11_MATCHES_NOT_PRODUCTION_READY,True,False
FB,138966,Youssef Belammari,523998,Zakaria Aiada,98.036941,11.305972,98.036941,4,medium_research_only,SAME_ROLE_ONLY;RESEARCH_ONLY;SAMPLE_TOO_SMALL_LOCAL_11_MATCHES_NOT_PRODUCTION_READY,True,False
FB,138999,Marouane Lemzaouri,139549,Hamza El Janati,96.648927,5.913598,96.648927,4,medium_research_only,SAME_ROLE_ONLY;RESEARCH_ONLY;SAMPLE_TOO_SMALL_LOCAL_11_MATCHES_NOT_PRODUCTION_READY,True,False
FB,138999,Marouane Lemzaouri,139560,Hamza El Moussaoui,97.648984,8.273906,97.648984,4,medium_research_only,SAME_ROLE_ONLY;RESEARCH_ONLY;SAMPLE_TOO_SMALL_LOCAL_11_MATCHES_NOT_PRODUCTION_READY,True,False
FB,138999,Marouane Lemzaouri,139563,Ayoub Khairi,84.338884,5.406631,84.338884,4,medium_research_only,SAME_ROLE_ONLY;RESEARCH_ONLY;SAMPLE_TOO_SMALL_LOCAL_11_MATCHES_NOT_PRODUCTION_READY,True,False
FB,138999,Marouane Lemzaouri,140876,Mohamed Moufid,99.694791,5.986729,99.694791,4,medium_research_only,SAME_ROLE_ONLY;RESEARCH_ONLY;SAMPLE_TOO_SMALL_LOCAL_11_MATCHES_NOT_PRODUCTION_READY,True,False
FB,138999,Marouane Lemzaouri,141741,Oussama Al Aiz,98.707471,5.995032,98.707471,4,medium_research_only,SAME_ROLE_ONLY;RESEARCH_ONLY;SAMPLE_TOO_SMALL_LOCAL_11_MATCHES_NOT_PRODUCTION_READY,True,False
FB,138999,Marouane Lemzaouri,142789,Oussama Soukhane,97.548107,22.232924,97.548107,4,medium_research_only,SAME_ROLE_ONLY;RESEARCH_ONLY;SAMPLE_TOO_SMALL_LOCAL_11_MATCHES_NOT_PRODUCTION_READY,True,False
FB,138999,Marouane Lemzaouri,143163,Hamza Semmoumy,99.552199,4.805019,99.552199,4,medium_research_only,SAME_ROLE_ONLY;RESEARCH_ONLY;SAMPLE_TOO_SMALL_LOCAL_11_MATCHES_NOT_PRODUCTION_READY,True,False
FB,138999,Marouane Lemzaouri,144331,Oussama Raoui,98.225114,62.370582,98.225114,4,medium_research_only,SAME_ROLE_ONLY;RESEARCH_ONLY;SAMPLE_TOO_SMALL_LOCAL_11_MATCHES_NOT_PRODUCTION_READY,True,False
FB,138999,Marouane Lemzaouri,152015,Zakaria Kiani,77.047653,18.017058,77.047653,4,medium_research_only,SAME_ROLE_ONLY;RESEARCH_ONLY;SAMPLE_TOO_SMALL_LOCAL_11_MATCHES_NOT_PRODUCTION_READY,True,False
FB,138999,Marouane Lemzaouri,178342,Ettayb Boukhriss,83.637933,22.321059,83.637933,4,medium_research_only,SAME_ROLE_ONLY;RESEARCH_ONLY;SAMPLE_TOO_SMALL_LOCAL_11_MATCHES_NOT_PRODUCTION_READY,True,False
FB,138999,Marouane Lemzaouri,312413,Soulaimane El Bouchqali,95.357539,9.706543,95.357539,4,medium_research_only,SAME_ROLE_ONLY;RESEARCH_ONLY;SAMPLE_TOO_SMALL_LOCAL_11_MATCHES_NOT_PRODUCTION_READY,True,False
FB,138999,Marouane Lemzaouri,313287,Redouane Ait Lemkadem,83.814794,16.486885,83.814794,4,medium_research_only,SAME_ROLE_ONLY;RESEARCH_ONLY;SAMPLE_TOO_SMALL_LOCAL_11_MATCHES_NOT_PRODUCTION_READY,True,False
FB,138999,Marouane Lemzaouri,313974,Mohamed El Abdi,95.060519,8.758545,95.060519,4,medium_research_only,SAME_ROLE_ONLY;RESEARCH_ONLY;SAMPLE_TOO_SMALL_LOCAL_11_MATCHES_NOT_PRODUCTION_READY,True,False
FB,138999,Marouane Lemzaouri,314450,Anass Lamrabat,99.710617,7.384119,99.710617,4,medium_research_only,SAME_ROLE_ONLY;RESEARCH_ONLY;SAMPLE_TOO_SMALL_LOCAL_11_MATCHES_NOT_PRODUCTION_READY,True,False
FB,138999,Marouane Lemzaouri,314451,Houdaifa El Mahasni,96.514831,13.75797,96.514831,4,medium_research_only,SAME_ROLE_ONLY;RESEARCH_ONLY;SAMPLE_TOO_SMALL_LOCAL_11_MATCHES_NOT_PRODUCTION_READY,True,False
FB,138999,Marouane Lemzaouri,337496,Haytam Manaout,91.730147,11.940048,91.730147,4,medium_research_only,SAME_ROLE_ONLY;RESEARCH_ONLY;SAMPLE_TOO_SMALL_LOCAL_11_MATCHES_NOT_PRODUCTION_READY,True,False
FB,138999,Marouane Lemzaouri,339278,Chemseddine Knaidil,94.859132,17.8833,94.859132,4,medium_research_only,SAME_ROLE_ONLY;RESEARCH_ONLY;SAMPLE_TOO_SMALL_LOCAL_11_MATCHES_NOT_PRODUCTION_READY,True,False
FB,138999,Marouane Lemzaouri,405342,Guilherme Ferreira de Oliveira,64.943587,95.10231,64.943587,4,medium_research_only,SAME_ROLE_ONLY;RESEARCH_ONLY;SAMPLE_TOO_SMALL_LOCAL_11_MATCHES_NOT_PRODUCTION_READY,True,False
FB,138999,Marouane Lemzaouri,406864,Hamza Malki,86.427956,21.840072,86.427956,4,medium_research_only,SAME_ROLE_ONLY;RESEARCH_ONLY;SAMPLE_TOO_SMALL_LOCAL_11_MATCHES_NOT_PRODUCTION_READY,True,False
FB,138999,Marouane Lemzaouri,409454,Ayoub Tine,99.473883,2.07229,99.473883,4,medium_research_only,SAME_ROLE_ONLY;RESEARCH_ONLY;SAMPLE_TOO_SMALL_LOCAL_11_MATCHES_NOT_PRODUCTION_READY,True,False
FB,138999,Marouane Lemzaouri,442100,Marouane Ouhrou,71.196611,7.18336,71.196611,4,medium_research_only,SAME_ROLE_ONLY;RESEARCH_ONLY;SAMPLE_TOO_SMALL_LOCAL_11_MATCHES_NOT_PRODUCTION_READY,True,False
FB,138999,Marouane Lemzaouri,442286,Oussama Daoui,98.860014,2.668295,98.860014,4,medium_research_only,SAME_ROLE_ONLY;RESEARCH_ONLY;SAMPLE_TOO_SMALL_LOCAL_11_MATCHES_NOT_PRODUCTION_READY,True,False
FB,138999,Marouane Lemzaouri,442926,Ousmane Diallo,91.550865,7.513341,91.550865,4,medium_research_only,SAME_ROLE_ONLY;RESEARCH_ONLY;SAMPLE_TOO_SMALL_LOCAL_11_MATCHES_NOT_PRODUCTION_READY,True,False
FB,138999,Marouane Lemzaouri,477677,Yassine Boughaz,71.133053,7.844489,71.133053,4,medium_research_only,SAME_ROLE_ONLY;RESEARCH_ONLY;SAMPLE_TOO_SMALL_LOCAL_11_MATCHES_NOT_PRODUCTION_READY,True,False
FB,138999,Marouane Lemzaouri,522352,Hamza Fassoukh,94.117493,10.623213,94.117493,4,medium_research_only,SAME_ROLE_ONLY;RESEARCH_ONLY;SAMPLE_TOO_SMALL_LOCAL_11_MATCHES_NOT_PRODUCTION_READY,True,False
FB,138999,Marouane Lemzaouri,523288,Abdelali Khouch,95.961156,16.487889,95.961156,4,medium_research_only,SAME_ROLE_ONLY;RESEARCH_ONLY;SAMPLE_TOO_SMALL_LOCAL_11_MATCHES_NOT_PRODUCTION_READY,True,False
FB,138999,Marouane Lemzaouri,523293,Nassim Azzoubairi,91.488613,8.237638,91.488613,4,medium_research_only,SAME_ROLE_ONLY;RESEARCH_ONLY;SAMPLE_TOO_SMALL_LOCAL_11_MATCHES_NOT_PRODUCTION_READY,True,False
FB,138999,Marouane Lemzaouri,523299,Youness Noussir,98.57216,7.844508,98.57216,4,medium_research_only,SAME_ROLE_ONLY;RESEARCH_ONLY;SAMPLE_TOO_SMALL_LOCAL_11_MATCHES_NOT_PRODUCTION_READY,True,False
FB,138999,Marouane Lemzaouri,523318,Younes El Khafi,79.27758,11.162431,79.27758,4,medium_research_only,SAME_ROLE_ONLY;RESEARCH_ONLY;SAMPLE_TOO_SMALL_LOCAL_11_MATCHES_NOT_PRODUCTION_READY,True,False
FB,138999,Marouane Lemzaouri,523998,Zakaria Aiada,93.895887,5.806453,93.895887,4,medium_research_only,SAME_ROLE_ONLY;RESEARCH_ONLY;SAMPLE_TOO_SMALL_LOCAL_11_MATCHES_NOT_PRODUCTION_READY,True,False
FB,139549,Hamza El Janati,139560,Hamza El Moussaoui,99.859907,2.993672,99.859907,4,medium_research_only,SAME_ROLE_ONLY;RESEARCH_ONLY;SAMPLE_TOO_SMALL_LOCAL_11_MATCHES_NOT_PRODUCTION_READY,True,False
FB,139549,Hamza El Janati,139563,Ayoub Khairi,84.269217,9.833031,84.269217,4,medium_research_only,SAME_ROLE_ONLY;RESEARCH_ONLY;SAMPLE_TOO_SMALL_LOCAL_11_MATCHES_NOT_PRODUCTION_READY,True,False
FB,139549,Hamza El Janati,140876,Mohamed Moufid,97.494379,4.140044,97.494379,4,medium_research_only,SAME_ROLE_ONLY;RESEARCH_ONLY;SAMPLE_TOO_SMALL_LOCAL_11_MATCHES_NOT_PRODUCTION_READY,True,False
FB,139549,Hamza El Janati,141741,Oussama Al Aiz,99.469344,1.97212,99.469344,4,medium_research_only,SAME_ROLE_ONLY;RESEARCH_ONLY;SAMPLE_TOO_SMALL_LOCAL_11_MATCHES_NOT_PRODUCTION_READY,True,False
FB,139549,Hamza El Janati,142789,Oussama Soukhane,90.434935,20.537299,90.434935,4,medium_research_only,SAME_ROLE_ONLY;RESEARCH_ONLY;SAMPLE_TOO_SMALL_LOCAL_11_MATCHES_NOT_PRODUCTION_READY,True,False
FB,139549,Hamza El Janati,143163,Hamza Semmoumy,97.971115,3.426933,97.971115,4,medium_research_only,SAME_ROLE_ONLY;RESEARCH_ONLY;SAMPLE_TOO_SMALL_LOCAL_11_MATCHES_NOT_PRODUCTION_READY,True,False
FB,139549,Hamza El Janati,144331,Oussama Raoui,99.273102,57.483579,99.273102,4,medium_research_only,SAME_ROLE_ONLY;RESEARCH_ONLY;SAMPLE_TOO_SMALL_LOCAL_11_MATCHES_NOT_PRODUCTION_READY,True,False
FB,139549,Hamza El Janati,152015,Zakaria Kiani,90.104057,13.311869,90.104057,4,medium_research_only,SAME_ROLE_ONLY;RESEARCH_ONLY;SAMPLE_TOO_SMALL_LOCAL_11_MATCHES_NOT_PRODUCTION_READY,True,False
FB,139549,Hamza El Janati,178342,Ettayb Boukhriss,94.348258,16.788411,94.348258,4,medium_research_only,SAME_ROLE_ONLY;RESEARCH_ONLY;SAMPLE_TOO_SMALL_LOCAL_11_MATCHES_NOT_PRODUCTION_READY,True,False
FB,139549,Hamza El Janati,312413,Soulaimane El Bouchqali,85.338567,11.230378,85.338567,4,medium_research_only,SAME_ROLE_ONLY;RESEARCH_ONLY;SAMPLE_TOO_SMALL_LOCAL_11_MATCHES_NOT_PRODUCTION_READY,True,False
FB,139549,Hamza El Janati,313287,Redouane Ait Lemkadem,94.62533,11.145662,94.62533,4,medium_research_only,SAME_ROLE_ONLY;RESEARCH_ONLY;SAMPLE_TOO_SMALL_LOCAL_11_MATCHES_NOT_PRODUCTION_READY,True,False
FB,139549,Hamza El Janati,313974,Mohamed El Abdi,99.820221,2.870529,99.820221,4,medium_research_only,SAME_ROLE_ONLY;RESEARCH_ONLY;SAMPLE_TOO_SMALL_LOCAL_11_MATCHES_NOT_PRODUCTION_READY,True,False
FB,139549,Hamza El Janati,314450,Anass Lamrabat,97.330766,5.00441,97.330766,4,medium_research_only,SAME_ROLE_ONLY;RESEARCH_ONLY;SAMPLE_TOO_SMALL_LOCAL_11_MATCHES_NOT_PRODUCTION_READY,True,False
FB,139549,Hamza El Janati,314451,Houdaifa El Mahasni,99.983072,8.186512,99.983072,4,medium_research_only,SAME_ROLE_ONLY;RESEARCH_ONLY;SAMPLE_TOO_SMALL_LOCAL_11_MATCHES_NOT_PRODUCTION_READY,True,False
FB,139549,Hamza El Janati,337496,Haytam Manaout,98.604777,6.247578,98.604777,4,medium_research_only,SAME_ROLE_ONLY;RESEARCH_ONLY;SAMPLE_TOO_SMALL_LOCAL_11_MATCHES_NOT_PRODUCTION_READY,True,False
FB,139549,Hamza El Janati,339278,Chemseddine Knaidil,99.800555,12.126896,99.800555,4,medium_research_only,SAME_ROLE_ONLY;RESEARCH_ONLY;SAMPLE_TOO_SMALL_LOCAL_11_MATCHES_NOT_PRODUCTION_READY,True,False
FB,139549,Hamza El Janati,405342,Guilherme Ferreira de Oliveira,64.140272,94.320867,64.140272,4,medium_research_only,SAME_ROLE_ONLY;RESEARCH_ONLY;SAMPLE_TOO_SMALL_LOCAL_11_MATCHES_NOT_PRODUCTION_READY,True,False
FB,139549,Hamza El Janati,406864,Hamza Malki,96.203209,16.070706,96.203209,4,medium_research_only,SAME_ROLE_ONLY;RESEARCH_ONLY;SAMPLE_TOO_SMALL_LOCAL_11_MATCHES_NOT_PRODUCTION_READY,True,False
FB,139549,Hamza El Janati,409454,Ayoub Tine,98.201601,4.179244,98.201601,4,medium_research_only,SAME_ROLE_ONLY;RESEARCH_ONLY;SAMPLE_TOO_SMALL_LOCAL_11_MATCHES_NOT_PRODUCTION_READY,True,False
FB,139549,Hamza El Janati,442100,Marouane Ouhrou,85.257556,8.968276,85.257556,4,medium_research_only,SAME_ROLE_ONLY;RESEARCH_ONLY;SAMPLE_TOO_SMALL_LOCAL_11_MATCHES_NOT_PRODUCTION_READY,True,False
FB,139549,Hamza El Janati,442286,Oussama Daoui,99.343295,7.260215,99.343295,4,medium_research_only,SAME_ROLE_ONLY;RESEARCH_ONLY;SAMPLE_TOO_SMALL_LOCAL_11_MATCHES_NOT_PRODUCTION_READY,True,False
FB,139549,Hamza El Janati,442926,Ousmane Diallo,98.645202,2.863509,98.645202,4,medium_research_only,SAME_ROLE_ONLY;RESEARCH_ONLY;SAMPLE_TOO_SMALL_LOCAL_11_MATCHES_NOT_PRODUCTION_READY,True,False
FB,139549,Hamza El Janati,477677,Yassine Boughaz,85.23817,8.67028,85.23817,4,medium_research_only,SAME_ROLE_ONLY;RESEARCH_ONLY;SAMPLE_TOO_SMALL_LOCAL_11_MATCHES_NOT_PRODUCTION_READY,True,False
FB,139549,Hamza El Janati,522352,Hamza Fassoukh,99.602171,4.733485,99.602171,4,medium_research_only,SAME_ROLE_ONLY;RESEARCH_ONLY;SAMPLE_TOO_SMALL_LOCAL_11_MATCHES_NOT_PRODUCTION_READY,True,False
FB,139549,Hamza El Janati,523288,Abdelali Khouch,86.15527,16.465742,86.15527,4,medium_research_only,SAME_ROLE_ONLY;RESEARCH_ONLY;SAMPLE_TOO_SMALL_LOCAL_11_MATCHES_NOT_PRODUCTION_READY,True,False
FB,139549,Hamza El Janati,523293,Nassim Azzoubairi,98.596209,3.195448,98.596209,4,medium_research_only,SAME_ROLE_ONLY;RESEARCH_ONLY;SAMPLE_TOO_SMALL_LOCAL_11_MATCHES_NOT_PRODUCTION_READY,True,False
FB,139549,Hamza El Janati,523299,Youness Noussir,91.984713,8.005154,91.984713,4,medium_research_only,SAME_ROLE_ONLY;RESEARCH_ONLY;SAMPLE_TOO_SMALL_LOCAL_11_MATCHES_NOT_PRODUCTION_READY,True,False
FB,139549,Hamza El Janati,523318,Younes El Khafi,91.340832,7.76293,91.340832,4,medium_research_only,SAME_ROLE_ONLY;RESEARCH_ONLY;SAMPLE_TOO_SMALL_LOCAL_11_MATCHES_NOT_PRODUCTION_READY,True,False
FB,139549,Hamza El Janati,523998,Zakaria Aiada,99.304169,2.200684,99.304169,4,medium_research_only,SAME_ROLE_ONLY;RESEARCH_ONLY;SAMPLE_TOO_SMALL_LOCAL_11_MATCHES_NOT_PRODUCTION_READY,True,False
FB,139560,Hamza El Moussaoui,139563,Ayoub Khairi,85.771108,12.416524,85.771108,4,medium_research_only,SAME_ROLE_ONLY;RESEARCH_ONLY;SAMPLE_TOO_SMALL_LOCAL_11_MATCHES_NOT_PRODUCTION_READY,True,False
FB,139560,Hamza El Moussaoui,140876,Mohamed Moufid,98.289794,4.060404,98.289794,4,medium_research_only,SAME_ROLE_ONLY;RESEARCH_ONLY;SAMPLE_TOO_SMALL_LOCAL_11_MATCHES_NOT_PRODUCTION_READY,True,False
FB,139560,Hamza El Moussaoui,141741,Oussama Al Aiz,99.714802,2.532216,99.714802,4,medium_research_only,SAME_ROLE_ONLY;RESEARCH_ONLY;SAMPLE_TOO_SMALL_LOCAL_11_MATCHES_NOT_PRODUCTION_READY,True,False
FB,139560,Hamza El Moussaoui,142789,Oussama Soukhane,91.849401,18.465204,91.849401,4,medium_research_only,SAME_ROLE_ONLY;RESEARCH_ONLY;SAMPLE_TOO_SMALL_LOCAL_11_MATCHES_NOT_PRODUCTION_READY,True,False
FB,139560,Hamza El Moussaoui,143163,Hamza Semmoumy,98.631214,4.323137,98.631214,4,medium_research_only,SAME_ROLE_ONLY;RESEARCH_ONLY;SAMPLE_TOO_SMALL_LOCAL_11_MATCHES_NOT_PRODUCTION_READY,True,False
FB,139560,Hamza El Moussaoui,144331,Oussama Raoui,99.391606,54.682048,99.391606,4,medium_research_only,SAME_ROLE_ONLY;RESEARCH_ONLY;SAMPLE_TOO_SMALL_LOCAL_11_MATCHES_NOT_PRODUCTION_READY,True,False
FB,139560,Hamza El Moussaoui,152015,Zakaria Kiani,88.276934,13.479636,88.276934,4,medium_research_only,SAME_ROLE_ONLY;RESEARCH_ONLY;SAMPLE_TOO_SMALL_LOCAL_11_MATCHES_NOT_PRODUCTION_READY,True,False
FB,139560,Hamza El Moussaoui,178342,Ettayb Boukhriss,93.01359,15.694903,93.01359,4,medium_research_only,SAME_ROLE_ONLY;RESEARCH_ONLY;SAMPLE_TOO_SMALL_LOCAL_11_MATCHES_NOT_PRODUCTION_READY,True,False
FB,139560,Hamza El Moussaoui,312413,Soulaimane El Bouchqali,87.701151,10.813949,87.701151,4,medium_research_only,SAME_ROLE_ONLY;RESEARCH_ONLY;SAMPLE_TOO_SMALL_LOCAL_11_MATCHES_NOT_PRODUCTION_READY,True,False
FB,139560,Hamza El Moussaoui,313287,Redouane Ait Lemkadem,93.188852,10.711473,93.188852,4,medium_research_only,SAME_ROLE_ONLY;RESEARCH_ONLY;SAMPLE_TOO_SMALL_LOCAL_11_MATCHES_NOT_PRODUCTION_READY,True,False
FB,139560,Hamza El Moussaoui,313974,Mohamed El Abdi,99.372784,2.355818,99.372784,4,medium_research_only,SAME_ROLE_ONLY;RESEARCH_ONLY;SAMPLE_TOO_SMALL_LOCAL_11_MATCHES_NOT_PRODUCTION_READY,True,False
FB,139560,Hamza El Moussaoui,314450,Anass Lamrabat,98.110172,4.069879,98.110172,4,medium_research_only,SAME_ROLE_ONLY;RESEARCH_ONLY;SAMPLE_TOO_SMALL_LOCAL_11_MATCHES_NOT_PRODUCTION_READY,True,False
FB,139560,Hamza El Moussaoui,314451,Houdaifa El Mahasni,99.788351,5.590669,99.788351,4,medium_research_only,SAME_ROLE_ONLY;RESEARCH_ONLY;SAMPLE_TOO_SMALL_LOCAL_11_MATCHES_NOT_PRODUCTION_READY,True,False
FB,139560,Hamza El Moussaoui,337496,Haytam Manaout,98.000961,5.145134,98.000961,4,medium_research_only,SAME_ROLE_ONLY;RESEARCH_ONLY;SAMPLE_TOO_SMALL_LOCAL_11_MATCHES_NOT_PRODUCTION_READY,True,False
FB,139560,Hamza El Moussaoui,339278,Chemseddine Knaidil,99.371787,9.689496,99.371787,4,medium_research_only,SAME_ROLE_ONLY;RESEARCH_ONLY;SAMPLE_TOO_SMALL_LOCAL_11_MATCHES_NOT_PRODUCTION_READY,True,False
FB,139560,Hamza El Moussaoui,405342,Guilherme Ferreira de Oliveira,65.237931,93.564493,65.237931,4,medium_research_only,SAME_ROLE_ONLY;RESEARCH_ONLY;SAMPLE_TOO_SMALL_LOCAL_11_MATCHES_NOT_PRODUCTION_READY,True,False
FB,139560,Hamza El Moussaoui,406864,Hamza Malki,94.880374,14.729683,94.880374,4,medium_research_only,SAME_ROLE_ONLY;RESEARCH_ONLY;SAMPLE_TOO_SMALL_LOCAL_11_MATCHES_NOT_PRODUCTION_READY,True,False
FB,139560,Hamza El Moussaoui,409454,Ayoub Tine,98.751477,6.464808,98.751477,4,medium_research_only,SAME_ROLE_ONLY;RESEARCH_ONLY;SAMPLE_TOO_SMALL_LOCAL_11_MATCHES_NOT_PRODUCTION_READY,True,False
FB,139560,Hamza El Moussaoui,442100,Marouane Ouhrou,83.376142,11.820265,83.376142,4,medium_research_only,SAME_ROLE_ONLY;RESEARCH_ONLY;SAMPLE_TOO_SMALL_LOCAL_11_MATCHES_NOT_PRODUCTION_READY,True,False
FB,139560,Hamza El Moussaoui,442286,Oussama Daoui,99.733492,10.010096,99.733492,4,medium_research_only,SAME_ROLE_ONLY;RESEARCH_ONLY;SAMPLE_TOO_SMALL_LOCAL_11_MATCHES_NOT_PRODUCTION_READY,True,False
FB,139560,Hamza El Moussaoui,442926,Ousmane Diallo,97.892805,4.691437,97.892805,4,medium_research_only,SAME_ROLE_ONLY;RESEARCH_ONLY;SAMPLE_TOO_SMALL_LOCAL_11_MATCHES_NOT_PRODUCTION_READY,True,False
FB,139560,Hamza El Moussaoui,477677,Yassine Boughaz,83.38107,11.419594,83.38107,4,medium_research_only,SAME_ROLE_ONLY;RESEARCH_ONLY;SAMPLE_TOO_SMALL_LOCAL_11_MATCHES_NOT_PRODUCTION_READY,True,False
FB,139560,Hamza El Moussaoui,522352,Hamza Fassoukh,99.015713,3.483614,99.015713,4,medium_research_only,SAME_ROLE_ONLY;RESEARCH_ONLY;SAMPLE_TOO_SMALL_LOCAL_11_MATCHES_NOT_PRODUCTION_READY,True,False
FB,139560,Hamza El Moussaoui,523288,Abdelali Khouch,88.109904,15.067246,88.109904,4,medium_research_only,SAME_ROLE_ONLY;RESEARCH_ONLY;SAMPLE_TOO_SMALL_LOCAL_11_MATCHES_NOT_PRODUCTION_READY,True,False
FB,139560,Hamza El Moussaoui,523293,Nassim Azzoubairi,97.90817,4.40596,97.90817,4,medium_research_only,SAME_ROLE_ONLY;RESEARCH_ONLY;SAMPLE_TOO_SMALL_LOCAL_11_MATCHES_NOT_PRODUCTION_READY,True,False
FB,139560,Hamza El Moussaoui,523299,Youness Noussir,93.45645,7.587362,93.45645,4,medium_research_only,SAME_ROLE_ONLY;RESEARCH_ONLY;SAMPLE_TOO_SMALL_LOCAL_11_MATCHES_NOT_PRODUCTION_READY,True,False
FB,139560,Hamza El Moussaoui,523318,Younes El Khafi,89.831004,9.207197,89.831004,4,medium_research_only,SAME_ROLE_ONLY;RESEARCH_ONLY;SAMPLE_TOO_SMALL_LOCAL_11_MATCHES_NOT_PRODUCTION_READY,True,False
FB,139560,Hamza El Moussaoui,523998,Zakaria Aiada,98.925248,4.70505,98.925248,4,medium_research_only,SAME_ROLE_ONLY;RESEARCH_ONLY;SAMPLE_TOO_SMALL_LOCAL_11_MATCHES_NOT_PRODUCTION_READY,True,False
FB,139563,Ayoub Khairi,140876,Mohamed Moufid,82.477602,11.037086,82.477602,4,medium_research_only,SAME_ROLE_ONLY;RESEARCH_ONLY;SAMPLE_TOO_SMALL_LOCAL_11_MATCHES_NOT_PRODUCTION_READY,True,False
FB,139563,Ayoub Khairi,141741,Oussama Al Aiz,83.797331,10.612133,83.797331,4,medium_research_only,SAME_ROLE_ONLY;RESEARCH_ONLY;SAMPLE_TOO_SMALL_LOCAL_11_MATCHES_NOT_PRODUCTION_READY,True,False
FB,139563,Ayoub Khairi,142789,Oussama Soukhane,74.484572,27.34155,74.484572,4,medium_research_only,SAME_ROLE_ONLY;RESEARCH_ONLY;SAMPLE_TOO_SMALL_LOCAL_11_MATCHES_NOT_PRODUCTION_READY,True,False
FB,139563,Ayoub Khairi,143163,Hamza Semmoumy,82.155532,9.872214,82.155532,4,medium_research_only,SAME_ROLE_ONLY;RESEARCH_ONLY;SAMPLE_TOO_SMALL_LOCAL_11_MATCHES_NOT_PRODUCTION_READY,True,False
FB,139563,Ayoub Khairi,144331,Oussama Raoui,80.698597,67.030892,80.698597,4,medium_research_only,SAME_ROLE_ONLY;RESEARCH_ONLY;SAMPLE_TOO_SMALL_LOCAL_11_MATCHES_NOT_PRODUCTION_READY,True,False
FB,139563,Ayoub Khairi,152015,Zakaria Kiani,78.182634,18.950557,78.182634,4,medium_research_only,SAME_ROLE_ONLY;RESEARCH_ONLY;SAMPLE_TOO_SMALL_LOCAL_11_MATCHES_NOT_PRODUCTION_READY,True,False
FB,139563,Ayoub Khairi,178342,Ettayb Boukhriss,82.777291,24.170911,82.777291,4,medium_research_only,SAME_ROLE_ONLY;RESEARCH_ONLY;SAMPLE_TOO_SMALL_LOCAL_11_MATCHES_NOT_PRODUCTION_READY,True,False
FB,139563,Ayoub Khairi,312413,Soulaimane El Bouchqali,81.585482,13.682929,81.585482,4,medium_research_only,SAME_ROLE_ONLY;RESEARCH_ONLY;SAMPLE_TOO_SMALL_LOCAL_11_MATCHES_NOT_PRODUCTION_READY,True,False
FB,139563,Ayoub Khairi,313287,Redouane Ait Lemkadem,80.94924,18.347164,80.94924,4,medium_research_only,SAME_ROLE_ONLY;RESEARCH_ONLY;SAMPLE_TOO_SMALL_LOCAL_11_MATCHES_NOT_PRODUCTION_READY,True,False
FB,139563,Ayoub Khairi,313974,Mohamed El Abdi,82.948736,12.503347,82.948736,4,medium_research_only,SAME_ROLE_ONLY;RESEARCH_ONLY;SAMPLE_TOO_SMALL_LOCAL_11_MATCHES_NOT_PRODUCTION_READY,True,False
FB,139563,Ayoub Khairi,314450,Anass Lamrabat,81.795644,12.465454,81.795644,4,medium_research_only,SAME_ROLE_ONLY;RESEARCH_ONLY;SAMPLE_TOO_SMALL_LOCAL_11_MATCHES_NOT_PRODUCTION_READY,True,False
FB,139563,Ayoub Khairi,314451,Houdaifa El Mahasni,83.335399,17.898545,83.335399,4,medium_research_only,SAME_ROLE_ONLY;RESEARCH_ONLY;SAMPLE_TOO_SMALL_LOCAL_11_MATCHES_NOT_PRODUCTION_READY,True,False
FB,139563,Ayoub Khairi,337496,Haytam Manaout,86.216853,14.733603,86.216853,4,medium_research_only,SAME_ROLE_ONLY;RESEARCH_ONLY;SAMPLE_TOO_SMALL_LOCAL_11_MATCHES_NOT_PRODUCTION_READY,True,False
FB,139563,Ayoub Khairi,339278,Chemseddine Knaidil,83.41187,21.703208,83.41187,4,medium_research_only,SAME_ROLE_ONLY;RESEARCH_ONLY;SAMPLE_TOO_SMALL_LOCAL_11_MATCHES_NOT_PRODUCTION_READY,True,False
FB,139563,Ayoub Khairi,405342,Guilherme Ferreira de Oliveira,90.171679,93.898784,90.171679,4,medium_research_only,SAME_ROLE_ONLY;RESEARCH_ONLY;SAMPLE_TOO_SMALL_LOCAL_11_MATCHES_NOT_PRODUCTION_READY,True,False
FB,139563,Ayoub Khairi,406864,Hamza Malki,80.710693,24.357292,80.710693,4,medium_research_only,SAME_ROLE_ONLY;RESEARCH_ONLY;SAMPLE_TOO_SMALL_LOCAL_11_MATCHES_NOT_PRODUCTION_READY,True,False
FB,139563,Ayoub Khairi,409454,Ayoub Tine,81.680677,7.181856,81.680677,4,medium_research_only,SAME_ROLE_ONLY;RESEARCH_ONLY;SAMPLE_TOO_SMALL_LOCAL_11_MATCHES_NOT_PRODUCTION_READY,True,False
FB,139563,Ayoub Khairi,442100,Marouane Ouhrou,78.867802,4.861847,78.867802,4,medium_research_only,SAME_ROLE_ONLY;RESEARCH_ONLY;SAMPLE_TOO_SMALL_LOCAL_11_MATCHES_NOT_PRODUCTION_READY,True,False
FB,139563,Ayoub Khairi,442286,Oussama Daoui,86.071154,3.446018,86.071154,4,medium_research_only,SAME_ROLE_ONLY;RESEARCH_ONLY;SAMPLE_TOO_SMALL_LOCAL_11_MATCHES_NOT_PRODUCTION_READY,True,False
FB,139563,Ayoub Khairi,442926,Ousmane Diallo,84.487883,10.082526,84.487883,4,medium_research_only,SAME_ROLE_ONLY;RESEARCH_ONLY;SAMPLE_TOO_SMALL_LOCAL_11_MATCHES_NOT_PRODUCTION_READY,True,False
FB,139563,Ayoub Khairi,477677,Yassine Boughaz,79.003036,5.963716,79.003036,4,medium_research_only,SAME_ROLE_ONLY;RESEARCH_ONLY;SAMPLE_TOO_SMALL_LOCAL_11_MATCHES_NOT_PRODUCTION_READY,True,False
FB,139563,Ayoub Khairi,522352,Hamza Fassoukh,81.874788,14.305087,81.874788,4,medium_research_only,SAME_ROLE_ONLY;RESEARCH_ONLY;SAMPLE_TOO_SMALL_LOCAL_11_MATCHES_NOT_PRODUCTION_READY,True,False
FB,139563,Ayoub Khairi,523288,Abdelali Khouch,75.671169,21.189334,75.671169,4,medium_research_only,SAME_ROLE_ONLY;RESEARCH_ONLY;SAMPLE_TOO_SMALL_LOCAL_11_MATCHES_NOT_PRODUCTION_READY,True,False
FB,139563,Ayoub Khairi,523293,Nassim Azzoubairi,85.246903,10.807284,85.246903,4,medium_research_only,SAME_ROLE_ONLY;RESEARCH_ONLY;SAMPLE_TOO_SMALL_LOCAL_11_MATCHES_NOT_PRODUCTION_READY,True,False
FB,139563,Ayoub Khairi,523299,Youness Noussir,78.432499,12.90942,78.432499,4,medium_research_only,SAME_ROLE_ONLY;RESEARCH_ONLY;SAMPLE_TOO_SMALL_LOCAL_11_MATCHES_NOT_PRODUCTION_READY,True,False
FB,139563,Ayoub Khairi,523318,Younes El Khafi,82.218289,11.602608,82.218289,4,medium_research_only,SAME_ROLE_ONLY;RESEARCH_ONLY;SAMPLE_TOO_SMALL_LOCAL_11_MATCHES_NOT_PRODUCTION_READY,True,False
FB,139563,Ayoub Khairi,523998,Zakaria Aiada,86.926798,8.558437,86.926798,4,medium_research_only,SAME_ROLE_ONLY;RESEARCH_ONLY;SAMPLE_TOO_SMALL_LOCAL_11_MATCHES_NOT_PRODUCTION_READY,True,False
FB,140876,Mohamed Moufid,141741,Oussama Al Aiz,99.154663,2.414445,99.154663,4,medium_research_only,SAME_ROLE_ONLY;RESEARCH_ONLY;SAMPLE_TOO_SMALL_LOCAL_11_MATCHES_NOT_PRODUCTION_READY,True,False
FB,140876,Mohamed Moufid,142789,Oussama Soukhane,97.498979,17.03654,97.498979,4,medium_research_only,SAME_ROLE_ONLY;RESEARCH_ONLY;SAMPLE_TOO_SMALL_LOCAL_11_MATCHES_NOT_PRODUCTION_READY,True,False
FB,140876,Mohamed Moufid,143163,Hamza Semmoumy,99.965077,1.332947,99.965077,4,medium_research_only,SAME_ROLE_ONLY;RESEARCH_ONLY;SAMPLE_TOO_SMALL_LOCAL_11_MATCHES_NOT_PRODUCTION_READY,True,False
FB,140876,Mohamed Moufid,144331,Oussama Raoui,99.11656,56.480832,99.11656,4,medium_research_only,SAME_ROLE_ONLY;RESEARCH_ONLY;SAMPLE_TOO_SMALL_LOCAL_11_MATCHES_NOT_PRODUCTION_READY,True,False
FB,140876,Mohamed Moufid,152015,Zakaria Kiani,78.784481,17.11598,78.784481,4,medium_research_only,SAME_ROLE_ONLY;RESEARCH_ONLY;SAMPLE_TOO_SMALL_LOCAL_11_MATCHES_NOT_PRODUCTION_READY,True,False
FB,140876,Mohamed Moufid,178342,Ettayb Boukhriss,84.979574,19.735825,84.979574,4,medium_research_only,SAME_ROLE_ONLY;RESEARCH_ONLY;SAMPLE_TOO_SMALL_LOCAL_11_MATCHES_NOT_PRODUCTION_READY,True,False
FB,140876,Mohamed Moufid,312413,Soulaimane El Bouchqali,94.140922,7.473492,94.140922,4,medium_research_only,SAME_ROLE_ONLY;RESEARCH_ONLY;SAMPLE_TOO_SMALL_LOCAL_11_MATCHES_NOT_PRODUCTION_READY,True,False
FB,140876,Mohamed Moufid,313287,Redouane Ait Lemkadem,85.348302,14.571706,85.348302,4,medium_research_only,SAME_ROLE_ONLY;RESEARCH_ONLY;SAMPLE_TOO_SMALL_LOCAL_11_MATCHES_NOT_PRODUCTION_READY,True,False
FB,140876,Mohamed Moufid,313974,Mohamed El Abdi,96.111316,5.713546,96.111316,4,medium_research_only,SAME_ROLE_ONLY;RESEARCH_ONLY;SAMPLE_TOO_SMALL_LOCAL_11_MATCHES_NOT_PRODUCTION_READY,True,False
FB,140876,Mohamed Moufid,314450,Anass Lamrabat,99.984723,1.453306,99.984723,4,medium_research_only,SAME_ROLE_ONLY;RESEARCH_ONLY;SAMPLE_TOO_SMALL_LOCAL_11_MATCHES_NOT_PRODUCTION_READY,True,False
FB,140876,Mohamed Moufid,314451,Houdaifa El Mahasni,97.469669,8.800422,97.469669,4,medium_research_only,SAME_ROLE_ONLY;RESEARCH_ONLY;SAMPLE_TOO_SMALL_LOCAL_11_MATCHES_NOT_PRODUCTION_READY,True,False
FB,140876,Mohamed Moufid,337496,Haytam Manaout,92.732443,9.143803,92.732443,4,medium_research_only,SAME_ROLE_ONLY;RESEARCH_ONLY;SAMPLE_TOO_SMALL_LOCAL_11_MATCHES_NOT_PRODUCTION_READY,True,False
FB,140876,Mohamed Moufid,339278,Chemseddine Knaidil,95.973629,13.084158,95.973629,4,medium_research_only,SAME_ROLE_ONLY;RESEARCH_ONLY;SAMPLE_TOO_SMALL_LOCAL_11_MATCHES_NOT_PRODUCTION_READY,True,False
FB,140876,Mohamed Moufid,405342,Guilherme Ferreira de Oliveira,60.871887,95.03526,60.871887,4,medium_research_only,SAME_ROLE_ONLY;RESEARCH_ONLY;SAMPLE_TOO_SMALL_LOCAL_11_MATCHES_NOT_PRODUCTION_READY,True,False
FB,140876,Mohamed Moufid,406864,Hamza Malki,87.930989,18.667246,87.930989,4,medium_research_only,SAME_ROLE_ONLY;RESEARCH_ONLY;SAMPLE_TOO_SMALL_LOCAL_11_MATCHES_NOT_PRODUCTION_READY,True,False
FB,140876,Mohamed Moufid,409454,Ayoub Tine,99.879796,4.248443,99.879796,4,medium_research_only,SAME_ROLE_ONLY;RESEARCH_ONLY;SAMPLE_TOO_SMALL_LOCAL_11_MATCHES_NOT_PRODUCTION_READY,True,False
FB,140876,Mohamed Moufid,442100,Marouane Ouhrou,72.588482,11.755778,72.588482,4,medium_research_only,SAME_ROLE_ONLY;RESEARCH_ONLY;SAMPLE_TOO_SMALL_LOCAL_11_MATCHES_NOT_PRODUCTION_READY,True,False
FB,140876,Mohamed Moufid,442286,Oussama Daoui,99.057747,8.375844,99.057747,4,medium_research_only,SAME_ROLE_ONLY;RESEARCH_ONLY;SAMPLE_TOO_SMALL_LOCAL_11_MATCHES_NOT_PRODUCTION_READY,True,False
FB,140876,Mohamed Moufid,442926,Ousmane Diallo,92.624699,6.983393,92.624699,4,medium_research_only,SAME_ROLE_ONLY;RESEARCH_ONLY;SAMPLE_TOO_SMALL_LOCAL_11_MATCHES_NOT_PRODUCTION_READY,True,False
FB,140876,Mohamed Moufid,477677,Yassine Boughaz,72.59283,11.833231,72.59283,4,medium_research_only,SAME_ROLE_ONLY;RESEARCH_ONLY;SAMPLE_TOO_SMALL_LOCAL_11_MATCHES_NOT_PRODUCTION_READY,True,False
FB,140876,Mohamed Moufid,522352,Hamza Fassoukh,95.400678,7.135271,95.400678,4,medium_research_only,SAME_ROLE_ONLY;RESEARCH_ONLY;SAMPLE_TOO_SMALL_LOCAL_11_MATCHES_NOT_PRODUCTION_READY,True,False
FB,140876,Mohamed Moufid,523288,Abdelali Khouch,95.050879,12.453041,95.050879,4,medium_research_only,SAME_ROLE_ONLY;RESEARCH_ONLY;SAMPLE_TOO_SMALL_LOCAL_11_MATCHES_NOT_PRODUCTION_READY,True,False
FB,140876,Mohamed Moufid,523293,Nassim Azzoubairi,92.591486,7.182639,92.591486,4,medium_research_only,SAME_ROLE_ONLY;RESEARCH_ONLY;SAMPLE_TOO_SMALL_LOCAL_11_MATCHES_NOT_PRODUCTION_READY,True,False
FB,140876,Mohamed Moufid,523299,Youness Noussir,98.363061,3.889767,98.363061,4,medium_research_only,SAME_ROLE_ONLY;RESEARCH_ONLY;SAMPLE_TOO_SMALL_LOCAL_11_MATCHES_NOT_PRODUCTION_READY,True,False
FB,140876,Mohamed Moufid,523318,Younes El Khafi,80.642598,11.852748,80.642598,4,medium_research_only,SAME_ROLE_ONLY;RESEARCH_ONLY;SAMPLE_TOO_SMALL_LOCAL_11_MATCHES_NOT_PRODUCTION_READY,True,False
FB,140876,Mohamed Moufid,523998,Zakaria Aiada,94.612843,5.992948,94.612843,4,medium_research_only,SAME_ROLE_ONLY;RESEARCH_ONLY;SAMPLE_TOO_SMALL_LOCAL_11_MATCHES_NOT_PRODUCTION_READY,True,False
FB,141741,Oussama Al Aiz,142789,Oussama Soukhane,94.092146,18.715428,94.092146,4,medium_research_only,SAME_ROLE_ONLY;RESEARCH_ONLY;SAMPLE_TOO_SMALL_LOCAL_11_MATCHES_NOT_PRODUCTION_READY,True,False
FB,141741,Oussama Al Aiz,143163,Hamza Semmoumy,99.41801,2.109189,99.41801,4,medium_research_only,SAME_ROLE_ONLY;RESEARCH_ONLY;SAMPLE_TOO_SMALL_LOCAL_11_MATCHES_NOT_PRODUCTION_READY,True,False
FB,141741,Oussama Al Aiz,144331,Oussama Raoui,99.775874,56.576848,99.775874,4,medium_research_only,SAME_ROLE_ONLY;RESEARCH_ONLY;SAMPLE_TOO_SMALL_LOCAL_11_MATCHES_NOT_PRODUCTION_READY,True,False
FB,141741,Oussama Al Aiz,152015,Zakaria Kiani,85.463913,14.850812,85.463913,4,medium_research_only,SAME_ROLE_ONLY;RESEARCH_ONLY;SAMPLE_TOO_SMALL_LOCAL_11_MATCHES_NOT_PRODUCTION_READY,True,False
FB,141741,Oussama Al Aiz,178342,Ettayb Boukhriss,90.664938,17.75544,90.664938,4,medium_research_only,SAME_ROLE_ONLY;RESEARCH_ONLY;SAMPLE_TOO_SMALL_LOCAL_11_MATCHES_NOT_PRODUCTION_READY,True,False
FB,141741,Oussama Al Aiz,312413,Soulaimane El Bouchqali,89.64902,9.644469,89.64902,4,medium_research_only,SAME_ROLE_ONLY;RESEARCH_ONLY;SAMPLE_TOO_SMALL_LOCAL_11_MATCHES_NOT_PRODUCTION_READY,True,False
FB,141741,Oussama Al Aiz,313287,Redouane Ait Lemkadem,90.985095,12.399377,90.985095,4,medium_research_only,SAME_ROLE_ONLY;RESEARCH_ONLY;SAMPLE_TOO_SMALL_LOCAL_11_MATCHES_NOT_PRODUCTION_READY,True,False
FB,141741,Oussama Al Aiz,313974,Mohamed El Abdi,98.772969,3.579656,98.772969,4,medium_research_only,SAME_ROLE_ONLY;RESEARCH_ONLY;SAMPLE_TOO_SMALL_LOCAL_11_MATCHES_NOT_PRODUCTION_READY,True,False
FB,141741,Oussama Al Aiz,314450,Anass Lamrabat,99.093059,3.12765,99.093059,4,medium_research_only,SAME_ROLE_ONLY;RESEARCH_ONLY;SAMPLE_TOO_SMALL_LOCAL_11_MATCHES_NOT_PRODUCTION_READY,True,False
FB,141741,Oussama Al Aiz,314451,Houdaifa El Mahasni,99.438397,7.796877,99.438397,4,medium_research_only,SAME_ROLE_ONLY;RESEARCH_ONLY;SAMPLE_TOO_SMALL_LOCAL_11_MATCHES_NOT_PRODUCTION_READY,True,False
FB,141741,Oussama Al Aiz,337496,Haytam Manaout,96.506923,7.146132,96.506923,4,medium_research_only,SAME_ROLE_ONLY;RESEARCH_ONLY;SAMPLE_TOO_SMALL_LOCAL_11_MATCHES_NOT_PRODUCTION_READY,True,False
FB,141741,Oussama Al Aiz,339278,Chemseddine Knaidil,98.646758,11.988315,98.646758,4,medium_research_only,SAME_ROLE_ONLY;RESEARCH_ONLY;SAMPLE_TOO_SMALL_LOCAL_11_MATCHES_NOT_PRODUCTION_READY,True,False
FB,141741,Oussama Al Aiz,405342,Guilherme Ferreira de Oliveira,63.738424,94.305952,63.738424,4,medium_research_only,SAME_ROLE_ONLY;RESEARCH_ONLY;SAMPLE_TOO_SMALL_LOCAL_11_MATCHES_NOT_PRODUCTION_READY,True,False
FB,141741,Oussama Al Aiz,406864,Hamza Malki,93.066997,16.813329,93.066997,4,medium_research_only,SAME_ROLE_ONLY;RESEARCH_ONLY;SAMPLE_TOO_SMALL_LOCAL_11_MATCHES_NOT_PRODUCTION_READY,True,False
FB,141741,Oussama Al Aiz,409454,Ayoub Tine,99.568518,4.118949,99.568518,4,medium_research_only,SAME_ROLE_ONLY;RESEARCH_ONLY;SAMPLE_TOO_SMALL_LOCAL_11_MATCHES_NOT_PRODUCTION_READY,True,False
FB,141741,Oussama Al Aiz,442100,Marouane Ouhrou,79.983751,10.450239,79.983751,4,medium_research_only,SAME_ROLE_ONLY;RESEARCH_ONLY;SAMPLE_TOO_SMALL_LOCAL_11_MATCHES_NOT_PRODUCTION_READY,True,False
FB,141741,Oussama Al Aiz,442286,Oussama Daoui,99.893554,7.932957,99.893554,4,medium_research_only,SAME_ROLE_ONLY;RESEARCH_ONLY;SAMPLE_TOO_SMALL_LOCAL_11_MATCHES_NOT_PRODUCTION_READY,True,False
FB,141741,Oussama Al Aiz,442926,Ousmane Diallo,96.545756,4.716352,96.545756,4,medium_research_only,SAME_ROLE_ONLY;RESEARCH_ONLY;SAMPLE_TOO_SMALL_LOCAL_11_MATCHES_NOT_PRODUCTION_READY,True,False
FB,141741,Oussama Al Aiz,477677,Yassine Boughaz,79.927848,10.313357,79.927848,4,medium_research_only,SAME_ROLE_ONLY;RESEARCH_ONLY;SAMPLE_TOO_SMALL_LOCAL_11_MATCHES_NOT_PRODUCTION_READY,True,False
FB,141741,Oussama Al Aiz,522352,Hamza Fassoukh,98.282528,5.261081,98.282528,4,medium_research_only,SAME_ROLE_ONLY;RESEARCH_ONLY;SAMPLE_TOO_SMALL_LOCAL_11_MATCHES_NOT_PRODUCTION_READY,True,False
FB,141741,Oussama Al Aiz,523288,Abdelali Khouch,90.695256,14.534734,90.695256,4,medium_research_only,SAME_ROLE_ONLY;RESEARCH_ONLY;SAMPLE_TOO_SMALL_LOCAL_11_MATCHES_NOT_PRODUCTION_READY,True,False
FB,141741,Oussama Al Aiz,523293,Nassim Azzoubairi,96.443469,4.929447,96.443469,4,medium_research_only,SAME_ROLE_ONLY;RESEARCH_ONLY;SAMPLE_TOO_SMALL_LOCAL_11_MATCHES_NOT_PRODUCTION_READY,True,False
FB,141741,Oussama Al Aiz,523299,Youness Noussir,95.33832,6.231276,95.33832,4,medium_research_only,SAME_ROLE_ONLY;RESEARCH_ONLY;SAMPLE_TOO_SMALL_LOCAL_11_MATCHES_NOT_PRODUCTION_READY,True,False
FB,141741,Oussama Al Aiz,523318,Younes El Khafi,86.996443,9.627874,86.996443,4,medium_research_only,SAME_ROLE_ONLY;RESEARCH_ONLY;SAMPLE_TOO_SMALL_LOCAL_11_MATCHES_NOT_PRODUCTION_READY,True,False
FB,141741,Oussama Al Aiz,523998,Zakaria Aiada,97.819563,3.964776,97.819563,4,medium_research_only,SAME_ROLE_ONLY;RESEARCH_ONLY;SAMPLE_TOO_SMALL_LOCAL_11_MATCHES_NOT_PRODUCTION_READY,True,False
FB,142789,Oussama Soukhane,143163,Hamza Semmoumy,97.056552,18.273521,97.056552,4,medium_research_only,SAME_ROLE_ONLY;RESEARCH_ONLY;SAMPLE_TOO_SMALL_LOCAL_11_MATCHES_NOT_PRODUCTION_READY,True,False
FB,142789,Oussama Soukhane,144331,Oussama Raoui,94.500235,45.487754,94.500235,4,medium_research_only,SAME_ROLE_ONLY;RESEARCH_ONLY;SAMPLE_TOO_SMALL_LOCAL_11_MATCHES_NOT_PRODUCTION_READY,True,False
FB,142789,Oussama Soukhane,152015,Zakaria Kiani,64.999059,30.266869,64.999059,4,medium_research_only,SAME_ROLE_ONLY;RESEARCH_ONLY;SAMPLE_TOO_SMALL_LOCAL_11_MATCHES_NOT_PRODUCTION_READY,True,False
FB,142789,Oussama Soukhane,178342,Ettayb Boukhriss,72.281818,29.355673,72.281818,4,medium_research_only,SAME_ROLE_ONLY;RESEARCH_ONLY;SAMPLE_TOO_SMALL_LOCAL_11_MATCHES_NOT_PRODUCTION_READY,True,False
FB,142789,Oussama Soukhane,312413,Soulaimane El Bouchqali,97.385597,14.935119,97.385597,4,medium_research_only,SAME_ROLE_ONLY;RESEARCH_ONLY;SAMPLE_TOO_SMALL_LOCAL_11_MATCHES_NOT_PRODUCTION_READY,True,False
FB,142789,Oussama Soukhane,313287,Redouane Ait Lemkadem,72.933943,26.797307,72.933943,4,medium_research_only,SAME_ROLE_ONLY;RESEARCH_ONLY;SAMPLE_TOO_SMALL_LOCAL_11_MATCHES_NOT_PRODUCTION_READY,True,False
FB,142789,Oussama Soukhane,313974,Mohamed El Abdi,88.183564,20.179071,88.183564,4,medium_research_only,SAME_ROLE_ONLY;RESEARCH_ONLY;SAMPLE_TOO_SMALL_LOCAL_11_MATCHES_NOT_PRODUCTION_READY,True,False
FB,142789,Oussama Soukhane,314450,Anass Lamrabat,97.712724,15.744341,97.712724,4,medium_research_only,SAME_ROLE_ONLY;RESEARCH_ONLY;SAMPLE_TOO_SMALL_LOCAL_11_MATCHES_NOT_PRODUCTION_READY,True,False
FB,142789,Oussama Soukhane,314451,Houdaifa El Mahasni,90.505915,17.339705,90.505915,4,medium_research_only,SAME_ROLE_ONLY;RESEARCH_ONLY;SAMPLE_TOO_SMALL_LOCAL_11_MATCHES_NOT_PRODUCTION_READY,True,False
FB,142789,Oussama Soukhane,337496,Haytam Manaout,82.553018,22.106589,82.553018,4,medium_research_only,SAME_ROLE_ONLY;RESEARCH_ONLY;SAMPLE_TOO_SMALL_LOCAL_11_MATCHES_NOT_PRODUCTION_READY,True,False
FB,142789,Oussama Soukhane,339278,Chemseddine Knaidil,87.863319,19.092158,87.863319,4,medium_research_only,SAME_ROLE_ONLY;RESEARCH_ONLY;SAMPLE_TOO_SMALL_LOCAL_11_MATCHES_NOT_PRODUCTION_READY,True,False
FB,142789,Oussama Soukhane,405342,Guilherme Ferreira de Oliveira,53.630452,99.240371,53.630452,4,medium_research_only,SAME_ROLE_ONLY;RESEARCH_ONLY;SAMPLE_TOO_SMALL_LOCAL_11_MATCHES_NOT_PRODUCTION_READY,True,False
FB,142789,Oussama Soukhane,406864,Hamza Malki,76.39792,27.109015,76.39792,4,medium_research_only,SAME_ROLE_ONLY;RESEARCH_ONLY;SAMPLE_TOO_SMALL_LOCAL_11_MATCHES_NOT_PRODUCTION_READY,True,False
FB,142789,Oussama Soukhane,409454,Ayoub Tine,96.78023,20.876059,96.78023,4,medium_research_only,SAME_ROLE_ONLY;RESEARCH_ONLY;SAMPLE_TOO_SMALL_LOCAL_11_MATCHES_NOT_PRODUCTION_READY,True,False
FB,142789,Oussama Soukhane,442100,Marouane Ouhrou,57.669181,28.743628,57.669181,4,medium_research_only,SAME_ROLE_ONLY;RESEARCH_ONLY;SAMPLE_TOO_SMALL_LOCAL_11_MATCHES_NOT_PRODUCTION_READY,True,False
FB,142789,Oussama Soukhane,442286,Oussama Daoui,93.765245,24.833442,93.765245,4,medium_research_only,SAME_ROLE_ONLY;RESEARCH_ONLY;SAMPLE_TOO_SMALL_LOCAL_11_MATCHES_NOT_PRODUCTION_READY,True,False
FB,142789,Oussama Soukhane,442926,Ousmane Diallo,82.549495,22.997538,82.549495,4,medium_research_only,SAME_ROLE_ONLY;RESEARCH_ONLY;SAMPLE_TOO_SMALL_LOCAL_11_MATCHES_NOT_PRODUCTION_READY,True,False
FB,142789,Oussama Soukhane,477677,Yassine Boughaz,57.654232,28.850091,57.654232,4,medium_research_only,SAME_ROLE_ONLY;RESEARCH_ONLY;SAMPLE_TOO_SMALL_LOCAL_11_MATCHES_NOT_PRODUCTION_READY,True,False
FB,142789,Oussama Soukhane,522352,Hamza Fassoukh,87.150645,20.099949,87.150645,4,medium_research_only,SAME_ROLE_ONLY;RESEARCH_ONLY;SAMPLE_TOO_SMALL_LOCAL_11_MATCHES_NOT_PRODUCTION_READY,True,False
FB,142789,Oussama Soukhane,523288,Abdelali Khouch,99.134136,7.775078,99.134136,4,medium_research_only,SAME_ROLE_ONLY;RESEARCH_ONLY;SAMPLE_TOO_SMALL_LOCAL_11_MATCHES_NOT_PRODUCTION_READY,True,False
FB,142789,Oussama Soukhane,523293,Nassim Azzoubairi,82.412177,22.822419,82.412177,4,medium_research_only,SAME_ROLE_ONLY;RESEARCH_ONLY;SAMPLE_TOO_SMALL_LOCAL_11_MATCHES_NOT_PRODUCTION_READY,True,False
FB,142789,Oussama Soukhane,523299,Youness Noussir,99.781617,14.447514,99.781617,4,medium_research_only,SAME_ROLE_ONLY;RESEARCH_ONLY;SAMPLE_TOO_SMALL_LOCAL_11_MATCHES_NOT_PRODUCTION_READY,True,False
FB,142789,Oussama Soukhane,523318,Younes El Khafi,66.905745,27.618137,66.905745,4,medium_research_only,SAME_ROLE_ONLY;RESEARCH_ONLY;SAMPLE_TOO_SMALL_LOCAL_11_MATCHES_NOT_PRODUCTION_READY,True,False
FB,142789,Oussama Soukhane,523998,Zakaria Aiada,85.395433,22.621208,85.395433,4,medium_research_only,SAME_ROLE_ONLY;RESEARCH_ONLY;SAMPLE_TOO_SMALL_LOCAL_11_MATCHES_NOT_PRODUCTION_READY,True,False
FB,143163,Hamza Semmoumy,144331,Oussama Raoui,99.430208,57.605949,99.430208,4,medium_research_only,SAME_ROLE_ONLY;RESEARCH_ONLY;SAMPLE_TOO_SMALL_LOCAL_11_MATCHES_NOT_PRODUCTION_READY,True,False
FB,143163,Hamza Semmoumy,152015,Zakaria Kiani,80.077202,16.695854,80.077202,4,medium_research_only,SAME_ROLE_ONLY;RESEARCH_ONLY;SAMPLE_TOO_SMALL_LOCAL_11_MATCHES_NOT_PRODUCTION_READY,True,False
FB,143163,Hamza Semmoumy,178342,Ettayb Boukhriss,86.057157,19.771054,86.057157,4,medium_research_only,SAME_ROLE_ONLY;RESEARCH_ONLY;SAMPLE_TOO_SMALL_LOCAL_11_MATCHES_NOT_PRODUCTION_READY,True,False
FB,143163,Hamza Semmoumy,312413,Soulaimane El Bouchqali,93.237381,8.136596,93.237381,4,medium_research_only,SAME_ROLE_ONLY;RESEARCH_ONLY;SAMPLE_TOO_SMALL_LOCAL_11_MATCHES_NOT_PRODUCTION_READY,True,False
FB,143163,Hamza Semmoumy,313287,Redouane Ait Lemkadem,86.467508,14.361376,86.467508,4,medium_research_only,SAME_ROLE_ONLY;RESEARCH_ONLY;SAMPLE_TOO_SMALL_LOCAL_11_MATCHES_NOT_PRODUCTION_READY,True,False
FB,143163,Hamza Semmoumy,313974,Mohamed El Abdi,96.738381,5.552203,96.738381,4,medium_research_only,SAME_ROLE_ONLY;RESEARCH_ONLY;SAMPLE_TOO_SMALL_LOCAL_11_MATCHES_NOT_PRODUCTION_READY,True,False
FB,143163,Hamza Semmoumy,314450,Anass Lamrabat,99.95053,2.724136,99.95053,4,medium_research_only,SAME_ROLE_ONLY;RESEARCH_ONLY;SAMPLE_TOO_SMALL_LOCAL_11_MATCHES_NOT_PRODUCTION_READY,True,False
FB,143163,Hamza Semmoumy,314451,Houdaifa El Mahasni,97.969145,9.451439,97.969145,4,medium_research_only,SAME_ROLE_ONLY;RESEARCH_ONLY;SAMPLE_TOO_SMALL_LOCAL_11_MATCHES_NOT_PRODUCTION_READY,True,False
FB,143163,Hamza Semmoumy,337496,Haytam Manaout,93.465255,9.120371,93.465255,4,medium_research_only,SAME_ROLE_ONLY;RESEARCH_ONLY;SAMPLE_TOO_SMALL_LOCAL_11_MATCHES_NOT_PRODUCTION_READY,True,False
FB,143163,Hamza Semmoumy,339278,Chemseddine Knaidil,96.597426,13.713406,96.597426,4,medium_research_only,SAME_ROLE_ONLY;RESEARCH_ONLY;SAMPLE_TOO_SMALL_LOCAL_11_MATCHES_NOT_PRODUCTION_READY,True,False
FB,143163,Hamza Semmoumy,405342,Guilherme Ferreira de Oliveira,60.56776,95.221344,60.56776,4,medium_research_only,SAME_ROLE_ONLY;RESEARCH_ONLY;SAMPLE_TOO_SMALL_LOCAL_11_MATCHES_NOT_PRODUCTION_READY,True,False
FB,143163,Hamza Semmoumy,406864,Hamza Malki,88.991543,18.814861,88.991543,4,medium_research_only,SAME_ROLE_ONLY;RESEARCH_ONLY;SAMPLE_TOO_SMALL_LOCAL_11_MATCHES_NOT_PRODUCTION_READY,True,False
FB,143163,Hamza Semmoumy,409454,Ayoub Tine,99.966444,2.957416,99.966444,4,medium_research_only,SAME_ROLE_ONLY;RESEARCH_ONLY;SAMPLE_TOO_SMALL_LOCAL_11_MATCHES_NOT_PRODUCTION_READY,True,False
FB,143163,Hamza Semmoumy,442100,Marouane Ouhrou,73.897313,10.480814,73.897313,4,medium_research_only,SAME_ROLE_ONLY;RESEARCH_ONLY;SAMPLE_TOO_SMALL_LOCAL_11_MATCHES_NOT_PRODUCTION_READY,True,False
FB,143163,Hamza Semmoumy,442286,Oussama Daoui,99.260089,7.104009,99.260089,4,medium_research_only,SAME_ROLE_ONLY;RESEARCH_ONLY;SAMPLE_TOO_SMALL_LOCAL_11_MATCHES_NOT_PRODUCTION_READY,True,False
FB,143163,Hamza Semmoumy,442926,Ousmane Diallo,93.419593,6.251983,93.419593,4,medium_research_only,SAME_ROLE_ONLY;RESEARCH_ONLY;SAMPLE_TOO_SMALL_LOCAL_11_MATCHES_NOT_PRODUCTION_READY,True,False
FB,143163,Hamza Semmoumy,477677,Yassine Boughaz,73.892693,10.602181,73.892693,4,medium_research_only,SAME_ROLE_ONLY;RESEARCH_ONLY;SAMPLE_TOO_SMALL_LOCAL_11_MATCHES_NOT_PRODUCTION_READY,True,False
FB,143163,Hamza Semmoumy,522352,Hamza Fassoukh,96.095699,7.174583,96.095699,4,medium_research_only,SAME_ROLE_ONLY;RESEARCH_ONLY;SAMPLE_TOO_SMALL_LOCAL_11_MATCHES_NOT_PRODUCTION_READY,True,False
FB,143163,Hamza Semmoumy,523288,Abdelali Khouch,94.311701,13.543122,94.311701,4,medium_research_only,SAME_ROLE_ONLY;RESEARCH_ONLY;SAMPLE_TOO_SMALL_LOCAL_11_MATCHES_NOT_PRODUCTION_READY,True,False
FB,143163,Hamza Semmoumy,523293,Nassim Azzoubairi,93.361458,6.594968,93.361458,4,medium_research_only,SAME_ROLE_ONLY;RESEARCH_ONLY;SAMPLE_TOO_SMALL_LOCAL_11_MATCHES_NOT_PRODUCTION_READY,True,False
FB,143163,Hamza Semmoumy,523299,Youness Noussir,97.924326,4.738108,97.924326,4,medium_research_only,SAME_ROLE_ONLY;RESEARCH_ONLY;SAMPLE_TOO_SMALL_LOCAL_11_MATCHES_NOT_PRODUCTION_READY,True,False
FB,143163,Hamza Semmoumy,523318,Younes El Khafi,81.80065,11.071575,81.80065,4,medium_research_only,SAME_ROLE_ONLY;RESEARCH_ONLY;SAMPLE_TOO_SMALL_LOCAL_11_MATCHES_NOT_PRODUCTION_READY,True,False
FB,143163,Hamza Semmoumy,523998,Zakaria Aiada,95.229787,5.091149,95.229787,4,medium_research_only,SAME_ROLE_ONLY;RESEARCH_ONLY;SAMPLE_TOO_SMALL_LOCAL_11_MATCHES_NOT_PRODUCTION_READY,True,False
FB,144331,Oussama Raoui,152015,Zakaria Kiani,85.057459,56.717481,85.057459,4,medium_research_only,SAME_ROLE_ONLY;RESEARCH_ONLY;SAMPLE_TOO_SMALL_LOCAL_11_MATCHES_NOT_PRODUCTION_READY,True,False
FB,144331,Oussama Raoui,178342,Ettayb Boukhriss,90.063498,50.644975,90.063498,4,medium_research_only,SAME_ROLE_ONLY;RESEARCH_ONLY;SAMPLE_TOO_SMALL_LOCAL_11_MATCHES_NOT_PRODUCTION_READY,True,False
FB,144331,Oussama Raoui,312413,Soulaimane El Bouchqali,88.965759,57.89649,88.965759,4,medium_research_only,SAME_ROLE_ONLY;RESEARCH_ONLY;SAMPLE_TOO_SMALL_LOCAL_11_MATCHES_NOT_PRODUCTION_READY,True,False
FB,144331,Oussama Raoui,313287,Redouane Ait Lemkadem,90.617996,54.044635,90.617996,4,medium_research_only,SAME_ROLE_ONLY;RESEARCH_ONLY;SAMPLE_TOO_SMALL_LOCAL_11_MATCHES_NOT_PRODUCTION_READY,True,False
FB,144331,Oussama Raoui,313974,Mohamed El Abdi,98.660212,55.132355,98.660212,4,medium_research_only,SAME_ROLE_ONLY;RESEARCH_ONLY;SAMPLE_TOO_SMALL_LOCAL_11_MATCHES_NOT_PRODUCTION_READY,True,False
FB,144331,Oussama Raoui,314450,Anass Lamrabat,99.083892,55.119293,99.083892,4,medium_research_only,SAME_ROLE_ONLY;RESEARCH_ONLY;SAMPLE_TOO_SMALL_LOCAL_11_MATCHES_NOT_PRODUCTION_READY,True,False
FB,144331,Oussama Raoui,314451,Houdaifa El Mahasni,99.358998,49.460479,99.358998,4,medium_research_only,SAME_ROLE_ONLY;RESEARCH_ONLY;SAMPLE_TOO_SMALL_LOCAL_11_MATCHES_NOT_PRODUCTION_READY,True,False
FB,144331,Oussama Raoui,337496,Haytam Manaout,95.948674,53.882083,95.948674,4,medium_research_only,SAME_ROLE_ONLY;RESEARCH_ONLY;SAMPLE_TOO_SMALL_LOCAL_11_MATCHES_NOT_PRODUCTION_READY,True,False
FB,144331,Oussama Raoui,339278,Chemseddine Knaidil,98.534143,46.312512,98.534143,4,medium_research_only,SAME_ROLE_ONLY;RESEARCH_ONLY;SAMPLE_TOO_SMALL_LOCAL_11_MATCHES_NOT_PRODUCTION_READY,True,False
FB,144331,Oussama Raoui,405342,Guilherme Ferreira de Oliveira,59.161294,108.443117,59.161294,4,medium_research_only,SAME_ROLE_ONLY;RESEARCH_ONLY;SAMPLE_TOO_SMALL_LOCAL_11_MATCHES_NOT_PRODUCTION_READY,True,False
FB,144331,Oussama Raoui,406864,Hamza Malki,92.832501,48.582322,92.832501,4,medium_research_only,SAME_ROLE_ONLY;RESEARCH_ONLY;SAMPLE_TOO_SMALL_LOCAL_11_MATCHES_NOT_PRODUCTION_READY,True,False
FB,144331,Oussama Raoui,409454,Ayoub Tine,99.582122,60.461297,99.582122,4,medium_research_only,SAME_ROLE_ONLY;RESEARCH_ONLY;SAMPLE_TOO_SMALL_LOCAL_11_MATCHES_NOT_PRODUCTION_READY,True,False
FB,144331,Oussama Raoui,442100,Marouane Ouhrou,79.068968,66.10428,79.068968,4,medium_research_only,SAME_ROLE_ONLY;RESEARCH_ONLY;SAMPLE_TOO_SMALL_LOCAL_11_MATCHES_NOT_PRODUCTION_READY,True,False
FB,144331,Oussama Raoui,442286,Oussama Daoui,99.390883,64.486839,99.390883,4,medium_research_only,SAME_ROLE_ONLY;RESEARCH_ONLY;SAMPLE_TOO_SMALL_LOCAL_11_MATCHES_NOT_PRODUCTION_READY,True,False
FB,144331,Oussama Raoui,442926,Ousmane Diallo,96.116349,58.147445,96.116349,4,medium_research_only,SAME_ROLE_ONLY;RESEARCH_ONLY;SAMPLE_TOO_SMALL_LOCAL_11_MATCHES_NOT_PRODUCTION_READY,True,False
FB,144331,Oussama Raoui,477677,Yassine Boughaz,79.04714,65.395153,79.04714,4,medium_research_only,SAME_ROLE_ONLY;RESEARCH_ONLY;SAMPLE_TOO_SMALL_LOCAL_11_MATCHES_NOT_PRODUCTION_READY,True,False
FB,144331,Oussama Raoui,522352,Hamza Fassoukh,98.317946,53.608063,98.317946,4,medium_research_only,SAME_ROLE_ONLY;RESEARCH_ONLY;SAMPLE_TOO_SMALL_LOCAL_11_MATCHES_NOT_PRODUCTION_READY,True,False
FB,144331,Oussama Raoui,523288,Abdelali Khouch,90.563272,52.505125,90.563272,4,medium_research_only,SAME_ROLE_ONLY;RESEARCH_ONLY;SAMPLE_TOO_SMALL_LOCAL_11_MATCHES_NOT_PRODUCTION_READY,True,False
FB,144331,Oussama Raoui,523293,Nassim Azzoubairi,95.987954,57.454421,95.987954,4,medium_research_only,SAME_ROLE_ONLY;RESEARCH_ONLY;SAMPLE_TOO_SMALL_LOCAL_11_MATCHES_NOT_PRODUCTION_READY,True,False
FB,144331,Oussama Raoui,523299,Youness Noussir,95.410864,56.329421,95.410864,4,medium_research_only,SAME_ROLE_ONLY;RESEARCH_ONLY;SAMPLE_TOO_SMALL_LOCAL_11_MATCHES_NOT_PRODUCTION_READY,True,False
FB,144331,Oussama Raoui,523318,Younes El Khafi,86.232117,60.165358,86.232117,4,medium_research_only,SAME_ROLE_ONLY;RESEARCH_ONLY;SAMPLE_TOO_SMALL_LOCAL_11_MATCHES_NOT_PRODUCTION_READY,True,False
FB,144331,Oussama Raoui,523998,Zakaria Aiada,97.178649,59.067707,97.178649,4,medium_research_only,SAME_ROLE_ONLY;RESEARCH_ONLY;SAMPLE_TOO_SMALL_LOCAL_11_MATCHES_NOT_PRODUCTION_READY,True,False
FB,152015,Zakaria Kiani,178342,Ettayb Boukhriss,99.273039,6.955424,99.273039,4,medium_research_only,SAME_ROLE_ONLY;RESEARCH_ONLY;SAMPLE_TOO_SMALL_LOCAL_11_MATCHES_NOT_PRODUCTION_READY,True,False
FB,152015,Zakaria Kiani,312413,Soulaimane El Bouchqali,58.332943,24.007619,58.332943,4,medium_research_only,SAME_ROLE_ONLY;RESEARCH_ONLY;SAMPLE_TOO_SMALL_LOCAL_11_MATCHES_NOT_PRODUCTION_READY,True,False
FB,152015,Zakaria Kiani,313287,Redouane Ait Lemkadem,99.257919,3.585334,99.257919,4,medium_research_only,SAME_ROLE_ONLY;RESEARCH_ONLY;SAMPLE_TOO_SMALL_LOCAL_11_MATCHES_NOT_PRODUCTION_READY,True,False
FB,152015,Zakaria Kiani,313974,Mohamed El Abdi,92.230671,11.551762,92.230671,4,medium_research_only,SAME_ROLE_ONLY;RESEARCH_ONLY;SAMPLE_TOO_SMALL_LOCAL_11_MATCHES_NOT_PRODUCTION_READY,True,False
FB,152015,Zakaria Kiani,314450,Anass Lamrabat,78.340782,17.424643,78.340782,4,medium_research_only,SAME_ROLE_ONLY;RESEARCH_ONLY;SAMPLE_TOO_SMALL_LOCAL_11_MATCHES_NOT_PRODUCTION_READY,True,False
FB,152015,Zakaria Kiani,314451,Houdaifa El Mahasni,90.099559,12.964399,90.099559,4,medium_research_only,SAME_ROLE_ONLY;RESEARCH_ONLY;SAMPLE_TOO_SMALL_LOCAL_11_MATCHES_NOT_PRODUCTION_READY,True,False
FB,152015,Zakaria Kiani,337496,Haytam Manaout,95.640484,8.704004,95.640484,4,medium_research_only,SAME_ROLE_ONLY;RESEARCH_ONLY;SAMPLE_TOO_SMALL_LOCAL_11_MATCHES_NOT_PRODUCTION_READY,True,False
FB,152015,Zakaria Kiani,339278,Chemseddine Knaidil,92.499934,12.717241,92.499934,4,medium_research_only,SAME_ROLE_ONLY;RESEARCH_ONLY;SAMPLE_TOO_SMALL_LOCAL_11_MATCHES_NOT_PRODUCTION_READY,True,False
FB,152015,Zakaria Kiani,405342,Guilherme Ferreira de Oliveira,65.96726,92.498696,65.96726,4,medium_research_only,SAME_ROLE_ONLY;RESEARCH_ONLY;SAMPLE_TOO_SMALL_LOCAL_11_MATCHES_NOT_PRODUCTION_READY,True,False
FB,152015,Zakaria Kiani,406864,Hamza Malki,98.397009,8.241847,98.397009,4,medium_research_only,SAME_ROLE_ONLY;RESEARCH_ONLY;SAMPLE_TOO_SMALL_LOCAL_11_MATCHES_NOT_PRODUCTION_READY,True,False
FB,152015,Zakaria Kiani,409454,Ayoub Tine,80.777587,16.905898,80.777587,4,medium_research_only,SAME_ROLE_ONLY;RESEARCH_ONLY;SAMPLE_TOO_SMALL_LOCAL_11_MATCHES_NOT_PRODUCTION_READY,True,False
FB,152015,Zakaria Kiani,442100,Marouane Ouhrou,99.201296,15.094775,99.201296,4,medium_research_only,SAME_ROLE_ONLY;RESEARCH_ONLY;SAMPLE_TOO_SMALL_LOCAL_11_MATCHES_NOT_PRODUCTION_READY,True,False
FB,152015,Zakaria Kiani,442286,Oussama Daoui,85.355063,17.734158,85.355063,4,medium_research_only,SAME_ROLE_ONLY;RESEARCH_ONLY;SAMPLE_TOO_SMALL_LOCAL_11_MATCHES_NOT_PRODUCTION_READY,True,False
FB,152015,Zakaria Kiani,442926,Ousmane Diallo,95.860862,10.728755,95.860862,4,medium_research_only,SAME_ROLE_ONLY;RESEARCH_ONLY;SAMPLE_TOO_SMALL_LOCAL_11_MATCHES_NOT_PRODUCTION_READY,True,False
FB,152015,Zakaria Kiani,477677,Yassine Boughaz,99.188044,13.755287,99.188044,4,medium_research_only,SAME_ROLE_ONLY;RESEARCH_ONLY;SAMPLE_TOO_SMALL_LOCAL_11_MATCHES_NOT_PRODUCTION_READY,True,False
FB,152015,Zakaria Kiani,522352,Hamza Fassoukh,93.04557,10.729959,93.04557,4,medium_research_only,SAME_ROLE_ONLY;RESEARCH_ONLY;SAMPLE_TOO_SMALL_LOCAL_11_MATCHES_NOT_PRODUCTION_READY,True,False
FB,152015,Zakaria Kiani,523288,Abdelali Khouch,58.449837,28.290625,58.449837,4,medium_research_only,SAME_ROLE_ONLY;RESEARCH_ONLY;SAMPLE_TOO_SMALL_LOCAL_11_MATCHES_NOT_PRODUCTION_READY,True,False
FB,152015,Zakaria Kiani,523293,Nassim Azzoubairi,95.865476,10.223378,95.865476,4,medium_research_only,SAME_ROLE_ONLY;RESEARCH_ONLY;SAMPLE_TOO_SMALL_LOCAL_11_MATCHES_NOT_PRODUCTION_READY,True,False
FB,152015,Zakaria Kiani,523299,Youness Noussir,67.469723,20.933737,67.469723,4,medium_research_only,SAME_ROLE_ONLY;RESEARCH_ONLY;SAMPLE_TOO_SMALL_LOCAL_11_MATCHES_NOT_PRODUCTION_READY,True,False
FB,152015,Zakaria Kiani,523318,Younes El Khafi,99.742786,7.350279,99.742786,4,medium_research_only,SAME_ROLE_ONLY;RESEARCH_ONLY;SAMPLE_TOO_SMALL_LOCAL_11_MATCHES_NOT_PRODUCTION_READY,True,False
FB,152015,Zakaria Kiani,523998,Zakaria Aiada,93.813571,12.409098,93.813571,4,medium_research_only,SAME_ROLE_ONLY;RESEARCH_ONLY;SAMPLE_TOO_SMALL_LOCAL_11_MATCHES_NOT_PRODUCTION_READY,True,False
FB,178342,Ettayb Boukhriss,312413,Soulaimane El Bouchqali,66.514228,26.044626,66.514228,4,medium_research_only,SAME_ROLE_ONLY;RESEARCH_ONLY;SAMPLE_TOO_SMALL_LOCAL_11_MATCHES_NOT_PRODUCTION_READY,True,False
FB,178342,Ettayb Boukhriss,313287,Redouane Ait Lemkadem,99.921199,6.18639,99.921199,4,medium_research_only,SAME_ROLE_ONLY;RESEARCH_ONLY;SAMPLE_TOO_SMALL_LOCAL_11_MATCHES_NOT_PRODUCTION_READY,True,False
FB,178342,Ettayb Boukhriss,313974,Mohamed El Abdi,95.851485,14.311128,95.851485,4,medium_research_only,SAME_ROLE_ONLY;RESEARCH_ONLY;SAMPLE_TOO_SMALL_LOCAL_11_MATCHES_NOT_PRODUCTION_READY,True,False
FB,178342,Ettayb Boukhriss,314450,Anass Lamrabat,84.565516,19.561303,84.565516,4,medium_research_only,SAME_ROLE_ONLY;RESEARCH_ONLY;SAMPLE_TOO_SMALL_LOCAL_11_MATCHES_NOT_PRODUCTION_READY,True,False
FB,178342,Ettayb Boukhriss,314451,Houdaifa El Mahasni,94.272217,12.764377,94.272217,4,medium_research_only,SAME_ROLE_ONLY;RESEARCH_ONLY;SAMPLE_TOO_SMALL_LOCAL_11_MATCHES_NOT_PRODUCTION_READY,True,False
FB,178342,Ettayb Boukhriss,337496,Haytam Manaout,98.403516,10.709202,98.403516,4,medium_research_only,SAME_ROLE_ONLY;RESEARCH_ONLY;SAMPLE_TOO_SMALL_LOCAL_11_MATCHES_NOT_PRODUCTION_READY,True,False
FB,178342,Ettayb Boukhriss,339278,Chemseddine Knaidil,96.07084,10.32774,96.07084,4,medium_research_only,SAME_ROLE_ONLY;RESEARCH_ONLY;SAMPLE_TOO_SMALL_LOCAL_11_MATCHES_NOT_PRODUCTION_READY,True,False
FB,178342,Ettayb Boukhriss,405342,Guilherme Ferreira de Oliveira,68.491234,90.627497,68.491234,4,medium_research_only,SAME_ROLE_ONLY;RESEARCH_ONLY;SAMPLE_TOO_SMALL_LOCAL_11_MATCHES_NOT_PRODUCTION_READY,True,False
FB,178342,Ettayb Boukhriss,406864,Hamza Malki,99.608147,3.326218,99.608147,4,medium_research_only,SAME_ROLE_ONLY;RESEARCH_ONLY;SAMPLE_TOO_SMALL_LOCAL_11_MATCHES_NOT_PRODUCTION_READY,True,False
FB,178342,Ettayb Boukhriss,409454,Ayoub Tine,86.628749,20.890802,86.628749,4,medium_research_only,SAME_ROLE_ONLY;RESEARCH_ONLY;SAMPLE_TOO_SMALL_LOCAL_11_MATCHES_NOT_PRODUCTION_READY,True,False
FB,178342,Ettayb Boukhriss,442100,Marouane Ouhrou,97.631762,20.999698,97.631762,4,medium_research_only,SAME_ROLE_ONLY;RESEARCH_ONLY;SAMPLE_TOO_SMALL_LOCAL_11_MATCHES_NOT_PRODUCTION_READY,True,False
FB,178342,Ettayb Boukhriss,442286,Oussama Daoui,90.715943,22.715662,90.715943,4,medium_research_only,SAME_ROLE_ONLY;RESEARCH_ONLY;SAMPLE_TOO_SMALL_LOCAL_11_MATCHES_NOT_PRODUCTION_READY,True,False
FB,178342,Ettayb Boukhriss,442926,Ousmane Diallo,98.477846,14.870177,98.477846,4,medium_research_only,SAME_ROLE_ONLY;RESEARCH_ONLY;SAMPLE_TOO_SMALL_LOCAL_11_MATCHES_NOT_PRODUCTION_READY,True,False
FB,178342,Ettayb Boukhriss,477677,Yassine Boughaz,97.613424,19.727981,97.613424,4,medium_research_only,SAME_ROLE_ONLY;RESEARCH_ONLY;SAMPLE_TOO_SMALL_LOCAL_11_MATCHES_NOT_PRODUCTION_READY,True,False
FB,178342,Ettayb Boukhriss,522352,Hamza Fassoukh,96.337346,12.873286,96.337346,4,medium_research_only,SAME_ROLE_ONLY;RESEARCH_ONLY;SAMPLE_TOO_SMALL_LOCAL_11_MATCHES_NOT_PRODUCTION_READY,True,False
FB,178342,Ettayb Boukhriss,523288,Abdelali Khouch,66.420419,28.836169,66.420419,4,medium_research_only,SAME_ROLE_ONLY;RESEARCH_ONLY;SAMPLE_TOO_SMALL_LOCAL_11_MATCHES_NOT_PRODUCTION_READY,True,False
FB,178342,Ettayb Boukhriss,523293,Nassim Azzoubairi,98.506892,14.115296,98.506892,4,medium_research_only,SAME_ROLE_ONLY;RESEARCH_ONLY;SAMPLE_TOO_SMALL_LOCAL_11_MATCHES_NOT_PRODUCTION_READY,True,False
FB,178342,Ettayb Boukhriss,523299,Youness Noussir,74.796434,23.119452,74.796434,4,medium_research_only,SAME_ROLE_ONLY;RESEARCH_ONLY;SAMPLE_TOO_SMALL_LOCAL_11_MATCHES_NOT_PRODUCTION_READY,True,False
FB,178342,Ettayb Boukhriss,523318,Younes El Khafi,99.63837,13.029356,99.63837,4,medium_research_only,SAME_ROLE_ONLY;RESEARCH_ONLY;SAMPLE_TOO_SMALL_LOCAL_11_MATCHES_NOT_PRODUCTION_READY,True,False
FB,178342,Ettayb Boukhriss,523998,Zakaria Aiada,97.231931,16.536643,97.231931,4,medium_research_only,SAME_ROLE_ONLY;RESEARCH_ONLY;SAMPLE_TOO_SMALL_LOCAL_11_MATCHES_NOT_PRODUCTION_READY,True,False
FB,312413,Soulaimane El Bouchqali,313287,Redouane Ait Lemkadem,66.364545,21.419682,66.364545,4,medium_research_only,SAME_ROLE_ONLY;RESEARCH_ONLY;SAMPLE_TOO_SMALL_LOCAL_11_MATCHES_NOT_PRODUCTION_READY,True,False
FB,312413,Soulaimane El Bouchqali,313974,Mohamed El Abdi,82.246421,12.913691,82.246421,4,medium_research_only,SAME_ROLE_ONLY;RESEARCH_ONLY;SAMPLE_TOO_SMALL_LOCAL_11_MATCHES_NOT_PRODUCTION_READY,True,False
FB,312413,Soulaimane El Bouchqali,314450,Anass Lamrabat,94.176089,7.435751,94.176089,4,medium_research_only,SAME_ROLE_ONLY;RESEARCH_ONLY;SAMPLE_TOO_SMALL_LOCAL_11_MATCHES_NOT_PRODUCTION_READY,True,False
FB,312413,Soulaimane El Bouchqali,314451,Houdaifa El Mahasni,85.043016,14.552712,85.043016,4,medium_research_only,SAME_ROLE_ONLY;RESEARCH_ONLY;SAMPLE_TOO_SMALL_LOCAL_11_MATCHES_NOT_PRODUCTION_READY,True,False
FB,312413,Soulaimane El Bouchqali,337496,Haytam Manaout,77.71242,15.70613,77.71242,4,medium_research_only,SAME_ROLE_ONLY;RESEARCH_ONLY;SAMPLE_TOO_SMALL_LOCAL_11_MATCHES_NOT_PRODUCTION_READY,True,False
FB,312413,Soulaimane El Bouchqali,339278,Chemseddine Knaidil,82.097258,18.505268,82.097258,4,medium_research_only,SAME_ROLE_ONLY;RESEARCH_ONLY;SAMPLE_TOO_SMALL_LOCAL_11_MATCHES_NOT_PRODUCTION_READY,True,False
FB,312413,Soulaimane El Bouchqali,405342,Guilherme Ferreira de Oliveira,63.325456,94.05396,63.325456,4,medium_research_only,SAME_ROLE_ONLY;RESEARCH_ONLY;SAMPLE_TOO_SMALL_LOCAL_11_MATCHES_NOT_PRODUCTION_READY,True,False
FB,312413,Soulaimane El Bouchqali,406864,Hamza Malki,69.46413,25.081563,69.46413,4,medium_research_only,SAME_ROLE_ONLY;RESEARCH_ONLY;SAMPLE_TOO_SMALL_LOCAL_11_MATCHES_NOT_PRODUCTION_READY,True,False
FB,312413,Soulaimane El Bouchqali,409454,Ayoub Tine,92.574114,9.426659,92.574114,4,medium_research_only,SAME_ROLE_ONLY;RESEARCH_ONLY;SAMPLE_TOO_SMALL_LOCAL_11_MATCHES_NOT_PRODUCTION_READY,True,False
FB,312413,Soulaimane El Bouchqali,442100,Marouane Ouhrou,52.59955,16.602531,52.59955,4,medium_research_only,SAME_ROLE_ONLY;RESEARCH_ONLY;SAMPLE_TOO_SMALL_LOCAL_11_MATCHES_NOT_PRODUCTION_READY,True,False
FB,312413,Soulaimane El Bouchqali,442286,Oussama Daoui,90.28293,12.191819,90.28293,4,medium_research_only,SAME_ROLE_ONLY;RESEARCH_ONLY;SAMPLE_TOO_SMALL_LOCAL_11_MATCHES_NOT_PRODUCTION_READY,True,False
FB,312413,Soulaimane El Bouchqali,442926,Ousmane Diallo,76.939319,13.875919,76.939319,4,medium_research_only,SAME_ROLE_ONLY;RESEARCH_ONLY;SAMPLE_TOO_SMALL_LOCAL_11_MATCHES_NOT_PRODUCTION_READY,True,False
FB,312413,Soulaimane El Bouchqali,477677,Yassine Boughaz,52.666361,17.071502,52.666361,4,medium_research_only,SAME_ROLE_ONLY;RESEARCH_ONLY;SAMPLE_TOO_SMALL_LOCAL_11_MATCHES_NOT_PRODUCTION_READY,True,False
FB,312413,Soulaimane El Bouchqali,522352,Hamza Fassoukh,80.72514,14.196423,80.72514,4,medium_research_only,SAME_ROLE_ONLY;RESEARCH_ONLY;SAMPLE_TOO_SMALL_LOCAL_11_MATCHES_NOT_PRODUCTION_READY,True,False
FB,312413,Soulaimane El Bouchqali,523288,Abdelali Khouch,99.068447,8.009088,99.068447,4,medium_research_only,SAME_ROLE_ONLY;RESEARCH_ONLY;SAMPLE_TOO_SMALL_LOCAL_11_MATCHES_NOT_PRODUCTION_READY,True,False
FB,312413,Soulaimane El Bouchqali,523293,Nassim Azzoubairi,77.144946,14.067776,77.144946,4,medium_research_only,SAME_ROLE_ONLY;RESEARCH_ONLY;SAMPLE_TOO_SMALL_LOCAL_11_MATCHES_NOT_PRODUCTION_READY,True,False
FB,312413,Soulaimane El Bouchqali,523299,Youness Noussir,97.979337,4.475018,97.979337,4,medium_research_only,SAME_ROLE_ONLY;RESEARCH_ONLY;SAMPLE_TOO_SMALL_LOCAL_11_MATCHES_NOT_PRODUCTION_READY,True,False
FB,312413,Soulaimane El Bouchqali,523318,Younes El Khafi,61.597401,18.391025,61.597401,4,medium_research_only,SAME_ROLE_ONLY;RESEARCH_ONLY;SAMPLE_TOO_SMALL_LOCAL_11_MATCHES_NOT_PRODUCTION_READY,True,False
FB,312413,Soulaimane El Bouchqali,523998,Zakaria Aiada,80.928762,12.494324,80.928762,4,medium_research_only,SAME_ROLE_ONLY;RESEARCH_ONLY;SAMPLE_TOO_SMALL_LOCAL_11_MATCHES_NOT_PRODUCTION_READY,True,False
FB,313287,Redouane Ait Lemkadem,313974,Mohamed El Abdi,96.192827,8.913681,96.192827,4,medium_research_only,SAME_ROLE_ONLY;RESEARCH_ONLY;SAMPLE_TOO_SMALL_LOCAL_11_MATCHES_NOT_PRODUCTION_READY,True,False
FB,313287,Redouane Ait Lemkadem,314450,Anass Lamrabat,84.977099,14.663637,84.977099,4,medium_research_only,SAME_ROLE_ONLY;RESEARCH_ONLY;SAMPLE_TOO_SMALL_LOCAL_11_MATCHES_NOT_PRODUCTION_READY,True,False
FB,313287,Redouane Ait Lemkadem,314451,Houdaifa El Mahasni,94.620027,9.465055,94.620027,4,medium_research_only,SAME_ROLE_ONLY;RESEARCH_ONLY;SAMPLE_TOO_SMALL_LOCAL_11_MATCHES_NOT_PRODUCTION_READY,True,False
FB,313287,Redouane Ait Lemkadem,337496,Haytam Manaout,98.38517,5.75653,98.38517,4,medium_research_only,SAME_ROLE_ONLY;RESEARCH_ONLY;SAMPLE_TOO_SMALL_LOCAL_11_MATCHES_NOT_PRODUCTION_READY,True,False
FB,313287,Redouane Ait Lemkadem,339278,Chemseddine Knaidil,96.376907,9.209113,96.376907,4,medium_research_only,SAME_ROLE_ONLY;RESEARCH_ONLY;SAMPLE_TOO_SMALL_LOCAL_11_MATCHES_NOT_PRODUCTION_READY,True,False
FB,313287,Redouane Ait Lemkadem,405342,Guilherme Ferreira de Oliveira,66.134391,92.467599,66.134391,4,medium_research_only,SAME_ROLE_ONLY;RESEARCH_ONLY;SAMPLE_TOO_SMALL_LOCAL_11_MATCHES_NOT_PRODUCTION_READY,True,False
FB,313287,Redouane Ait Lemkadem,406864,Hamza Malki,99.815782,6.377742,99.815782,4,medium_research_only,SAME_ROLE_ONLY;RESEARCH_ONLY;SAMPLE_TOO_SMALL_LOCAL_11_MATCHES_NOT_PRODUCTION_READY,True,False
FB,313287,Redouane Ait Lemkadem,409454,Ayoub Tine,87.078588,15.104454,87.078588,4,medium_research_only,SAME_ROLE_ONLY;RESEARCH_ONLY;SAMPLE_TOO_SMALL_LOCAL_11_MATCHES_NOT_PRODUCTION_READY,True,False
FB,313287,Redouane Ait Lemkadem,442100,Marouane Ouhrou,97.250369,15.046716,97.250369,4,medium_research_only,SAME_ROLE_ONLY;RESEARCH_ONLY;SAMPLE_TOO_SMALL_LOCAL_11_MATCHES_NOT_PRODUCTION_READY,True,False
FB,313287,Redouane Ait Lemkadem,442286,Oussama Daoui,90.855367,16.718799,90.855367,4,medium_research_only,SAME_ROLE_ONLY;RESEARCH_ONLY;SAMPLE_TOO_SMALL_LOCAL_11_MATCHES_NOT_PRODUCTION_READY,True,False
FB,313287,Redouane Ait Lemkadem,442926,Ousmane Diallo,98.586432,8.974475,98.586432,4,medium_research_only,SAME_ROLE_ONLY;RESEARCH_ONLY;SAMPLE_TOO_SMALL_LOCAL_11_MATCHES_NOT_PRODUCTION_READY,True,False
FB,313287,Redouane Ait Lemkadem,477677,Yassine Boughaz,97.22419,13.822627,97.22419,4,medium_research_only,SAME_ROLE_ONLY;RESEARCH_ONLY;SAMPLE_TOO_SMALL_LOCAL_11_MATCHES_NOT_PRODUCTION_READY,True,False
FB,313287,Redouane Ait Lemkadem,522352,Hamza Fassoukh,96.741124,7.768446,96.741124,4,medium_research_only,SAME_ROLE_ONLY;RESEARCH_ONLY;SAMPLE_TOO_SMALL_LOCAL_11_MATCHES_NOT_PRODUCTION_READY,True,False
FB,313287,Redouane Ait Lemkadem,523288,Abdelali Khouch,66.759692,25.131059,66.759692,4,medium_research_only,SAME_ROLE_ONLY;RESEARCH_ONLY;SAMPLE_TOO_SMALL_LOCAL_11_MATCHES_NOT_PRODUCTION_READY,True,False
FB,313287,Redouane Ait Lemkadem,523293,Nassim Azzoubairi,98.559033,8.306957,98.559033,4,medium_research_only,SAME_ROLE_ONLY;RESEARCH_ONLY;SAMPLE_TOO_SMALL_LOCAL_11_MATCHES_NOT_PRODUCTION_READY,True,False
FB,313287,Redouane Ait Lemkadem,523299,Youness Noussir,75.225881,18.248622,75.225881,4,medium_research_only,SAME_ROLE_ONLY;RESEARCH_ONLY;SAMPLE_TOO_SMALL_LOCAL_11_MATCHES_NOT_PRODUCTION_READY,True,False
FB,313287,Redouane Ait Lemkadem,523318,Younes El Khafi,99.40059,7.260606,99.40059,4,medium_research_only,SAME_ROLE_ONLY;RESEARCH_ONLY;SAMPLE_TOO_SMALL_LOCAL_11_MATCHES_NOT_PRODUCTION_READY,True,False
FB,313287,Redouane Ait Lemkadem,523998,Zakaria Aiada,97.219267,10.724993,97.219267,4,medium_research_only,SAME_ROLE_ONLY;RESEARCH_ONLY;SAMPLE_TOO_SMALL_LOCAL_11_MATCHES_NOT_PRODUCTION_READY,True,False
FB,313974,Mohamed El Abdi,314450,Anass Lamrabat,95.945261,5.907282,95.945261,4,medium_research_only,SAME_ROLE_ONLY;RESEARCH_ONLY;SAMPLE_TOO_SMALL_LOCAL_11_MATCHES_NOT_PRODUCTION_READY,True,False
FB,313974,Mohamed El Abdi,314451,Houdaifa El Mahasni,99.845762,5.702662,99.845762,4,medium_research_only,SAME_ROLE_ONLY;RESEARCH_ONLY;SAMPLE_TOO_SMALL_LOCAL_11_MATCHES_NOT_PRODUCTION_READY,True,False
FB,313974,Mohamed El Abdi,337496,Haytam Manaout,99.143952,3.931113,99.143952,4,medium_research_only,SAME_ROLE_ONLY;RESEARCH_ONLY;SAMPLE_TOO_SMALL_LOCAL_11_MATCHES_NOT_PRODUCTION_READY,True,False
FB,313974,Mohamed El Abdi,339278,Chemseddine Knaidil,99.979937,9.407941,99.979937,4,medium_research_only,SAME_ROLE_ONLY;RESEARCH_ONLY;SAMPLE_TOO_SMALL_LOCAL_11_MATCHES_NOT_PRODUCTION_READY,True,False
FB,313974,Mohamed El Abdi,405342,Guilherme Ferreira de Oliveira,63.479878,94.128831,63.479878,4,medium_research_only,SAME_ROLE_ONLY;RESEARCH_ONLY;SAMPLE_TOO_SMALL_LOCAL_11_MATCHES_NOT_PRODUCTION_READY,True,False
FB,313974,Mohamed El Abdi,406864,Hamza Malki,97.561623,13.350844,97.561623,4,medium_research_only,SAME_ROLE_ONLY;RESEARCH_ONLY;SAMPLE_TOO_SMALL_LOCAL_11_MATCHES_NOT_PRODUCTION_READY,True,False
FB,313974,Mohamed El Abdi,409454,Ayoub Tine,97.081407,6.960376,97.081407,4,medium_research_only,SAME_ROLE_ONLY;RESEARCH_ONLY;SAMPLE_TOO_SMALL_LOCAL_11_MATCHES_NOT_PRODUCTION_READY,True,False
FB,313974,Mohamed El Abdi,442100,Marouane Ouhrou,87.61902,10.997695,87.61902,4,medium_research_only,SAME_ROLE_ONLY;RESEARCH_ONLY;SAMPLE_TOO_SMALL_LOCAL_11_MATCHES_NOT_PRODUCTION_READY,True,False
FB,313974,Mohamed El Abdi,442286,Oussama Daoui,98.535786,10.004599,98.535786,4,medium_research_only,SAME_ROLE_ONLY;RESEARCH_ONLY;SAMPLE_TOO_SMALL_LOCAL_11_MATCHES_NOT_PRODUCTION_READY,True,False
FB,313974,Mohamed El Abdi,442926,Ousmane Diallo,99.310295,3.252999,99.310295,4,medium_research_only,SAME_ROLE_ONLY;RESEARCH_ONLY;SAMPLE_TOO_SMALL_LOCAL_11_MATCHES_NOT_PRODUCTION_READY,True,False
FB,313974,Mohamed El Abdi,477677,Yassine Boughaz,87.57999,10.425423,87.57999,4,medium_research_only,SAME_ROLE_ONLY;RESEARCH_ONLY;SAMPLE_TOO_SMALL_LOCAL_11_MATCHES_NOT_PRODUCTION_READY,True,False
FB,313974,Mohamed El Abdi,522352,Hamza Fassoukh,99.941942,1.902256,99.941942,4,medium_research_only,SAME_ROLE_ONLY;RESEARCH_ONLY;SAMPLE_TOO_SMALL_LOCAL_11_MATCHES_NOT_PRODUCTION_READY,True,False
FB,313974,Mohamed El Abdi,523288,Abdelali Khouch,83.348708,17.098718,83.348708,4,medium_research_only,SAME_ROLE_ONLY;RESEARCH_ONLY;SAMPLE_TOO_SMALL_LOCAL_11_MATCHES_NOT_PRODUCTION_READY,True,False
FB,313974,Mohamed El Abdi,523293,Nassim Azzoubairi,99.212847,2.908851,99.212847,4,medium_research_only,SAME_ROLE_ONLY;RESEARCH_ONLY;SAMPLE_TOO_SMALL_LOCAL_11_MATCHES_NOT_PRODUCTION_READY,True,False
FB,313974,Mohamed El Abdi,523299,Youness Noussir,89.745234,9.437352,89.745234,4,medium_research_only,SAME_ROLE_ONLY;RESEARCH_ONLY;SAMPLE_TOO_SMALL_LOCAL_11_MATCHES_NOT_PRODUCTION_READY,True,False
FB,313974,Mohamed El Abdi,523318,Younes El Khafi,93.149162,7.515641,93.149162,4,medium_research_only,SAME_ROLE_ONLY;RESEARCH_ONLY;SAMPLE_TOO_SMALL_LOCAL_11_MATCHES_NOT_PRODUCTION_READY,True,False
FB,313974,Mohamed El Abdi,523998,Zakaria Aiada,99.540568,4.082613,99.540568,4,medium_research_only,SAME_ROLE_ONLY;RESEARCH_ONLY;SAMPLE_TOO_SMALL_LOCAL_11_MATCHES_NOT_PRODUCTION_READY,True,False
FB,314450,Anass Lamrabat,314451,Houdaifa El Mahasni,97.320697,8.003097,97.320697,4,medium_research_only,SAME_ROLE_ONLY;RESEARCH_ONLY;SAMPLE_TOO_SMALL_LOCAL_11_MATCHES_NOT_PRODUCTION_READY,True,False
FB,314450,Anass Lamrabat,337496,Haytam Manaout,92.394276,9.187624,92.394276,4,medium_research_only,SAME_ROLE_ONLY;RESEARCH_ONLY;SAMPLE_TOO_SMALL_LOCAL_11_MATCHES_NOT_PRODUCTION_READY,True,False
FB,314450,Anass Lamrabat,339278,Chemseddine Knaidil,95.77412,12.269801,95.77412,4,medium_research_only,SAME_ROLE_ONLY;RESEARCH_ONLY;SAMPLE_TOO_SMALL_LOCAL_11_MATCHES_NOT_PRODUCTION_READY,True,False
FB,314450,Anass Lamrabat,405342,Guilherme Ferreira de Oliveira,60.466909,95.048697,60.466909,4,medium_research_only,SAME_ROLE_ONLY;RESEARCH_ONLY;SAMPLE_TOO_SMALL_LOCAL_11_MATCHES_NOT_PRODUCTION_READY,True,False
FB,314450,Anass Lamrabat,406864,Hamza Malki,87.627592,18.315195,87.627592,4,medium_research_only,SAME_ROLE_ONLY;RESEARCH_ONLY;SAMPLE_TOO_SMALL_LOCAL_11_MATCHES_NOT_PRODUCTION_READY,True,False
FB,314450,Anass Lamrabat,409454,Ayoub Tine,99.890393,5.644341,99.890393,4,medium_research_only,SAME_ROLE_ONLY;RESEARCH_ONLY;SAMPLE_TOO_SMALL_LOCAL_11_MATCHES_NOT_PRODUCTION_READY,True,False
FB,314450,Anass Lamrabat,442100,Marouane Ouhrou,72.041655,13.105202,72.041655,4,medium_research_only,SAME_ROLE_ONLY;RESEARCH_ONLY;SAMPLE_TOO_SMALL_LOCAL_11_MATCHES_NOT_PRODUCTION_READY,True,False
FB,314450,Anass Lamrabat,442286,Oussama Daoui,98.952286,9.795808,98.952286,4,medium_research_only,SAME_ROLE_ONLY;RESEARCH_ONLY;SAMPLE_TOO_SMALL_LOCAL_11_MATCHES_NOT_PRODUCTION_READY,True,False
FB,314450,Anass Lamrabat,442926,Ousmane Diallo,92.342041,7.759369,92.342041,4,medium_research_only,SAME_ROLE_ONLY;RESEARCH_ONLY;SAMPLE_TOO_SMALL_LOCAL_11_MATCHES_NOT_PRODUCTION_READY,True,False
FB,314450,Anass Lamrabat,477677,Yassine Boughaz,72.025978,13.12735,72.025978,4,medium_research_only,SAME_ROLE_ONLY;RESEARCH_ONLY;SAMPLE_TOO_SMALL_LOCAL_11_MATCHES_NOT_PRODUCTION_READY,True,False
FB,314450,Anass Lamrabat,522352,Hamza Fassoukh,95.220307,7.041294,95.220307,4,medium_research_only,SAME_ROLE_ONLY;RESEARCH_ONLY;SAMPLE_TOO_SMALL_LOCAL_11_MATCHES_NOT_PRODUCTION_READY,True,False
FB,314450,Anass Lamrabat,523288,Abdelali Khouch,95.286503,11.522375,95.286503,4,medium_research_only,SAME_ROLE_ONLY;RESEARCH_ONLY;SAMPLE_TOO_SMALL_LOCAL_11_MATCHES_NOT_PRODUCTION_READY,True,False
FB,314450,Anass Lamrabat,523293,Nassim Azzoubairi,92.270647,7.84162,92.270647,4,medium_research_only,SAME_ROLE_ONLY;RESEARCH_ONLY;SAMPLE_TOO_SMALL_LOCAL_11_MATCHES_NOT_PRODUCTION_READY,True,False
FB,314450,Anass Lamrabat,523299,Youness Noussir,98.489055,3.607048,98.489055,4,medium_research_only,SAME_ROLE_ONLY;RESEARCH_ONLY;SAMPLE_TOO_SMALL_LOCAL_11_MATCHES_NOT_PRODUCTION_READY,True,False
FB,314450,Anass Lamrabat,523318,Younes El Khafi,80.151736,12.643408,80.151736,4,medium_research_only,SAME_ROLE_ONLY;RESEARCH_ONLY;SAMPLE_TOO_SMALL_LOCAL_11_MATCHES_NOT_PRODUCTION_READY,True,False
FB,314450,Anass Lamrabat,523998,Zakaria Aiada,94.333217,7.007751,94.333217,4,medium_research_only,SAME_ROLE_ONLY;RESEARCH_ONLY;SAMPLE_TOO_SMALL_LOCAL_11_MATCHES_NOT_PRODUCTION_READY,True,False
FB,314451,Houdaifa El Mahasni,337496,Haytam Manaout,98.502102,5.45396,98.502102,4,medium_research_only,SAME_ROLE_ONLY;RESEARCH_ONLY;SAMPLE_TOO_SMALL_LOCAL_11_MATCHES_NOT_PRODUCTION_READY,True,False
FB,314451,Houdaifa El Mahasni,339278,Chemseddine Knaidil,99.816876,4.293974,99.816876,4,medium_research_only,SAME_ROLE_ONLY;RESEARCH_ONLY;SAMPLE_TOO_SMALL_LOCAL_11_MATCHES_NOT_PRODUCTION_READY,True,False
FB,314451,Houdaifa El Mahasni,405342,Guilherme Ferreira de Oliveira,62.950732,93.840569,62.950732,4,medium_research_only,SAME_ROLE_ONLY;RESEARCH_ONLY;SAMPLE_TOO_SMALL_LOCAL_11_MATCHES_NOT_PRODUCTION_READY,True,False
FB,314451,Houdaifa El Mahasni,406864,Hamza Malki,96.235846,10.989015,96.235846,4,medium_research_only,SAME_ROLE_ONLY;RESEARCH_ONLY;SAMPLE_TOO_SMALL_LOCAL_11_MATCHES_NOT_PRODUCTION_READY,True,False
FB,314451,Houdaifa El Mahasni,409454,Ayoub Tine,98.214817,11.843731,98.214817,4,medium_research_only,SAME_ROLE_ONLY;RESEARCH_ONLY;SAMPLE_TOO_SMALL_LOCAL_11_MATCHES_NOT_PRODUCTION_READY,True,False
FB,314451,Houdaifa El Mahasni,442100,Marouane Ouhrou,85.1147,16.660074,85.1147,4,medium_research_only,SAME_ROLE_ONLY;RESEARCH_ONLY;SAMPLE_TOO_SMALL_LOCAL_11_MATCHES_NOT_PRODUCTION_READY,True,False
FB,314451,Houdaifa El Mahasni,442286,Oussama Daoui,99.228228,15.428144,99.228228,4,medium_research_only,SAME_ROLE_ONLY;RESEARCH_ONLY;SAMPLE_TOO_SMALL_LOCAL_11_MATCHES_NOT_PRODUCTION_READY,True,False
FB,314451,Houdaifa El Mahasni,442926,Ousmane Diallo,98.59609,8.741484,98.59609,4,medium_research_only,SAME_ROLE_ONLY;RESEARCH_ONLY;SAMPLE_TOO_SMALL_LOCAL_11_MATCHES_NOT_PRODUCTION_READY,True,False
FB,314451,Houdaifa El Mahasni,477677,Yassine Boughaz,85.096337,16.015013,85.096337,4,medium_research_only,SAME_ROLE_ONLY;RESEARCH_ONLY;SAMPLE_TOO_SMALL_LOCAL_11_MATCHES_NOT_PRODUCTION_READY,True,False
FB,314451,Houdaifa El Mahasni,522352,Hamza Fassoukh,99.668404,4.336515,99.668404,4,medium_research_only,SAME_ROLE_ONLY;RESEARCH_ONLY;SAMPLE_TOO_SMALL_LOCAL_11_MATCHES_NOT_PRODUCTION_READY,True,False
FB,314451,Houdaifa El Mahasni,523288,Abdelali Khouch,86.062812,16.320198,86.062812,4,medium_research_only,SAME_ROLE_ONLY;RESEARCH_ONLY;SAMPLE_TOO_SMALL_LOCAL_11_MATCHES_NOT_PRODUCTION_READY,True,False
FB,314451,Houdaifa El Mahasni,523293,Nassim Azzoubairi,98.527233,8.105561,98.527233,4,medium_research_only,SAME_ROLE_ONLY;RESEARCH_ONLY;SAMPLE_TOO_SMALL_LOCAL_11_MATCHES_NOT_PRODUCTION_READY,True,False
FB,314451,Houdaifa El Mahasni,523299,Youness Noussir,91.957462,11.262292,91.957462,4,medium_research_only,SAME_ROLE_ONLY;RESEARCH_ONLY;SAMPLE_TOO_SMALL_LOCAL_11_MATCHES_NOT_PRODUCTION_READY,True,False
FB,314451,Houdaifa El Mahasni,523318,Younes El Khafi,91.221385,11.856114,91.221385,4,medium_research_only,SAME_ROLE_ONLY;RESEARCH_ONLY;SAMPLE_TOO_SMALL_LOCAL_11_MATCHES_NOT_PRODUCTION_READY,True,False
FB,314451,Houdaifa El Mahasni,523998,Zakaria Aiada,99.179331,9.626532,99.179331,4,medium_research_only,SAME_ROLE_ONLY;RESEARCH_ONLY;SAMPLE_TOO_SMALL_LOCAL_11_MATCHES_NOT_PRODUCTION_READY,True,False
FB,337496,Haytam Manaout,339278,Chemseddine Knaidil,99.287678,7.628221,99.287678,4,medium_research_only,SAME_ROLE_ONLY;RESEARCH_ONLY;SAMPLE_TOO_SMALL_LOCAL_11_MATCHES_NOT_PRODUCTION_READY,True,False
FB,337496,Haytam Manaout,405342,Guilherme Ferreira de Oliveira,68.304681,92.104898,68.304681,4,medium_research_only,SAME_ROLE_ONLY;RESEARCH_ONLY;SAMPLE_TOO_SMALL_LOCAL_11_MATCHES_NOT_PRODUCTION_READY,True,False
FB,337496,Haytam Manaout,406864,Hamza Malki,98.996739,10.19463,98.996739,4,medium_research_only,SAME_ROLE_ONLY;RESEARCH_ONLY;SAMPLE_TOO_SMALL_LOCAL_11_MATCHES_NOT_PRODUCTION_READY,True,False
FB,337496,Haytam Manaout,409454,Ayoub Tine,93.805209,10.394658,93.805209,4,medium_research_only,SAME_ROLE_ONLY;RESEARCH_ONLY;SAMPLE_TOO_SMALL_LOCAL_11_MATCHES_NOT_PRODUCTION_READY,True,False
FB,337496,Haytam Manaout,442100,Marouane Ouhrou,92.460849,12.690617,92.460849,4,medium_research_only,SAME_ROLE_ONLY;RESEARCH_ONLY;SAMPLE_TOO_SMALL_LOCAL_11_MATCHES_NOT_PRODUCTION_READY,True,False
FB,337496,Haytam Manaout,442286,Oussama Daoui,96.614338,12.839457,96.614338,4,medium_research_only,SAME_ROLE_ONLY;RESEARCH_ONLY;SAMPLE_TOO_SMALL_LOCAL_11_MATCHES_NOT_PRODUCTION_READY,True,False
FB,337496,Haytam Manaout,442926,Ousmane Diallo,99.921698,5.012876,99.921698,4,medium_research_only,SAME_ROLE_ONLY;RESEARCH_ONLY;SAMPLE_TOO_SMALL_LOCAL_11_MATCHES_NOT_PRODUCTION_READY,True,False
FB,337496,Haytam Manaout,477677,Yassine Boughaz,92.466714,11.769246,92.466714,4,medium_research_only,SAME_ROLE_ONLY;RESEARCH_ONLY;SAMPLE_TOO_SMALL_LOCAL_11_MATCHES_NOT_PRODUCTION_READY,True,False
FB,337496,Haytam Manaout,522352,Hamza Fassoukh,99.214818,3.111559,99.214818,4,medium_research_only,SAME_ROLE_ONLY;RESEARCH_ONLY;SAMPLE_TOO_SMALL_LOCAL_11_MATCHES_NOT_PRODUCTION_READY,True,False
FB,337496,Haytam Manaout,523288,Abdelali Khouch,77.630368,19.674443,77.630368,4,medium_research_only,SAME_ROLE_ONLY;RESEARCH_ONLY;SAMPLE_TOO_SMALL_LOCAL_11_MATCHES_NOT_PRODUCTION_READY,True,False
FB,337496,Haytam Manaout,523293,Nassim Azzoubairi,99.980585,4.138359,99.980585,4,medium_research_only,SAME_ROLE_ONLY;RESEARCH_ONLY;SAMPLE_TOO_SMALL_LOCAL_11_MATCHES_NOT_PRODUCTION_READY,True,False
FB,337496,Haytam Manaout,523299,Youness Noussir,84.801779,12.725324,84.801779,4,medium_research_only,SAME_ROLE_ONLY;RESEARCH_ONLY;SAMPLE_TOO_SMALL_LOCAL_11_MATCHES_NOT_PRODUCTION_READY,True,False
FB,337496,Haytam Manaout,523318,Younes El Khafi,96.697999,6.658055,96.697999,4,medium_research_only,SAME_ROLE_ONLY;RESEARCH_ONLY;SAMPLE_TOO_SMALL_LOCAL_11_MATCHES_NOT_PRODUCTION_READY,True,False
FB,337496,Haytam Manaout,523998,Zakaria Aiada,99.807251,6.40467,99.807251,4,medium_research_only,SAME_ROLE_ONLY;RESEARCH_ONLY;SAMPLE_TOO_SMALL_LOCAL_11_MATCHES_NOT_PRODUCTION_READY,True,False
FB,339278,Chemseddine Knaidil,405342,Guilherme Ferreira de Oliveira,63.553908,93.418403,63.553908,4,medium_research_only,SAME_ROLE_ONLY;RESEARCH_ONLY;SAMPLE_TOO_SMALL_LOCAL_11_MATCHES_NOT_PRODUCTION_READY,True,False
FB,339278,Chemseddine Knaidil,406864,Hamza Malki,97.675219,8.098609,97.675219,4,medium_research_only,SAME_ROLE_ONLY;RESEARCH_ONLY;SAMPLE_TOO_SMALL_LOCAL_11_MATCHES_NOT_PRODUCTION_READY,True,False
FB,339278,Chemseddine Knaidil,409454,Ayoub Tine,96.906145,15.997496,96.906145,4,medium_research_only,SAME_ROLE_ONLY;RESEARCH_ONLY;SAMPLE_TOO_SMALL_LOCAL_11_MATCHES_NOT_PRODUCTION_READY,True,False
FB,339278,Chemseddine Knaidil,442100,Marouane Ouhrou,87.983066,20.006433,87.983066,4,medium_research_only,SAME_ROLE_ONLY;RESEARCH_ONLY;SAMPLE_TOO_SMALL_LOCAL_11_MATCHES_NOT_PRODUCTION_READY,True,False
FB,339278,Chemseddine Knaidil,442286,Oussama Daoui,98.443246,19.374409,98.443246,4,medium_research_only,SAME_ROLE_ONLY;RESEARCH_ONLY;SAMPLE_TOO_SMALL_LOCAL_11_MATCHES_NOT_PRODUCTION_READY,True,False
FB,339278,Chemseddine Knaidil,442926,Ousmane Diallo,99.394133,12.052271,99.394133,4,medium_research_only,SAME_ROLE_ONLY;RESEARCH_ONLY;SAMPLE_TOO_SMALL_LOCAL_11_MATCHES_NOT_PRODUCTION_READY,True,False
FB,339278,Chemseddine Knaidil,477677,Yassine Boughaz,87.971437,19.177698,87.971437,4,medium_research_only,SAME_ROLE_ONLY;RESEARCH_ONLY;SAMPLE_TOO_SMALL_LOCAL_11_MATCHES_NOT_PRODUCTION_READY,True,False
FB,339278,Chemseddine Knaidil,522352,Hamza Fassoukh,99.947128,7.699923,99.947128,4,medium_research_only,SAME_ROLE_ONLY;RESEARCH_ONLY;SAMPLE_TOO_SMALL_LOCAL_11_MATCHES_NOT_PRODUCTION_READY,True,False
FB,339278,Chemseddine Knaidil,523288,Abdelali Khouch,82.992628,19.441024,82.992628,4,medium_research_only,SAME_ROLE_ONLY;RESEARCH_ONLY;SAMPLE_TOO_SMALL_LOCAL_11_MATCHES_NOT_PRODUCTION_READY,True,False
FB,339278,Chemseddine Knaidil,523293,Nassim Azzoubairi,99.3419,11.297184,99.3419,4,medium_research_only,SAME_ROLE_ONLY;RESEARCH_ONLY;SAMPLE_TOO_SMALL_LOCAL_11_MATCHES_NOT_PRODUCTION_READY,True,False
FB,339278,Chemseddine Knaidil,523299,Youness Noussir,89.495957,15.417499,89.495957,4,medium_research_only,SAME_ROLE_ONLY;RESEARCH_ONLY;SAMPLE_TOO_SMALL_LOCAL_11_MATCHES_NOT_PRODUCTION_READY,True,False
FB,339278,Chemseddine Knaidil,523318,Younes El Khafi,93.450262,13.959098,93.450262,4,medium_research_only,SAME_ROLE_ONLY;RESEARCH_ONLY;SAMPLE_TOO_SMALL_LOCAL_11_MATCHES_NOT_PRODUCTION_READY,True,False
FB,339278,Chemseddine Knaidil,523998,Zakaria Aiada,99.613802,13.24734,99.613802,4,medium_research_only,SAME_ROLE_ONLY;RESEARCH_ONLY;SAMPLE_TOO_SMALL_LOCAL_11_MATCHES_NOT_PRODUCTION_READY,True,False
FB,405342,Guilherme Ferreira de Oliveira,406864,Hamza Malki,64.885861,92.655259,64.885861,4,medium_research_only,SAME_ROLE_ONLY;RESEARCH_ONLY;SAMPLE_TOO_SMALL_LOCAL_11_MATCHES_NOT_PRODUCTION_READY,True,False
FB,405342,Guilherme Ferreira de Oliveira,409454,Ayoub Tine,60.615779,95.521445,60.615779,4,medium_research_only,SAME_ROLE_ONLY;RESEARCH_ONLY;SAMPLE_TOO_SMALL_LOCAL_11_MATCHES_NOT_PRODUCTION_READY,True,False
FB,405342,Guilherme Ferreira de Oliveira,442100,Marouane Ouhrou,70.320891,94.773965,70.320891,4,medium_research_only,SAME_ROLE_ONLY;RESEARCH_ONLY;SAMPLE_TOO_SMALL_LOCAL_11_MATCHES_NOT_PRODUCTION_READY,True,False
FB,405342,Guilherme Ferreira de Oliveira,442286,Oussama Daoui,66.550199,95.502121,66.550199,4,medium_research_only,SAME_ROLE_ONLY;RESEARCH_ONLY;SAMPLE_TOO_SMALL_LOCAL_11_MATCHES_NOT_PRODUCTION_READY,True,False
FB,405342,Guilherme Ferreira de Oliveira,442926,Ousmane Diallo,66.960096,93.553861,66.960096,4,medium_research_only,SAME_ROLE_ONLY;RESEARCH_ONLY;SAMPLE_TOO_SMALL_LOCAL_11_MATCHES_NOT_PRODUCTION_READY,True,False
FB,405342,Guilherme Ferreira de Oliveira,477677,Yassine Boughaz,70.009619,94.33843,70.009619,4,medium_research_only,SAME_ROLE_ONLY;RESEARCH_ONLY;SAMPLE_TOO_SMALL_LOCAL_11_MATCHES_NOT_PRODUCTION_READY,True,False
FB,405342,Guilherme Ferreira de Oliveira,522352,Hamza Fassoukh,62.067611,94.412574,62.067611,4,medium_research_only,SAME_ROLE_ONLY;RESEARCH_ONLY;SAMPLE_TOO_SMALL_LOCAL_11_MATCHES_NOT_PRODUCTION_READY,True,False
FB,405342,Guilherme Ferreira de Oliveira,523288,Abdelali Khouch,57.661837,96.21906,57.661837,4,medium_research_only,SAME_ROLE_ONLY;RESEARCH_ONLY;SAMPLE_TOO_SMALL_LOCAL_11_MATCHES_NOT_PRODUCTION_READY,True,False
FB,405342,Guilherme Ferreira de Oliveira,523293,Nassim Azzoubairi,67.273744,93.289392,67.273744,4,medium_research_only,SAME_ROLE_ONLY;RESEARCH_ONLY;SAMPLE_TOO_SMALL_LOCAL_11_MATCHES_NOT_PRODUCTION_READY,True,False
FB,405342,Guilherme Ferreira de Oliveira,523299,Youness Noussir,57.593676,95.900583,57.593676,4,medium_research_only,SAME_ROLE_ONLY;RESEARCH_ONLY;SAMPLE_TOO_SMALL_LOCAL_11_MATCHES_NOT_PRODUCTION_READY,True,False
FB,405342,Guilherme Ferreira de Oliveira,523318,Younes El Khafi,69.784335,92.454952,69.784335,4,medium_research_only,SAME_ROLE_ONLY;RESEARCH_ONLY;SAMPLE_TOO_SMALL_LOCAL_11_MATCHES_NOT_PRODUCTION_READY,True,False
FB,405342,Guilherme Ferreira de Oliveira,523998,Zakaria Aiada,68.979715,93.395612,68.979715,4,medium_research_only,SAME_ROLE_ONLY;RESEARCH_ONLY;SAMPLE_TOO_SMALL_LOCAL_11_MATCHES_NOT_PRODUCTION_READY,True,False
FB,406864,Hamza Malki,409454,Ayoub Tine,89.594914,20.209123,89.594914,4,medium_research_only,SAME_ROLE_ONLY;RESEARCH_ONLY;SAMPLE_TOO_SMALL_LOCAL_11_MATCHES_NOT_PRODUCTION_READY,True,False
FB,406864,Hamza Malki,442100,Marouane Ouhrou,95.699507,21.295804,95.699507,4,medium_research_only,SAME_ROLE_ONLY;RESEARCH_ONLY;SAMPLE_TOO_SMALL_LOCAL_11_MATCHES_NOT_PRODUCTION_READY,True,False
FB,406864,Hamza Malki,442286,Oussama Daoui,92.827961,22.478453,92.827961,4,medium_research_only,SAME_ROLE_ONLY;RESEARCH_ONLY;SAMPLE_TOO_SMALL_LOCAL_11_MATCHES_NOT_PRODUCTION_READY,True,False
FB,406864,Hamza Malki,442926,Ousmane Diallo,99.275708,14.521467,99.275708,4,medium_research_only,SAME_ROLE_ONLY;RESEARCH_ONLY;SAMPLE_TOO_SMALL_LOCAL_11_MATCHES_NOT_PRODUCTION_READY,True,False
FB,406864,Hamza Malki,477677,Yassine Boughaz,95.652734,20.118872,95.652734,4,medium_research_only,SAME_ROLE_ONLY;RESEARCH_ONLY;SAMPLE_TOO_SMALL_LOCAL_11_MATCHES_NOT_PRODUCTION_READY,True,False
FB,406864,Hamza Malki,522352,Hamza Fassoukh,98.016435,11.683108,98.016435,4,medium_research_only,SAME_ROLE_ONLY;RESEARCH_ONLY;SAMPLE_TOO_SMALL_LOCAL_11_MATCHES_NOT_PRODUCTION_READY,True,False
FB,406864,Hamza Malki,523288,Abdelali Khouch,70.294279,27.155354,70.294279,4,medium_research_only,SAME_ROLE_ONLY;RESEARCH_ONLY;SAMPLE_TOO_SMALL_LOCAL_11_MATCHES_NOT_PRODUCTION_READY,True,False
FB,406864,Hamza Malki,523293,Nassim Azzoubairi,99.188794,13.780568,99.188794,4,medium_research_only,SAME_ROLE_ONLY;RESEARCH_ONLY;SAMPLE_TOO_SMALL_LOCAL_11_MATCHES_NOT_PRODUCTION_READY,True,False
FB,406864,Hamza Malki,523299,Youness Noussir,78.458764,21.851638,78.458764,4,medium_research_only,SAME_ROLE_ONLY;RESEARCH_ONLY;SAMPLE_TOO_SMALL_LOCAL_11_MATCHES_NOT_PRODUCTION_READY,True,False
FB,406864,Hamza Malki,523318,Younes El Khafi,98.578867,13.618336,98.578867,4,medium_research_only,SAME_ROLE_ONLY;RESEARCH_ONLY;SAMPLE_TOO_SMALL_LOCAL_11_MATCHES_NOT_PRODUCTION_READY,True,False
FB,406864,Hamza Malki,523998,Zakaria Aiada,98.142006,16.219155,98.142006,4,medium_research_only,SAME_ROLE_ONLY;RESEARCH_ONLY;SAMPLE_TOO_SMALL_LOCAL_11_MATCHES_NOT_PRODUCTION_READY,True,False
FB,409454,Ayoub Tine,442100,Marouane Ouhrou,74.596881,7.974035,74.596881,4,medium_research_only,SAME_ROLE_ONLY;RESEARCH_ONLY;SAMPLE_TOO_SMALL_LOCAL_11_MATCHES_NOT_PRODUCTION_READY,True,False
FB,409454,Ayoub Tine,442286,Oussama Daoui,99.360356,4.18536,99.360356,4,medium_research_only,SAME_ROLE_ONLY;RESEARCH_ONLY;SAMPLE_TOO_SMALL_LOCAL_11_MATCHES_NOT_PRODUCTION_READY,True,False
FB,409454,Ayoub Tine,442926,Ousmane Diallo,93.844717,6.236689,93.844717,4,medium_research_only,SAME_ROLE_ONLY;RESEARCH_ONLY;SAMPLE_TOO_SMALL_LOCAL_11_MATCHES_NOT_PRODUCTION_READY,True,False
FB,409454,Ayoub Tine,477677,Yassine Boughaz,74.560579,8.352796,74.560579,4,medium_research_only,SAME_ROLE_ONLY;RESEARCH_ONLY;SAMPLE_TOO_SMALL_LOCAL_11_MATCHES_NOT_PRODUCTION_READY,True,False
FB,409454,Ayoub Tine,522352,Hamza Fassoukh,96.460353,8.780114,96.460353,4,medium_research_only,SAME_ROLE_ONLY;RESEARCH_ONLY;SAMPLE_TOO_SMALL_LOCAL_11_MATCHES_NOT_PRODUCTION_READY,True,False
FB,409454,Ayoub Tine,523288,Abdelali Khouch,93.891423,15.644442,93.891423,4,medium_research_only,SAME_ROLE_ONLY;RESEARCH_ONLY;SAMPLE_TOO_SMALL_LOCAL_11_MATCHES_NOT_PRODUCTION_READY,True,False
FB,409454,Ayoub Tine,523293,Nassim Azzoubairi,93.733514,6.896281,93.733514,4,medium_research_only,SAME_ROLE_ONLY;RESEARCH_ONLY;SAMPLE_TOO_SMALL_LOCAL_11_MATCHES_NOT_PRODUCTION_READY,True,False
FB,409454,Ayoub Tine,523299,Youness Noussir,97.618322,6.747595,97.618322,4,medium_research_only,SAME_ROLE_ONLY;RESEARCH_ONLY;SAMPLE_TOO_SMALL_LOCAL_11_MATCHES_NOT_PRODUCTION_READY,True,False
FB,409454,Ayoub Tine,523318,Younes El Khafi,82.39603,10.465086,82.39603,4,medium_research_only,SAME_ROLE_ONLY;RESEARCH_ONLY;SAMPLE_TOO_SMALL_LOCAL_11_MATCHES_NOT_PRODUCTION_READY,True,False
FB,409454,Ayoub Tine,523998,Zakaria Aiada,95.538655,4.679641,95.538655,4,medium_research_only,SAME_ROLE_ONLY;RESEARCH_ONLY;SAMPLE_TOO_SMALL_LOCAL_11_MATCHES_NOT_PRODUCTION_READY,True,False
FB,442100,Marouane Ouhrou,442286,Oussama Daoui,80.23916,4.910393,80.23916,4,medium_research_only,SAME_ROLE_ONLY;RESEARCH_ONLY;SAMPLE_TOO_SMALL_LOCAL_11_MATCHES_NOT_PRODUCTION_READY,True,False
FB,442100,Marouane Ouhrou,442926,Ousmane Diallo,92.479876,7.987657,92.479876,4,medium_research_only,SAME_ROLE_ONLY;RESEARCH_ONLY;SAMPLE_TOO_SMALL_LOCAL_11_MATCHES_NOT_PRODUCTION_READY,True,False
FB,442100,Marouane Ouhrou,477677,Yassine Boughaz,99.988396,1.396713,99.988396,4,medium_research_only,SAME_ROLE_ONLY;RESEARCH_ONLY;SAMPLE_TOO_SMALL_LOCAL_11_MATCHES_NOT_PRODUCTION_READY,True,False
FB,442100,Marouane Ouhrou,522352,Hamza Fassoukh,88.461365,12.516211,88.461365,4,medium_research_only,SAME_ROLE_ONLY;RESEARCH_ONLY;SAMPLE_TOO_SMALL_LOCAL_11_MATCHES_NOT_PRODUCTION_READY,True,False
FB,442100,Marouane Ouhrou,523288,Abdelali Khouch,51.673759,23.495881,51.673759,4,medium_research_only,SAME_ROLE_ONLY;RESEARCH_ONLY;SAMPLE_TOO_SMALL_LOCAL_11_MATCHES_NOT_PRODUCTION_READY,True,False
FB,442100,Marouane Ouhrou,523293,Nassim Azzoubairi,92.585194,8.737412,92.585194,4,medium_research_only,SAME_ROLE_ONLY;RESEARCH_ONLY;SAMPLE_TOO_SMALL_LOCAL_11_MATCHES_NOT_PRODUCTION_READY,True,False
FB,442100,Marouane Ouhrou,523299,Youness Noussir,60.616768,14.665011,60.616768,4,medium_research_only,SAME_ROLE_ONLY;RESEARCH_ONLY;SAMPLE_TOO_SMALL_LOCAL_11_MATCHES_NOT_PRODUCTION_READY,True,False
FB,442100,Marouane Ouhrou,523318,Younes El Khafi,99.086957,8.004479,99.086957,4,medium_research_only,SAME_ROLE_ONLY;RESEARCH_ONLY;SAMPLE_TOO_SMALL_LOCAL_11_MATCHES_NOT_PRODUCTION_READY,True,False
FB,442100,Marouane Ouhrou,523998,Zakaria Aiada,90.234266,7.192415,90.234266,4,medium_research_only,SAME_ROLE_ONLY;RESEARCH_ONLY;SAMPLE_TOO_SMALL_LOCAL_11_MATCHES_NOT_PRODUCTION_READY,True,False
FB,442286,Oussama Daoui,442926,Ousmane Diallo,96.504779,7.989082,96.504779,4,medium_research_only,SAME_ROLE_ONLY;RESEARCH_ONLY;SAMPLE_TOO_SMALL_LOCAL_11_MATCHES_NOT_PRODUCTION_READY,True,False
FB,442286,Oussama Daoui,477677,Yassine Boughaz,80.189536,5.852587,80.189536,4,medium_research_only,SAME_ROLE_ONLY;RESEARCH_ONLY;SAMPLE_TOO_SMALL_LOCAL_11_MATCHES_NOT_PRODUCTION_READY,True,False
FB,442286,Oussama Daoui,522352,Hamza Fassoukh,97.952198,11.822543,97.952198,4,medium_research_only,SAME_ROLE_ONLY;RESEARCH_ONLY;SAMPLE_TOO_SMALL_LOCAL_11_MATCHES_NOT_PRODUCTION_READY,True,False
FB,442286,Oussama Daoui,523288,Abdelali Khouch,90.776118,19.116049,90.776118,4,medium_research_only,SAME_ROLE_ONLY;RESEARCH_ONLY;SAMPLE_TOO_SMALL_LOCAL_11_MATCHES_NOT_PRODUCTION_READY,True,False
FB,442286,Oussama Daoui,523293,Nassim Azzoubairi,96.464435,8.803926,96.464435,4,medium_research_only,SAME_ROLE_ONLY;RESEARCH_ONLY;SAMPLE_TOO_SMALL_LOCAL_11_MATCHES_NOT_PRODUCTION_READY,True,False
FB,442286,Oussama Daoui,523299,Youness Noussir,95.259314,10.465975,95.259314,4,medium_research_only,SAME_ROLE_ONLY;RESEARCH_ONLY;SAMPLE_TOO_SMALL_LOCAL_11_MATCHES_NOT_PRODUCTION_READY,True,False
FB,442286,Oussama Daoui,523318,Younes El Khafi,87.174793,10.589187,87.174793,4,medium_research_only,SAME_ROLE_ONLY;RESEARCH_ONLY;SAMPLE_TOO_SMALL_LOCAL_11_MATCHES_NOT_PRODUCTION_READY,True,False
FB,442286,Oussama Daoui,523998,Zakaria Aiada,97.965779,6.445091,97.965779,4,medium_research_only,SAME_ROLE_ONLY;RESEARCH_ONLY;SAMPLE_TOO_SMALL_LOCAL_11_MATCHES_NOT_PRODUCTION_READY,True,False
FB,442926,Ousmane Diallo,477677,Yassine Boughaz,92.447056,7.285091,92.447056,4,medium_research_only,SAME_ROLE_ONLY;RESEARCH_ONLY;SAMPLE_TOO_SMALL_LOCAL_11_MATCHES_NOT_PRODUCTION_READY,True,False
FB,442926,Ousmane Diallo,522352,Hamza Fassoukh,99.424984,4.63996,99.424984,4,medium_research_only,SAME_ROLE_ONLY;RESEARCH_ONLY;SAMPLE_TOO_SMALL_LOCAL_11_MATCHES_NOT_PRODUCTION_READY,True,False
FB,442926,Ousmane Diallo,523288,Abdelali Khouch,77.380505,19.19256,77.380505,4,medium_research_only,SAME_ROLE_ONLY;RESEARCH_ONLY;SAMPLE_TOO_SMALL_LOCAL_11_MATCHES_NOT_PRODUCTION_READY,True,False
FB,442926,Ousmane Diallo,523293,Nassim Azzoubairi,99.971022,0.936026,99.971022,4,medium_research_only,SAME_ROLE_ONLY;RESEARCH_ONLY;SAMPLE_TOO_SMALL_LOCAL_11_MATCHES_NOT_PRODUCTION_READY,True,False
FB,442926,Ousmane Diallo,523299,Youness Noussir,84.621019,10.850968,84.621019,4,medium_research_only,SAME_ROLE_ONLY;RESEARCH_ONLY;SAMPLE_TOO_SMALL_LOCAL_11_MATCHES_NOT_PRODUCTION_READY,True,False
FB,442926,Ousmane Diallo,523318,Younes El Khafi,96.695982,4.931618,96.695982,4,medium_research_only,SAME_ROLE_ONLY;RESEARCH_ONLY;SAMPLE_TOO_SMALL_LOCAL_11_MATCHES_NOT_PRODUCTION_READY,True,False
FB,442926,Ousmane Diallo,523998,Zakaria Aiada,99.726714,1.816103,99.726714,4,medium_research_only,SAME_ROLE_ONLY;RESEARCH_ONLY;SAMPLE_TOO_SMALL_LOCAL_11_MATCHES_NOT_PRODUCTION_READY,True,False
FB,477677,Yassine Boughaz,522352,Hamza Fassoukh,88.440893,11.827942,88.440893,4,medium_research_only,SAME_ROLE_ONLY;RESEARCH_ONLY;SAMPLE_TOO_SMALL_LOCAL_11_MATCHES_NOT_PRODUCTION_READY,True,False
FB,477677,Yassine Boughaz,523288,Abdelali Khouch,51.627575,23.845748,51.627575,4,medium_research_only,SAME_ROLE_ONLY;RESEARCH_ONLY;SAMPLE_TOO_SMALL_LOCAL_11_MATCHES_NOT_PRODUCTION_READY,True,False
FB,477677,Yassine Boughaz,523293,Nassim Azzoubairi,92.584481,7.966338,92.584481,4,medium_research_only,SAME_ROLE_ONLY;RESEARCH_ONLY;SAMPLE_TOO_SMALL_LOCAL_11_MATCHES_NOT_PRODUCTION_READY,True,False
FB,477677,Yassine Boughaz,523299,Youness Noussir,60.619159,14.991536,60.619159,4,medium_research_only,SAME_ROLE_ONLY;RESEARCH_ONLY;SAMPLE_TOO_SMALL_LOCAL_11_MATCHES_NOT_PRODUCTION_READY,True,False
FB,477677,Yassine Boughaz,523318,Younes El Khafi,99.08705,6.706463,99.08705,4,medium_research_only,SAME_ROLE_ONLY;RESEARCH_ONLY;SAMPLE_TOO_SMALL_LOCAL_11_MATCHES_NOT_PRODUCTION_READY,True,False
FB,477677,Yassine Boughaz,523998,Zakaria Aiada,90.207255,6.746703,90.207255,4,medium_research_only,SAME_ROLE_ONLY;RESEARCH_ONLY;SAMPLE_TOO_SMALL_LOCAL_11_MATCHES_NOT_PRODUCTION_READY,True,False
FB,522352,Hamza Fassoukh,523288,Abdelali Khouch,81.947511,17.73855,81.947511,4,medium_research_only,SAME_ROLE_ONLY;RESEARCH_ONLY;SAMPLE_TOO_SMALL_LOCAL_11_MATCHES_NOT_PRODUCTION_READY,True,False
FB,522352,Hamza Fassoukh,523293,Nassim Azzoubairi,99.33078,4.068361,99.33078,4,medium_research_only,SAME_ROLE_ONLY;RESEARCH_ONLY;SAMPLE_TOO_SMALL_LOCAL_11_MATCHES_NOT_PRODUCTION_READY,True,False
FB,522352,Hamza Fassoukh,523299,Youness Noussir,88.672491,10.635815,88.672491,4,medium_research_only,SAME_ROLE_ONLY;RESEARCH_ONLY;SAMPLE_TOO_SMALL_LOCAL_11_MATCHES_NOT_PRODUCTION_READY,True,False
FB,522352,Hamza Fassoukh,523318,Younes El Khafi,93.76722,8.000845,93.76722,4,medium_research_only,SAME_ROLE_ONLY;RESEARCH_ONLY;SAMPLE_TOO_SMALL_LOCAL_11_MATCHES_NOT_PRODUCTION_READY,True,False
FB,522352,Hamza Fassoukh,523998,Zakaria Aiada,99.427867,5.815837,99.427867,4,medium_research_only,SAME_ROLE_ONLY;RESEARCH_ONLY;SAMPLE_TOO_SMALL_LOCAL_11_MATCHES_NOT_PRODUCTION_READY,True,False
FB,523288,Abdelali Khouch,523293,Nassim Azzoubairi,77.296809,19.229177,77.296809,4,medium_research_only,SAME_ROLE_ONLY;RESEARCH_ONLY;SAMPLE_TOO_SMALL_LOCAL_11_MATCHES_NOT_PRODUCTION_READY,True,False
FB,523288,Abdelali Khouch,523299,Youness Noussir,99.018292,8.976406,99.018292,4,medium_research_only,SAME_ROLE_ONLY;RESEARCH_ONLY;SAMPLE_TOO_SMALL_LOCAL_11_MATCHES_NOT_PRODUCTION_READY,True,False
FB,523288,Abdelali Khouch,523318,Younes El Khafi,60.997768,24.004294,60.997768,4,medium_research_only,SAME_ROLE_ONLY;RESEARCH_ONLY;SAMPLE_TOO_SMALL_LOCAL_11_MATCHES_NOT_PRODUCTION_READY,True,False
FB,523288,Abdelali Khouch,523998,Zakaria Aiada,80.967884,18.283877,80.967884,4,medium_research_only,SAME_ROLE_ONLY;RESEARCH_ONLY;SAMPLE_TOO_SMALL_LOCAL_11_MATCHES_NOT_PRODUCTION_READY,True,False
FB,523293,Nassim Azzoubairi,523299,Youness Noussir,84.572269,11.064584,84.572269,4,medium_research_only,SAME_ROLE_ONLY;RESEARCH_ONLY;SAMPLE_TOO_SMALL_LOCAL_11_MATCHES_NOT_PRODUCTION_READY,True,False
FB,523293,Nassim Azzoubairi,523318,Younes El Khafi,96.787827,4.857835,96.787827,4,medium_research_only,SAME_ROLE_ONLY;RESEARCH_ONLY;SAMPLE_TOO_SMALL_LOCAL_11_MATCHES_NOT_PRODUCTION_READY,True,False
FB,523293,Nassim Azzoubairi,523998,Zakaria Aiada,99.746536,2.48893,99.746536,4,medium_research_only,SAME_ROLE_ONLY;RESEARCH_ONLY;SAMPLE_TOO_SMALL_LOCAL_11_MATCHES_NOT_PRODUCTION_READY,True,False
FB,523299,Youness Noussir,523318,Younes El Khafi,69.675209,15.700249,69.675209,4,medium_research_only,SAME_ROLE_ONLY;RESEARCH_ONLY;SAMPLE_TOO_SMALL_LOCAL_11_MATCHES_NOT_PRODUCTION_READY,True,False
FB,523299,Youness Noussir,523998,Zakaria Aiada,87.533321,9.733463,87.533321,4,medium_research_only,SAME_ROLE_ONLY;RESEARCH_ONLY;SAMPLE_TOO_SMALL_LOCAL_11_MATCHES_NOT_PRODUCTION_READY,True,False
FB,523318,Younes El Khafi,523998,Zakaria Aiada,95.101559,6.0828,95.101559,4,medium_research_only,SAME_ROLE_ONLY;RESEARCH_ONLY;SAMPLE_TOO_SMALL_LOCAL_11_MATCHES_NOT_PRODUCTION_READY,True,False
MID,2995,Ángel Fabián Di María Hernández,3032,Zinédine Machach,99.609287,3.602655,99.609287,4,medium_research_only,SAME_ROLE_ONLY;RESEARCH_ONLY;SAMPLE_TOO_SMALL_LOCAL_11_MATCHES_NOT_PRODUCTION_READY,True,False
MID,2995,Ángel Fabián Di María Hernández,3090,Nicolás Hernán Otamendi,57.162515,21.683496,57.162515,4,medium_research_only,SAME_ROLE_ONLY;RESEARCH_ONLY;SAMPLE_TOO_SMALL_LOCAL_11_MATCHES_NOT_PRODUCTION_READY,True,False
MID,2995,Ángel Fabián Di María Hernández,3313,Giovani Lo Celso,95.030834,20.794953,95.030834,4,medium_research_only,SAME_ROLE_ONLY;RESEARCH_ONLY;SAMPLE_TOO_SMALL_LOCAL_11_MATCHES_NOT_PRODUCTION_READY,True,False
MID,2995,Ángel Fabián Di María Hernández,5678,Jefferson Andrés Lerma Solís,96.191776,6.408428,96.191776,4,medium_research_only,SAME_ROLE_ONLY;RESEARCH_ONLY;SAMPLE_TOO_SMALL_LOCAL_11_MATCHES_NOT_PRODUCTION_READY,True,False
MID,2995,Ángel Fabián Di María Hernández,5695,James David Rodríguez Rubio,99.185227,3.747877,99.185227,4,medium_research_only,SAME_ROLE_ONLY;RESEARCH_ONLY;SAMPLE_TOO_SMALL_LOCAL_11_MATCHES_NOT_PRODUCTION_READY,True,False
MID,2995,Ángel Fabián Di María Hernández,7183,Moctar Sidi El Hacen El Ide,96.171759,5.894518,96.171759,4,medium_research_only,SAME_ROLE_ONLY;RESEARCH_ONLY;SAMPLE_TOO_SMALL_LOCAL_11_MATCHES_NOT_PRODUCTION_READY,True,False
MID,2995,Ángel Fabián Di María Hernández,7550,Mounir Chouiar,97.913119,6.23815,97.913119,4,medium_research_only,SAME_ROLE_ONLY;RESEARCH_ONLY;SAMPLE_TOO_SMALL_LOCAL_11_MATCHES_NOT_PRODUCTION_READY,True,False
MID,2995,Ángel Fabián Di María Hernández,7717,Rayane Aabid,98.349601,4.558671,98.349601,4,medium_research_only,SAME_ROLE_ONLY;RESEARCH_ONLY;SAMPLE_TOO_SMALL_LOCAL_11_MATCHES_NOT_PRODUCTION_READY,True,False
MID,2995,Ángel Fabián Di María Hernández,7797,Rodrigo Javier De Paul,98.562849,3.656478,98.562849,4,medium_research_only,SAME_ROLE_ONLY;RESEARCH_ONLY;SAMPLE_TOO_SMALL_LOCAL_11_MATCHES_NOT_PRODUCTION_READY,True,False
MID,2995,Ángel Fabián Di María Hernández,10689,Sabir Bougrine,99.487322,2.475221,99.487322,4,medium_research_only,SAME_ROLE_ONLY;RESEARCH_ONLY;SAMPLE_TOO_SMALL_LOCAL_11_MATCHES_NOT_PRODUCTION_READY,True,False
MID,2995,Ángel Fabián Di María Hernández,16308,Leandro Daniel Paredes,96.952202,6.029443,96.952202,4,medium_research_only,SAME_ROLE_ONLY;RESEARCH_ONLY;SAMPLE_TOO_SMALL_LOCAL_11_MATCHES_NOT_PRODUCTION_READY,True,False
MID,2995,Ángel Fabián Di María Hernández,21648,Anas Tahiri,97.187976,5.472663,97.187976,4,medium_research_only,SAME_ROLE_ONLY;RESEARCH_ONLY;SAMPLE_TOO_SMALL_LOCAL_11_MATCHES_NOT_PRODUCTION_READY,True,False
MID,2995,Ángel Fabián Di María Hernández,27277,Jhon Adolfo Arias Andrade,94.810727,9.081164,94.810727,4,medium_research_only,SAME_ROLE_ONLY;RESEARCH_ONLY;SAMPLE_TOO_SMALL_LOCAL_11_MATCHES_NOT_PRODUCTION_READY,True,False
MID,2995,Ángel Fabián Di María Hernández,27886,Alexis Mac Allister,96.924306,7.346442,96.924306,4,medium_research_only,SAME_ROLE_ONLY;RESEARCH_ONLY;SAMPLE_TOO_SMALL_LOCAL_11_MATCHES_NOT_PRODUCTION_READY,True,False
MID,2995,Ángel Fabián Di María Hernández,30155,Bilal Ould-Chikh,99.853014,7.730472,99.853014,4,medium_research_only,SAME_ROLE_ONLY;RESEARCH_ONLY;SAMPLE_TOO_SMALL_LOCAL_11_MATCHES_NOT_PRODUCTION_READY,True,False
MID,2995,Ángel Fabián Di María Hernández,38718,Enzo Fernandez,94.575529,9.688571,94.575529,4,medium_research_only,SAME_ROLE_ONLY;RESEARCH_ONLY;SAMPLE_TOO_SMALL_LOCAL_11_MATCHES_NOT_PRODUCTION_READY,True,False
MID,2995,Ángel Fabián Di María Hernández,46646,José Dembi,96.30109,7.147272,96.30109,4,medium_research_only,SAME_ROLE_ONLY;RESEARCH_ONLY;SAMPLE_TOO_SMALL_LOCAL_11_MATCHES_NOT_PRODUCTION_READY,True,False
MID,2995,Ángel Fabián Di María Hernández,49000,Amine Oudrhiri Idrissi,93.766606,7.618312,93.766606,4,medium_research_only,SAME_ROLE_ONLY;RESEARCH_ONLY;SAMPLE_TOO_SMALL_LOCAL_11_MATCHES_NOT_PRODUCTION_READY,True,False
MID,2995,Ángel Fabián Di María Hernández,49395,Richard Rios Montoya,98.488692,5.802037,98.488692,4,medium_research_only,SAME_ROLE_ONLY;RESEARCH_ONLY;SAMPLE_TOO_SMALL_LOCAL_11_MATCHES_NOT_PRODUCTION_READY,True,False
MID,2995,Ángel Fabián Di María Hernández,60138,Kevin Duvan Castaño Gil,87.751064,86.723594,87.751064,4,medium_research_only,SAME_ROLE_ONLY;RESEARCH_ONLY;SAMPLE_TOO_SMALL_LOCAL_11_MATCHES_NOT_PRODUCTION_READY,True,False
MID,2995,Ángel Fabián Di María Hernández,134249,Adam Ennaffati,96.310028,6.51924,96.310028,4,medium_research_only,SAME_ROLE_ONLY;RESEARCH_ONLY;SAMPLE_TOO_SMALL_LOCAL_11_MATCHES_NOT_PRODUCTION_READY,True,False
MID,2995,Ángel Fabián Di María Hernández,135202,Walid Sabbar,98.511811,4.221703,98.511811,4,medium_research_only,SAME_ROLE_ONLY;RESEARCH_ONLY;SAMPLE_TOO_SMALL_LOCAL_11_MATCHES_NOT_PRODUCTION_READY,True,False
MID,2995,Ángel Fabián Di María Hernández,138827,Achraf El Idrissi,96.546988,5.58582,96.546988,4,medium_research_only,SAME_ROLE_ONLY;RESEARCH_ONLY;SAMPLE_TOO_SMALL_LOCAL_11_MATCHES_NOT_PRODUCTION_READY,True,False
MID,2995,Ángel Fabián Di María Hernández,138845,Mohsine Moutouali,97.22625,5.526315,97.22625,4,medium_research_only,SAME_ROLE_ONLY;RESEARCH_ONLY;SAMPLE_TOO_SMALL_LOCAL_11_MATCHES_NOT_PRODUCTION_READY,True,False
MID,2995,Ángel Fabián Di María Hernández,138853,Abdellah Farah,68.897365,14.594539,68.897365,4,medium_research_only,SAME_ROLE_ONLY;RESEARCH_ONLY;SAMPLE_TOO_SMALL_LOCAL_11_MATCHES_NOT_PRODUCTION_READY,True,False
MID,2995,Ángel Fabián Di María Hernández,138860,Youssef Michte,94.651784,6.910291,94.651784,4,medium_research_only,SAME_ROLE_ONLY;RESEARCH_ONLY;SAMPLE_TOO_SMALL_LOCAL_11_MATCHES_NOT_PRODUCTION_READY,True,False
MID,2995,Ángel Fabián Di María Hernández,138862,Abderrahmane Kassak,98.59049,3.818811,98.59049,4,medium_research_only,SAME_ROLE_ONLY;RESEARCH_ONLY;SAMPLE_TOO_SMALL_LOCAL_11_MATCHES_NOT_PRODUCTION_READY,True,False
MID,2995,Ángel Fabián Di María Hernández,138872,Oussama Mahrous,97.372465,4.887203,97.372465,4,medium_research_only,SAME_ROLE_ONLY;RESEARCH_ONLY;SAMPLE_TOO_SMALL_LOCAL_11_MATCHES_NOT_PRODUCTION_READY,True,False
MID,2995,Ángel Fabián Di María Hernández,138873,Abdelghafour Lamirat,94.725104,8.104355,94.725104,4,medium_research_only,SAME_ROLE_ONLY;RESEARCH_ONLY;SAMPLE_TOO_SMALL_LOCAL_11_MATCHES_NOT_PRODUCTION_READY,True,False
MID,2995,Ángel Fabián Di María Hernández,138877,Saleh Al Sellami,99.120154,3.332284,99.120154,4,medium_research_only,SAME_ROLE_ONLY;RESEARCH_ONLY;SAMPLE_TOO_SMALL_LOCAL_11_MATCHES_NOT_PRODUCTION_READY,True,False
MID,2995,Ángel Fabián Di María Hernández,138895,Abdelfattah Hadraf,79.022809,18.31898,79.022809,4,medium_research_only,SAME_ROLE_ONLY;RESEARCH_ONLY;SAMPLE_TOO_SMALL_LOCAL_11_MATCHES_NOT_PRODUCTION_READY,True,False
MID,2995,Ángel Fabián Di María Hernández,138898,Ahmed Chentouf,75.0893,24.748515,75.0893,4,medium_research_only,SAME_ROLE_ONLY;RESEARCH_ONLY;SAMPLE_TOO_SMALL_LOCAL_11_MATCHES_NOT_PRODUCTION_READY,True,False
MID,2995,Ángel Fabián Di María Hernández,138983,Zine Eddine Derrag,94.606047,8.334467,94.606047,4,medium_research_only,SAME_ROLE_ONLY;RESEARCH_ONLY;SAMPLE_TOO_SMALL_LOCAL_11_MATCHES_NOT_PRODUCTION_READY,True,False
MID,2995,Ángel Fabián Di María Hernández,139545,Mohammad El Fakih,98.118415,5.976995,98.118415,4,medium_research_only,SAME_ROLE_ONLY;RESEARCH_ONLY;SAMPLE_TOO_SMALL_LOCAL_11_MATCHES_NOT_PRODUCTION_READY,True,False
MID,2995,Ángel Fabián Di María Hernández,139554,Abdoulaye Diarra,95.677704,6.932784,95.677704,4,medium_research_only,SAME_ROLE_ONLY;RESEARCH_ONLY;SAMPLE_TOO_SMALL_LOCAL_11_MATCHES_NOT_PRODUCTION_READY,True,False
MID,2995,Ángel Fabián Di María Hernández,139565,Larbi Naji,98.290009,3.979943,98.290009,4,medium_research_only,SAME_ROLE_ONLY;RESEARCH_ONLY;SAMPLE_TOO_SMALL_LOCAL_11_MATCHES_NOT_PRODUCTION_READY,True,False
MID,2995,Ángel Fabián Di María Hernández,139568,Youssef Zghoudi,95.288009,8.439403,95.288009,4,medium_research_only,SAME_ROLE_ONLY;RESEARCH_ONLY;SAMPLE_TOO_SMALL_LOCAL_11_MATCHES_NOT_PRODUCTION_READY,True,False
MID,2995,Ángel Fabián Di María Hernández,139570,Brahim El Bahraoui,97.794581,12.293264,97.794581,4,medium_research_only,SAME_ROLE_ONLY;RESEARCH_ONLY;SAMPLE_TOO_SMALL_LOCAL_11_MATCHES_NOT_PRODUCTION_READY,True,False
MID,2995,Ángel Fabián Di María Hernández,140871,Khalid Ait Ouarkhane,99.025052,3.220847,99.025052,4,medium_research_only,SAME_ROLE_ONLY;RESEARCH_ONLY;SAMPLE_TOO_SMALL_LOCAL_11_MATCHES_NOT_PRODUCTION_READY,True,False
MID,2995,Ángel Fabián Di María Hernández,140872,Mohamed Rabie Hrimat,99.989183,2.090265,99.989183,4,medium_research_only,SAME_ROLE_ONLY;RESEARCH_ONLY;SAMPLE_TOO_SMALL_LOCAL_11_MATCHES_NOT_PRODUCTION_READY,True,False
MID,2995,Ángel Fabián Di María Hernández,141254,Hamza Afsal,91.036988,8.744341,91.036988,4,medium_research_only,SAME_ROLE_ONLY;RESEARCH_ONLY;SAMPLE_TOO_SMALL_LOCAL_11_MATCHES_NOT_PRODUCTION_READY,True,False
MID,2995,Ángel Fabián Di María Hernández,143166,Zakaria Fati,97.004547,5.255316,97.004547,4,medium_research_only,SAME_ROLE_ONLY;RESEARCH_ONLY;SAMPLE_TOO_SMALL_LOCAL_11_MATCHES_NOT_PRODUCTION_READY,True,False
MID,2995,Ángel Fabián Di María Hernández,143490,Ahmed Hammoudan,99.708991,1.67079,99.708991,4,medium_research_only,SAME_ROLE_ONLY;RESEARCH_ONLY;SAMPLE_TOO_SMALL_LOCAL_11_MATCHES_NOT_PRODUCTION_READY,True,False
MID,2995,Ángel Fabián Di María Hernández,143505,Mohamed Morabit,95.680068,6.549559,95.680068,4,medium_research_only,SAME_ROLE_ONLY;RESEARCH_ONLY;SAMPLE_TOO_SMALL_LOCAL_11_MATCHES_NOT_PRODUCTION_READY,True,False
MID,2995,Ángel Fabián Di María Hernández,144434,Ismail Moutaraji,94.623063,11.095364,94.623063,4,medium_research_only,SAME_ROLE_ONLY;RESEARCH_ONLY;SAMPLE_TOO_SMALL_LOCAL_11_MATCHES_NOT_PRODUCTION_READY,True,False
MID,2995,Ángel Fabián Di María Hernández,144436,Anas Serrhat,97.671204,6.816262,97.671204,4,medium_research_only,SAME_ROLE_ONLY;RESEARCH_ONLY;SAMPLE_TOO_SMALL_LOCAL_11_MATCHES_NOT_PRODUCTION_READY,True,False
MID,2995,Ángel Fabián Di María Hernández,149135,Moses Orkuma,94.007183,7.844599,94.007183,4,medium_research_only,SAME_ROLE_ONLY;RESEARCH_ONLY;SAMPLE_TOO_SMALL_LOCAL_11_MATCHES_NOT_PRODUCTION_READY,True,False
MID,2995,Ángel Fabián Di María Hernández,151743,Mohamed Al Makahasi,98.834215,3.372958,98.834215,4,medium_research_only,SAME_ROLE_ONLY;RESEARCH_ONLY;SAMPLE_TOO_SMALL_LOCAL_11_MATCHES_NOT_PRODUCTION_READY,True,False
MID,2995,Ángel Fabián Di María Hernández,154668,Mamadou Lamine Camara,98.102829,4.793106,98.102829,4,medium_research_only,SAME_ROLE_ONLY;RESEARCH_ONLY;SAMPLE_TOO_SMALL_LOCAL_11_MATCHES_NOT_PRODUCTION_READY,True,False
MID,2995,Ángel Fabián Di María Hernández,161352,Salaheddine Errahouli,98.446871,3.818748,98.446871,4,medium_research_only,SAME_ROLE_ONLY;RESEARCH_ONLY;SAMPLE_TOO_SMALL_LOCAL_11_MATCHES_NOT_PRODUCTION_READY,True,False
MID,2995,Ángel Fabián Di María Hernández,183765,Mohammed Amine Essahel,92.082485,8.59667,92.082485,4,medium_research_only,SAME_ROLE_ONLY;RESEARCH_ONLY;SAMPLE_TOO_SMALL_LOCAL_11_MATCHES_NOT_PRODUCTION_READY,True,False
MID,2995,Ángel Fabián Di María Hernández,194809,Oussama Zemraoui,99.887594,2.758095,99.887594,4,medium_research_only,SAME_ROLE_ONLY;RESEARCH_ONLY;SAMPLE_TOO_SMALL_LOCAL_11_MATCHES_NOT_PRODUCTION_READY,True,False
MID,2995,Ángel Fabián Di María Hernández,194912,Faouzi Abd El Mouttalib,95.986623,5.98516,95.986623,4,medium_research_only,SAME_ROLE_ONLY;RESEARCH_ONLY;SAMPLE_TOO_SMALL_LOCAL_11_MATCHES_NOT_PRODUCTION_READY,True,False
MID,2995,Ángel Fabián Di María Hernández,195016,Mouad Mouchtanim,97.348413,5.732374,97.348413,4,medium_research_only,SAME_ROLE_ONLY;RESEARCH_ONLY;SAMPLE_TOO_SMALL_LOCAL_11_MATCHES_NOT_PRODUCTION_READY,True,False
MID,2995,Ángel Fabián Di María Hernández,199611,Youssef Mehri,99.775379,1.518764,99.775379,4,medium_research_only,SAME_ROLE_ONLY;RESEARCH_ONLY;SAMPLE_TOO_SMALL_LOCAL_11_MATCHES_NOT_PRODUCTION_READY,True,False
MID,2995,Ángel Fabián Di María Hernández,203027,Walid Rhailouf,98.696471,4.733192,98.696471,4,medium_research_only,SAME_ROLE_ONLY;RESEARCH_ONLY;SAMPLE_TOO_SMALL_LOCAL_11_MATCHES_NOT_PRODUCTION_READY,True,False
MID,2995,Ángel Fabián Di María Hernández,225437,Stephane Aziz Ki,99.768697,6.720025,99.768697,4,medium_research_only,SAME_ROLE_ONLY;RESEARCH_ONLY;SAMPLE_TOO_SMALL_LOCAL_11_MATCHES_NOT_PRODUCTION_READY,True,False
MID,2995,Ángel Fabián Di María Hernández,261620,Nadir Lougmani,96.88285,6.759878,96.88285,4,medium_research_only,SAME_ROLE_ONLY;RESEARCH_ONLY;SAMPLE_TOO_SMALL_LOCAL_11_MATCHES_NOT_PRODUCTION_READY,True,False
MID,2995,Ángel Fabián Di María Hernández,275341,Yazid Faffa,95.854312,6.388823,95.854312,4,medium_research_only,SAME_ROLE_ONLY;RESEARCH_ONLY;SAMPLE_TOO_SMALL_LOCAL_11_MATCHES_NOT_PRODUCTION_READY,True,False
MID,2995,Ángel Fabián Di María Hernández,312935,Amine Azri,94.073826,7.703489,94.073826,4,medium_research_only,SAME_ROLE_ONLY;RESEARCH_ONLY;SAMPLE_TOO_SMALL_LOCAL_11_MATCHES_NOT_PRODUCTION_READY,True,False
MID,2995,Ángel Fabián Di María Hernández,313277,Mohamed Chemlal,95.54336,24.233626,95.54336,4,medium_research_only,SAME_ROLE_ONLY;RESEARCH_ONLY;SAMPLE_TOO_SMALL_LOCAL_11_MATCHES_NOT_PRODUCTION_READY,True,False
MID,2995,Ángel Fabián Di María Hernández,313284,Achraf Harmach,95.829192,6.106213,95.829192,4,medium_research_only,SAME_ROLE_ONLY;RESEARCH_ONLY;SAMPLE_TOO_SMALL_LOCAL_11_MATCHES_NOT_PRODUCTION_READY,True,False
MID,2995,Ángel Fabián Di María Hernández,314460,Ayoub Bouaadli,97.283933,5.239055,97.283933,4,medium_research_only,SAME_ROLE_ONLY;RESEARCH_ONLY;SAMPLE_TOO_SMALL_LOCAL_11_MATCHES_NOT_PRODUCTION_READY,True,False
MID,2995,Ángel Fabián Di María Hernández,323979,Zakaria Fatihi,89.562864,12.112874,89.562864,4,medium_research_only,SAME_ROLE_ONLY;RESEARCH_ONLY;SAMPLE_TOO_SMALL_LOCAL_11_MATCHES_NOT_PRODUCTION_READY,True,False
MID,2995,Ángel Fabián Di María Hernández,360838,Zakaria Ami,84.013956,11.454211,84.013956,4,medium_research_only,SAME_ROLE_ONLY;RESEARCH_ONLY;SAMPLE_TOO_SMALL_LOCAL_11_MATCHES_NOT_PRODUCTION_READY,True,False
MID,2995,Ángel Fabián Di María Hernández,380600,Mouad Goulouss,95.49818,8.444002,95.49818,4,medium_research_only,SAME_ROLE_ONLY;RESEARCH_ONLY;SAMPLE_TOO_SMALL_LOCAL_11_MATCHES_NOT_PRODUCTION_READY,True,False
MID,2995,Ángel Fabián Di María Hernández,381935,Ismail Mihrab,92.66564,8.227111,92.66564,4,medium_research_only,SAME_ROLE_ONLY;RESEARCH_ONLY;SAMPLE_TOO_SMALL_LOCAL_11_MATCHES_NOT_PRODUCTION_READY,True,False
MID,2995,Ángel Fabián Di María Hernández,396748,Youssef Laghzal,87.639642,10.796939,87.639642,4,medium_research_only,SAME_ROLE_ONLY;RESEARCH_ONLY;SAMPLE_TOO_SMALL_LOCAL_11_MATCHES_NOT_PRODUCTION_READY,True,False
MID,2995,Ángel Fabián Di María Hernández,405645,Othmane Chraibi,94.745019,11.24329,94.745019,4,medium_research_only,SAME_ROLE_ONLY;RESEARCH_ONLY;SAMPLE_TOO_SMALL_LOCAL_11_MATCHES_NOT_PRODUCTION_READY,True,False
MID,2995,Ángel Fabián Di María Hernández,406269,Danilson Gomes Tavares,93.68015,7.824217,93.68015,4,medium_research_only,SAME_ROLE_ONLY;RESEARCH_ONLY;SAMPLE_TOO_SMALL_LOCAL_11_MATCHES_NOT_PRODUCTION_READY,True,False
MID,2995,Ángel Fabián Di María Hernández,407207,Ennaama El Bellali,96.342017,6.333188,96.342017,4,medium_research_only,SAME_ROLE_ONLY;RESEARCH_ONLY;SAMPLE_TOO_SMALL_LOCAL_11_MATCHES_NOT_PRODUCTION_READY,True,False
MID,2995,Ángel Fabián Di María Hernández,407506,Oussama Nourdine,91.047996,9.679687,91.047996,4,medium_research_only,SAME_ROLE_ONLY;RESEARCH_ONLY;SAMPLE_TOO_SMALL_LOCAL_11_MATCHES_NOT_PRODUCTION_READY,True,False
MID,2995,Ángel Fabián Di María Hernández,407852,Abdessamad Mahir,92.929889,8.0468,92.929889,4,medium_research_only,SAME_ROLE_ONLY;RESEARCH_ONLY;SAMPLE_TOO_SMALL_LOCAL_11_MATCHES_NOT_PRODUCTION_READY,True,False
MID,2995,Ángel Fabián Di María Hernández,415853,Claude Gnolou,93.896519,8.016306,93.896519,4,medium_research_only,SAME_ROLE_ONLY;RESEARCH_ONLY;SAMPLE_TOO_SMALL_LOCAL_11_MATCHES_NOT_PRODUCTION_READY,True,False
MID,2995,Ángel Fabián Di María Hernández,416303,El Mahdi Akoumi,97.349388,6.583763,97.349388,4,medium_research_only,SAME_ROLE_ONLY;RESEARCH_ONLY;SAMPLE_TOO_SMALL_LOCAL_11_MATCHES_NOT_PRODUCTION_READY,True,False
MID,2995,Ángel Fabián Di María Hernández,424979,Soufiane Tazi,98.248183,5.272357,98.248183,4,medium_research_only,SAME_ROLE_ONLY;RESEARCH_ONLY;SAMPLE_TOO_SMALL_LOCAL_11_MATCHES_NOT_PRODUCTION_READY,True,False
MID,2995,Ángel Fabián Di María Hernández,442288,Adnane Berdad,95.890885,6.074793,95.890885,4,medium_research_only,SAME_ROLE_ONLY;RESEARCH_ONLY;SAMPLE_TOO_SMALL_LOCAL_11_MATCHES_NOT_PRODUCTION_READY,True,False
MID,2995,Ángel Fabián Di María Hernández,442292,Abdellatif El Bajjani,95.513761,7.033801,95.513761,4,medium_research_only,SAME_ROLE_ONLY;RESEARCH_ONLY;SAMPLE_TOO_SMALL_LOCAL_11_MATCHES_NOT_PRODUCTION_READY,True,False
MID,2995,Ángel Fabián Di María Hernández,443951,Youness Akharraz,94.311782,7.505389,94.311782,4,medium_research_only,SAME_ROLE_ONLY;RESEARCH_ONLY;SAMPLE_TOO_SMALL_LOCAL_11_MATCHES_NOT_PRODUCTION_READY,True,False
MID,2995,Ángel Fabián Di María Hernández,445163,Ayoub Maamouri,97.308807,8.475704,97.308807,4,medium_research_only,SAME_ROLE_ONLY;RESEARCH_ONLY;SAMPLE_TOO_SMALL_LOCAL_11_MATCHES_NOT_PRODUCTION_READY,True,False
MID,2995,Ángel Fabián Di María Hernández,446355,Ishak Zidani,97.719684,4.626089,97.719684,4,medium_research_only,SAME_ROLE_ONLY;RESEARCH_ONLY;SAMPLE_TOO_SMALL_LOCAL_11_MATCHES_NOT_PRODUCTION_READY,True,False
MID,2995,Ángel Fabián Di María Hernández,449373,Marouane Oujeddou,99.627081,3.566513,99.627081,4,medium_research_only,SAME_ROLE_ONLY;RESEARCH_ONLY;SAMPLE_TOO_SMALL_LOCAL_11_MATCHES_NOT_PRODUCTION_READY,True,False
MID,2995,Ángel Fabián Di María Hernández,449471,Ayman Tarrazi,92.166334,8.26463,92.166334,4,medium_research_only,SAME_ROLE_ONLY;RESEARCH_ONLY;SAMPLE_TOO_SMALL_LOCAL_11_MATCHES_NOT_PRODUCTION_READY,True,False
MID,2995,Ángel Fabián Di María Hernández,450709,Joseph Bakasu       ,94.387521,7.224083,94.387521,4,medium_research_only,SAME_ROLE_ONLY;RESEARCH_ONLY;SAMPLE_TOO_SMALL_LOCAL_11_MATCHES_NOT_PRODUCTION_READY,True,False
MID,2995,Ángel Fabián Di María Hernández,460266,Youness Dahmani,77.369954,12.853403,77.369954,4,medium_research_only,SAME_ROLE_ONLY;RESEARCH_ONLY;SAMPLE_TOO_SMALL_LOCAL_11_MATCHES_NOT_PRODUCTION_READY,True,False
MID,2995,Ángel Fabián Di María Hernández,477679,Redouane Oubidar,90.376094,10.028535,90.376094,4,medium_research_only,SAME_ROLE_ONLY;RESEARCH_ONLY;SAMPLE_TOO_SMALL_LOCAL_11_MATCHES_NOT_PRODUCTION_READY,True,False
MID,2995,Ángel Fabián Di María Hernández,477680,Hamza Saoud,97.942759,8.558065,97.942759,4,medium_research_only,SAME_ROLE_ONLY;RESEARCH_ONLY;SAMPLE_TOO_SMALL_LOCAL_11_MATCHES_NOT_PRODUCTION_READY,True,False
MID,2995,Ángel Fabián Di María Hernández,477682,Ayoub Benaadi,99.000033,3.046142,99.000033,4,medium_research_only,SAME_ROLE_ONLY;RESEARCH_ONLY;SAMPLE_TOO_SMALL_LOCAL_11_MATCHES_NOT_PRODUCTION_READY,True,False
MID,2995,Ángel Fabián Di María Hernández,477688,Ayoub El Khaffi,94.298252,12.979763,94.298252,4,medium_research_only,SAME_ROLE_ONLY;RESEARCH_ONLY;SAMPLE_TOO_SMALL_LOCAL_11_MATCHES_NOT_PRODUCTION_READY,True,False
MID,2995,Ángel Fabián Di María Hernández,523298,Mohamed Ahayaoui,95.959885,7.778669,95.959885,4,medium_research_only,SAME_ROLE_ONLY;RESEARCH_ONLY;SAMPLE_TOO_SMALL_LOCAL_11_MATCHES_NOT_PRODUCTION_READY,True,False
MID,2995,Ángel Fabián Di María Hernández,523308,Adil Khalloufi,92.712662,9.285788,92.712662,4,medium_research_only,SAME_ROLE_ONLY;RESEARCH_ONLY;SAMPLE_TOO_SMALL_LOCAL_11_MATCHES_NOT_PRODUCTION_READY,True,False
MID,2995,Ángel Fabián Di María Hernández,523312,Brahim Mansouri,97.926954,4.441309,97.926954,4,medium_research_only,SAME_ROLE_ONLY;RESEARCH_ONLY;SAMPLE_TOO_SMALL_LOCAL_11_MATCHES_NOT_PRODUCTION_READY,True,False
MID,2995,Ángel Fabián Di María Hernández,523319,Omar Ouddah,91.338287,10.964559,91.338287,4,medium_research_only,SAME_ROLE_ONLY;RESEARCH_ONLY;SAMPLE_TOO_SMALL_LOCAL_11_MATCHES_NOT_PRODUCTION_READY,True,False
MID,2995,Ángel Fabián Di María Hernández,523973,Hamza Rafa,94.523408,7.559242,94.523408,4,medium_research_only,SAME_ROLE_ONLY;RESEARCH_ONLY;SAMPLE_TOO_SMALL_LOCAL_11_MATCHES_NOT_PRODUCTION_READY,True,False
MID,2995,Ángel Fabián Di María Hernández,523996,Fred Duval Ngoma,94.448719,7.635266,94.448719,4,medium_research_only,SAME_ROLE_ONLY;RESEARCH_ONLY;SAMPLE_TOO_SMALL_LOCAL_11_MATCHES_NOT_PRODUCTION_READY,True,False
MID,2995,Ángel Fabián Di María Hernández,523997,Karim L'Koucha,94.71557,7.730552,94.71557,4,medium_research_only,SAME_ROLE_ONLY;RESEARCH_ONLY;SAMPLE_TOO_SMALL_LOCAL_11_MATCHES_NOT_PRODUCTION_READY,True,False
MID,2995,Ángel Fabián Di María Hernández,523999,Zakaria Kessary,97.361816,5.838003,97.361816,4,medium_research_only,SAME_ROLE_ONLY;RESEARCH_ONLY;SAMPLE_TOO_SMALL_LOCAL_11_MATCHES_NOT_PRODUCTION_READY,True,False
MID,2995,Ángel Fabián Di María Hernández,524000,Ahmed Aboulfath,84.970553,10.926626,84.970553,4,medium_research_only,SAME_ROLE_ONLY;RESEARCH_ONLY;SAMPLE_TOO_SMALL_LOCAL_11_MATCHES_NOT_PRODUCTION_READY,True,False
MID,2995,Ángel Fabián Di María Hernández,524002,Salim Ghazzani,92.994961,13.065508,92.994961,4,medium_research_only,SAME_ROLE_ONLY;RESEARCH_ONLY;SAMPLE_TOO_SMALL_LOCAL_11_MATCHES_NOT_PRODUCTION_READY,True,False
MID,2995,Ángel Fabián Di María Hernández,524003,Mohammed Es-Sahel,91.60887,8.548629,91.60887,4,medium_research_only,SAME_ROLE_ONLY;RESEARCH_ONLY;SAMPLE_TOO_SMALL_LOCAL_11_MATCHES_NOT_PRODUCTION_READY,True,False
MID,2995,Ángel Fabián Di María Hernández,524511,Saad Nassik,95.023098,6.669935,95.023098,4,medium_research_only,SAME_ROLE_ONLY;RESEARCH_ONLY;SAMPLE_TOO_SMALL_LOCAL_11_MATCHES_NOT_PRODUCTION_READY,True,False
MID,3032,Zinédine Machach,3090,Nicolás Hernán Otamendi,53.075458,24.623492,53.075458,4,medium_research_only,SAME_ROLE_ONLY;RESEARCH_ONLY;SAMPLE_TOO_SMALL_LOCAL_11_MATCHES_NOT_PRODUCTION_READY,True,False
MID,3032,Zinédine Machach,3313,Giovani Lo Celso,92.914446,20.127341,92.914446,4,medium_research_only,SAME_ROLE_ONLY;RESEARCH_ONLY;SAMPLE_TOO_SMALL_LOCAL_11_MATCHES_NOT_PRODUCTION_READY,True,False
MID,3032,Zinédine Machach,5678,Jefferson Andrés Lerma Solís,96.092188,7.048784,96.092188,4,medium_research_only,SAME_ROLE_ONLY;RESEARCH_ONLY;SAMPLE_TOO_SMALL_LOCAL_11_MATCHES_NOT_PRODUCTION_READY,True,False
MID,3032,Zinédine Machach,5695,James David Rodríguez Rubio,99.055786,3.529716,99.055786,4,medium_research_only,SAME_ROLE_ONLY;RESEARCH_ONLY;SAMPLE_TOO_SMALL_LOCAL_11_MATCHES_NOT_PRODUCTION_READY,True,False
MID,3032,Zinédine Machach,7183,Moctar Sidi El Hacen El Ide,95.927486,7.439513,95.927486,4,medium_research_only,SAME_ROLE_ONLY;RESEARCH_ONLY;SAMPLE_TOO_SMALL_LOCAL_11_MATCHES_NOT_PRODUCTION_READY,True,False
MID,3032,Zinédine Machach,7550,Mounir Chouiar,97.77716,9.002147,97.77716,4,medium_research_only,SAME_ROLE_ONLY;RESEARCH_ONLY;SAMPLE_TOO_SMALL_LOCAL_11_MATCHES_NOT_PRODUCTION_READY,True,False
MID,3032,Zinédine Machach,7717,Rayane Aabid,98.910791,3.833185,98.910791,4,medium_research_only,SAME_ROLE_ONLY;RESEARCH_ONLY;SAMPLE_TOO_SMALL_LOCAL_11_MATCHES_NOT_PRODUCTION_READY,True,False
MID,3032,Zinédine Machach,7797,Rodrigo Javier De Paul,98.856504,5.154457,98.856504,4,medium_research_only,SAME_ROLE_ONLY;RESEARCH_ONLY;SAMPLE_TOO_SMALL_LOCAL_11_MATCHES_NOT_PRODUCTION_READY,True,False
MID,3032,Zinédine Machach,10689,Sabir Bougrine,99.887808,2.239438,99.887808,4,medium_research_only,SAME_ROLE_ONLY;RESEARCH_ONLY;SAMPLE_TOO_SMALL_LOCAL_11_MATCHES_NOT_PRODUCTION_READY,True,False
MID,3032,Zinédine Machach,16308,Leandro Daniel Paredes,97.635185,5.527219,97.635185,4,medium_research_only,SAME_ROLE_ONLY;RESEARCH_ONLY;SAMPLE_TOO_SMALL_LOCAL_11_MATCHES_NOT_PRODUCTION_READY,True,False
MID,3032,Zinédine Machach,21648,Anas Tahiri,98.458209,6.99207,98.458209,4,medium_research_only,SAME_ROLE_ONLY;RESEARCH_ONLY;SAMPLE_TOO_SMALL_LOCAL_11_MATCHES_NOT_PRODUCTION_READY,True,False
MID,3032,Zinédine Machach,27277,Jhon Adolfo Arias Andrade,95.151934,8.480985,95.151934,4,medium_research_only,SAME_ROLE_ONLY;RESEARCH_ONLY;SAMPLE_TOO_SMALL_LOCAL_11_MATCHES_NOT_PRODUCTION_READY,True,False
MID,3032,Zinédine Machach,27886,Alexis Mac Allister,97.732111,5.797567,97.732111,4,medium_research_only,SAME_ROLE_ONLY;RESEARCH_ONLY;SAMPLE_TOO_SMALL_LOCAL_11_MATCHES_NOT_PRODUCTION_READY,True,False
MID,3032,Zinédine Machach,30155,Bilal Ould-Chikh,99.434816,5.574618,99.434816,4,medium_research_only,SAME_ROLE_ONLY;RESEARCH_ONLY;SAMPLE_TOO_SMALL_LOCAL_11_MATCHES_NOT_PRODUCTION_READY,True,False
MID,3032,Zinédine Machach,38718,Enzo Fernandez,94.70286,9.132604,94.70286,4,medium_research_only,SAME_ROLE_ONLY;RESEARCH_ONLY;SAMPLE_TOO_SMALL_LOCAL_11_MATCHES_NOT_PRODUCTION_READY,True,False
MID,3032,Zinédine Machach,46646,José Dembi,96.859906,9.568956,96.859906,4,medium_research_only,SAME_ROLE_ONLY;RESEARCH_ONLY;SAMPLE_TOO_SMALL_LOCAL_11_MATCHES_NOT_PRODUCTION_READY,True,False
MID,3032,Zinédine Machach,49000,Amine Oudrhiri Idrissi,94.401979,8.408558,94.401979,4,medium_research_only,SAME_ROLE_ONLY;RESEARCH_ONLY;SAMPLE_TOO_SMALL_LOCAL_11_MATCHES_NOT_PRODUCTION_READY,True,False
MID,3032,Zinédine Machach,49395,Richard Rios Montoya,98.154789,5.189416,98.154789,4,medium_research_only,SAME_ROLE_ONLY;RESEARCH_ONLY;SAMPLE_TOO_SMALL_LOCAL_11_MATCHES_NOT_PRODUCTION_READY,True,False
MID,3032,Zinédine Machach,60138,Kevin Duvan Castaño Gil,87.838206,84.731947,87.838206,4,medium_research_only,SAME_ROLE_ONLY;RESEARCH_ONLY;SAMPLE_TOO_SMALL_LOCAL_11_MATCHES_NOT_PRODUCTION_READY,True,False
MID,3032,Zinédine Machach,134249,Adam Ennaffati,95.373041,9.389809,95.373041,4,medium_research_only,SAME_ROLE_ONLY;RESEARCH_ONLY;SAMPLE_TOO_SMALL_LOCAL_11_MATCHES_NOT_PRODUCTION_READY,True,False
MID,3032,Zinédine Machach,135202,Walid Sabbar,98.190399,6.810703,98.190399,4,medium_research_only,SAME_ROLE_ONLY;RESEARCH_ONLY;SAMPLE_TOO_SMALL_LOCAL_11_MATCHES_NOT_PRODUCTION_READY,True,False
MID,3032,Zinédine Machach,138827,Achraf El Idrissi,96.993911,7.056101,96.993911,4,medium_research_only,SAME_ROLE_ONLY;RESEARCH_ONLY;SAMPLE_TOO_SMALL_LOCAL_11_MATCHES_NOT_PRODUCTION_READY,True,False
MID,3032,Zinédine Machach,138845,Mohsine Moutouali,95.798935,7.297668,95.798935,4,medium_research_only,SAME_ROLE_ONLY;RESEARCH_ONLY;SAMPLE_TOO_SMALL_LOCAL_11_MATCHES_NOT_PRODUCTION_READY,True,False
MID,3032,Zinédine Machach,138853,Abdellah Farah,67.771446,17.561925,67.771446,4,medium_research_only,SAME_ROLE_ONLY;RESEARCH_ONLY;SAMPLE_TOO_SMALL_LOCAL_11_MATCHES_NOT_PRODUCTION_READY,True,False
MID,3032,Zinédine Machach,138860,Youssef Michte,94.61489,8.403038,94.61489,4,medium_research_only,SAME_ROLE_ONLY;RESEARCH_ONLY;SAMPLE_TOO_SMALL_LOCAL_11_MATCHES_NOT_PRODUCTION_READY,True,False
MID,3032,Zinédine Machach,138862,Abderrahmane Kassak,98.713083,4.405719,98.713083,4,medium_research_only,SAME_ROLE_ONLY;RESEARCH_ONLY;SAMPLE_TOO_SMALL_LOCAL_11_MATCHES_NOT_PRODUCTION_READY,True,False
MID,3032,Zinédine Machach,138872,Oussama Mahrous,97.234943,6.6952,97.234943,4,medium_research_only,SAME_ROLE_ONLY;RESEARCH_ONLY;SAMPLE_TOO_SMALL_LOCAL_11_MATCHES_NOT_PRODUCTION_READY,True,False
MID,3032,Zinédine Machach,138873,Abdelghafour Lamirat,94.789537,8.266916,94.789537,4,medium_research_only,SAME_ROLE_ONLY;RESEARCH_ONLY;SAMPLE_TOO_SMALL_LOCAL_11_MATCHES_NOT_PRODUCTION_READY,True,False
MID,3032,Zinédine Machach,138877,Saleh Al Sellami,98.388169,6.318954,98.388169,4,medium_research_only,SAME_ROLE_ONLY;RESEARCH_ONLY;SAMPLE_TOO_SMALL_LOCAL_11_MATCHES_NOT_PRODUCTION_READY,True,False
MID,3032,Zinédine Machach,138895,Abdelfattah Hadraf,75.174793,20.498455,75.174793,4,medium_research_only,SAME_ROLE_ONLY;RESEARCH_ONLY;SAMPLE_TOO_SMALL_LOCAL_11_MATCHES_NOT_PRODUCTION_READY,True,False
MID,3032,Zinédine Machach,138898,Ahmed Chentouf,72.130194,26.229316,72.130194,4,medium_research_only,SAME_ROLE_ONLY;RESEARCH_ONLY;SAMPLE_TOO_SMALL_LOCAL_11_MATCHES_NOT_PRODUCTION_READY,True,False
MID,3032,Zinédine Machach,138983,Zine Eddine Derrag,95.400732,7.824394,95.400732,4,medium_research_only,SAME_ROLE_ONLY;RESEARCH_ONLY;SAMPLE_TOO_SMALL_LOCAL_11_MATCHES_NOT_PRODUCTION_READY,True,False
MID,3032,Zinédine Machach,139545,Mohammad El Fakih,97.912536,5.427235,97.912536,4,medium_research_only,SAME_ROLE_ONLY;RESEARCH_ONLY;SAMPLE_TOO_SMALL_LOCAL_11_MATCHES_NOT_PRODUCTION_READY,True,False
MID,3032,Zinédine Machach,139554,Abdoulaye Diarra,95.958534,9.272566,95.958534,4,medium_research_only,SAME_ROLE_ONLY;RESEARCH_ONLY;SAMPLE_TOO_SMALL_LOCAL_11_MATCHES_NOT_PRODUCTION_READY,True,False
MID,3032,Zinédine Machach,139565,Larbi Naji,98.437863,5.620208,98.437863,4,medium_research_only,SAME_ROLE_ONLY;RESEARCH_ONLY;SAMPLE_TOO_SMALL_LOCAL_11_MATCHES_NOT_PRODUCTION_READY,True,False
MID,3032,Zinédine Machach,139568,Youssef Zghoudi,95.641677,11.078421,95.641677,4,medium_research_only,SAME_ROLE_ONLY;RESEARCH_ONLY;SAMPLE_TOO_SMALL_LOCAL_11_MATCHES_NOT_PRODUCTION_READY,True,False
MID,3032,Zinédine Machach,139570,Brahim El Bahraoui,97.451798,15.252502,97.451798,4,medium_research_only,SAME_ROLE_ONLY;RESEARCH_ONLY;SAMPLE_TOO_SMALL_LOCAL_11_MATCHES_NOT_PRODUCTION_READY,True,False
MID,3032,Zinédine Machach,140871,Khalid Ait Ouarkhane,98.215679,6.115707,98.215679,4,medium_research_only,SAME_ROLE_ONLY;RESEARCH_ONLY;SAMPLE_TOO_SMALL_LOCAL_11_MATCHES_NOT_PRODUCTION_READY,True,False
MID,3032,Zinédine Machach,140872,Mohamed Rabie Hrimat,99.724055,2.060328,99.724055,4,medium_research_only,SAME_ROLE_ONLY;RESEARCH_ONLY;SAMPLE_TOO_SMALL_LOCAL_11_MATCHES_NOT_PRODUCTION_READY,True,False
MID,3032,Zinédine Machach,141254,Hamza Afsal,88.698574,11.544039,88.698574,4,medium_research_only,SAME_ROLE_ONLY;RESEARCH_ONLY;SAMPLE_TOO_SMALL_LOCAL_11_MATCHES_NOT_PRODUCTION_READY,True,False
MID,3032,Zinédine Machach,143166,Zakaria Fati,97.69881,5.897309,97.69881,4,medium_research_only,SAME_ROLE_ONLY;RESEARCH_ONLY;SAMPLE_TOO_SMALL_LOCAL_11_MATCHES_NOT_PRODUCTION_READY,True,False
MID,3032,Zinédine Machach,143490,Ahmed Hammoudan,98.68145,5.036538,98.68145,4,medium_research_only,SAME_ROLE_ONLY;RESEARCH_ONLY;SAMPLE_TOO_SMALL_LOCAL_11_MATCHES_NOT_PRODUCTION_READY,True,False
MID,3032,Zinédine Machach,143505,Mohamed Morabit,93.510336,8.963231,93.510336,4,medium_research_only,SAME_ROLE_ONLY;RESEARCH_ONLY;SAMPLE_TOO_SMALL_LOCAL_11_MATCHES_NOT_PRODUCTION_READY,True,False
MID,3032,Zinédine Machach,144434,Ismail Moutaraji,95.278728,9.678071,95.278728,4,medium_research_only,SAME_ROLE_ONLY;RESEARCH_ONLY;SAMPLE_TOO_SMALL_LOCAL_11_MATCHES_NOT_PRODUCTION_READY,True,False
MID,3032,Zinédine Machach,144436,Anas Serrhat,97.508163,6.113778,97.508163,4,medium_research_only,SAME_ROLE_ONLY;RESEARCH_ONLY;SAMPLE_TOO_SMALL_LOCAL_11_MATCHES_NOT_PRODUCTION_READY,True,False
MID,3032,Zinédine Machach,149135,Moses Orkuma,93.658582,8.882649,93.658582,4,medium_research_only,SAME_ROLE_ONLY;RESEARCH_ONLY;SAMPLE_TOO_SMALL_LOCAL_11_MATCHES_NOT_PRODUCTION_READY,True,False
MID,3032,Zinédine Machach,151743,Mohamed Al Makahasi,98.598043,4.709264,98.598043,4,medium_research_only,SAME_ROLE_ONLY;RESEARCH_ONLY;SAMPLE_TOO_SMALL_LOCAL_11_MATCHES_NOT_PRODUCTION_READY,True,False
MID,3032,Zinédine Machach,154668,Mamadou Lamine Camara,97.799314,5.347042,97.799314,4,medium_research_only,SAME_ROLE_ONLY;RESEARCH_ONLY;SAMPLE_TOO_SMALL_LOCAL_11_MATCHES_NOT_PRODUCTION_READY,True,False
MID,3032,Zinédine Machach,161352,Salaheddine Errahouli,97.560759,6.425537,97.560759,4,medium_research_only,SAME_ROLE_ONLY;RESEARCH_ONLY;SAMPLE_TOO_SMALL_LOCAL_11_MATCHES_NOT_PRODUCTION_READY,True,False
MID,3032,Zinédine Machach,183765,Mohammed Amine Essahel,91.318357,10.245534,91.318357,4,medium_research_only,SAME_ROLE_ONLY;RESEARCH_ONLY;SAMPLE_TOO_SMALL_LOCAL_11_MATCHES_NOT_PRODUCTION_READY,True,False
MID,3032,Zinédine Machach,194809,Oussama Zemraoui,99.670186,2.105974,99.670186,4,medium_research_only,SAME_ROLE_ONLY;RESEARCH_ONLY;SAMPLE_TOO_SMALL_LOCAL_11_MATCHES_NOT_PRODUCTION_READY,True,False
MID,3032,Zinédine Machach,194912,Faouzi Abd El Mouttalib,96.789697,7.081446,96.789697,4,medium_research_only,SAME_ROLE_ONLY;RESEARCH_ONLY;SAMPLE_TOO_SMALL_LOCAL_11_MATCHES_NOT_PRODUCTION_READY,True,False
MID,3032,Zinédine Machach,195016,Mouad Mouchtanim,96.414925,6.78353,96.414925,4,medium_research_only,SAME_ROLE_ONLY;RESEARCH_ONLY;SAMPLE_TOO_SMALL_LOCAL_11_MATCHES_NOT_PRODUCTION_READY,True,False
MID,3032,Zinédine Machach,199611,Youssef Mehri,99.321817,3.762662,99.321817,4,medium_research_only,SAME_ROLE_ONLY;RESEARCH_ONLY;SAMPLE_TOO_SMALL_LOCAL_11_MATCHES_NOT_PRODUCTION_READY,True,False
MID,3032,Zinédine Machach,203027,Walid Rhailouf,99.043049,3.549455,99.043049,4,medium_research_only,SAME_ROLE_ONLY;RESEARCH_ONLY;SAMPLE_TOO_SMALL_LOCAL_11_MATCHES_NOT_PRODUCTION_READY,True,False
MID,3032,Zinédine Machach,225437,Stephane Aziz Ki,99.129766,9.850198,99.129766,4,medium_research_only,SAME_ROLE_ONLY;RESEARCH_ONLY;SAMPLE_TOO_SMALL_LOCAL_11_MATCHES_NOT_PRODUCTION_READY,True,False
MID,3032,Zinédine Machach,261620,Nadir Lougmani,97.675489,9.082386,97.675489,4,medium_research_only,SAME_ROLE_ONLY;RESEARCH_ONLY;SAMPLE_TOO_SMALL_LOCAL_11_MATCHES_NOT_PRODUCTION_READY,True,False
MID,3032,Zinédine Machach,275341,Yazid Faffa,95.021915,9.032925,95.021915,4,medium_research_only,SAME_ROLE_ONLY;RESEARCH_ONLY;SAMPLE_TOO_SMALL_LOCAL_11_MATCHES_NOT_PRODUCTION_READY,True,False
MID,3032,Zinédine Machach,312935,Amine Azri,93.259753,9.130536,93.259753,4,medium_research_only,SAME_ROLE_ONLY;RESEARCH_ONLY;SAMPLE_TOO_SMALL_LOCAL_11_MATCHES_NOT_PRODUCTION_READY,True,False
MID,3032,Zinédine Machach,313277,Mohamed Chemlal,94.798506,22.495299,94.798506,4,medium_research_only,SAME_ROLE_ONLY;RESEARCH_ONLY;SAMPLE_TOO_SMALL_LOCAL_11_MATCHES_NOT_PRODUCTION_READY,True,False
MID,3032,Zinédine Machach,313284,Achraf Harmach,95.975542,7.789684,95.975542,4,medium_research_only,SAME_ROLE_ONLY;RESEARCH_ONLY;SAMPLE_TOO_SMALL_LOCAL_11_MATCHES_NOT_PRODUCTION_READY,True,False
MID,3032,Zinédine Machach,314460,Ayoub Bouaadli,97.628936,5.664944,97.628936,4,medium_research_only,SAME_ROLE_ONLY;RESEARCH_ONLY;SAMPLE_TOO_SMALL_LOCAL_11_MATCHES_NOT_PRODUCTION_READY,True,False
MID,3032,Zinédine Machach,323979,Zakaria Fatihi,90.272225,11.945476,90.272225,4,medium_research_only,SAME_ROLE_ONLY;RESEARCH_ONLY;SAMPLE_TOO_SMALL_LOCAL_11_MATCHES_NOT_PRODUCTION_READY,True,False
MID,3032,Zinédine Machach,360838,Zakaria Ami,81.235598,14.626987,81.235598,4,medium_research_only,SAME_ROLE_ONLY;RESEARCH_ONLY;SAMPLE_TOO_SMALL_LOCAL_11_MATCHES_NOT_PRODUCTION_READY,True,False
MID,3032,Zinédine Machach,380600,Mouad Goulouss,95.495179,11.195189,95.495179,4,medium_research_only,SAME_ROLE_ONLY;RESEARCH_ONLY;SAMPLE_TOO_SMALL_LOCAL_11_MATCHES_NOT_PRODUCTION_READY,True,False
MID,3032,Zinédine Machach,381935,Ismail Mihrab,91.576602,10.952804,91.576602,4,medium_research_only,SAME_ROLE_ONLY;RESEARCH_ONLY;SAMPLE_TOO_SMALL_LOCAL_11_MATCHES_NOT_PRODUCTION_READY,True,False
MID,3032,Zinédine Machach,396748,Youssef Laghzal,86.073807,13.79242,86.073807,4,medium_research_only,SAME_ROLE_ONLY;RESEARCH_ONLY;SAMPLE_TOO_SMALL_LOCAL_11_MATCHES_NOT_PRODUCTION_READY,True,False
MID,3032,Zinédine Machach,405645,Othmane Chraibi,95.832877,9.376999,95.832877,4,medium_research_only,SAME_ROLE_ONLY;RESEARCH_ONLY;SAMPLE_TOO_SMALL_LOCAL_11_MATCHES_NOT_PRODUCTION_READY,True,False
MID,3032,Zinédine Machach,406269,Danilson Gomes Tavares,93.037116,10.436579,93.037116,4,medium_research_only,SAME_ROLE_ONLY;RESEARCH_ONLY;SAMPLE_TOO_SMALL_LOCAL_11_MATCHES_NOT_PRODUCTION_READY,True,False
MID,3032,Zinédine Machach,407207,Ennaama El Bellali,96.637783,6.55786,96.637783,4,medium_research_only,SAME_ROLE_ONLY;RESEARCH_ONLY;SAMPLE_TOO_SMALL_LOCAL_11_MATCHES_NOT_PRODUCTION_READY,True,False
MID,3032,Zinédine Machach,407506,Oussama Nourdine,90.081918,11.086773,90.081918,4,medium_research_only,SAME_ROLE_ONLY;RESEARCH_ONLY;SAMPLE_TOO_SMALL_LOCAL_11_MATCHES_NOT_PRODUCTION_READY,True,False
MID,3032,Zinédine Machach,407852,Abdessamad Mahir,91.659281,10.058587,91.659281,4,medium_research_only,SAME_ROLE_ONLY;RESEARCH_ONLY;SAMPLE_TOO_SMALL_LOCAL_11_MATCHES_NOT_PRODUCTION_READY,True,False
MID,3032,Zinédine Machach,415853,Claude Gnolou,93.361836,9.102529,93.361836,4,medium_research_only,SAME_ROLE_ONLY;RESEARCH_ONLY;SAMPLE_TOO_SMALL_LOCAL_11_MATCHES_NOT_PRODUCTION_READY,True,False
MID,3032,Zinédine Machach,416303,El Mahdi Akoumi,97.21965,9.310784,97.21965,4,medium_research_only,SAME_ROLE_ONLY;RESEARCH_ONLY;SAMPLE_TOO_SMALL_LOCAL_11_MATCHES_NOT_PRODUCTION_READY,True,False
MID,3032,Zinédine Machach,424979,Soufiane Tazi,98.466094,4.50021,98.466094,4,medium_research_only,SAME_ROLE_ONLY;RESEARCH_ONLY;SAMPLE_TOO_SMALL_LOCAL_11_MATCHES_NOT_PRODUCTION_READY,True,False
MID,3032,Zinédine Machach,442288,Adnane Berdad,95.774416,7.974381,95.774416,4,medium_research_only,SAME_ROLE_ONLY;RESEARCH_ONLY;SAMPLE_TOO_SMALL_LOCAL_11_MATCHES_NOT_PRODUCTION_READY,True,False
MID,3032,Zinédine Machach,442292,Abdellatif El Bajjani,96.495013,6.689869,96.495013,4,medium_research_only,SAME_ROLE_ONLY;RESEARCH_ONLY;SAMPLE_TOO_SMALL_LOCAL_11_MATCHES_NOT_PRODUCTION_READY,True,False
MID,3032,Zinédine Machach,443951,Youness Akharraz,94.981691,9.59685,94.981691,4,medium_research_only,SAME_ROLE_ONLY;RESEARCH_ONLY;SAMPLE_TOO_SMALL_LOCAL_11_MATCHES_NOT_PRODUCTION_READY,True,False
MID,3032,Zinédine Machach,445163,Ayoub Maamouri,95.288887,11.802118,95.288887,4,medium_research_only,SAME_ROLE_ONLY;RESEARCH_ONLY;SAMPLE_TOO_SMALL_LOCAL_11_MATCHES_NOT_PRODUCTION_READY,True,False
MID,3032,Zinédine Machach,446355,Ishak Zidani,98.133808,5.36448,98.133808,4,medium_research_only,SAME_ROLE_ONLY;RESEARCH_ONLY;SAMPLE_TOO_SMALL_LOCAL_11_MATCHES_NOT_PRODUCTION_READY,True,False
MID,3032,Zinédine Machach,449373,Marouane Oujeddou,99.116855,6.704589,99.116855,4,medium_research_only,SAME_ROLE_ONLY;RESEARCH_ONLY;SAMPLE_TOO_SMALL_LOCAL_11_MATCHES_NOT_PRODUCTION_READY,True,False
MID,3032,Zinédine Machach,449471,Ayman Tarrazi,91.616623,10.625894,91.616623,4,medium_research_only,SAME_ROLE_ONLY;RESEARCH_ONLY;SAMPLE_TOO_SMALL_LOCAL_11_MATCHES_NOT_PRODUCTION_READY,True,False
MID,3032,Zinédine Machach,450709,Joseph Bakasu       ,94.909786,8.068945,94.909786,4,medium_research_only,SAME_ROLE_ONLY;RESEARCH_ONLY;SAMPLE_TOO_SMALL_LOCAL_11_MATCHES_NOT_PRODUCTION_READY,True,False
MID,3032,Zinédine Machach,460266,Youness Dahmani,74.043785,16.064973,74.043785,4,medium_research_only,SAME_ROLE_ONLY;RESEARCH_ONLY;SAMPLE_TOO_SMALL_LOCAL_11_MATCHES_NOT_PRODUCTION_READY,True,False
MID,3032,Zinédine Machach,477679,Redouane Oubidar,88.652406,11.846587,88.652406,4,medium_research_only,SAME_ROLE_ONLY;RESEARCH_ONLY;SAMPLE_TOO_SMALL_LOCAL_11_MATCHES_NOT_PRODUCTION_READY,True,False
MID,3032,Zinédine Machach,477680,Hamza Saoud,98.143205,6.653988,98.143205,4,medium_research_only,SAME_ROLE_ONLY;RESEARCH_ONLY;SAMPLE_TOO_SMALL_LOCAL_11_MATCHES_NOT_PRODUCTION_READY,True,False
MID,3032,Zinédine Machach,477682,Ayoub Benaadi,99.081556,4.70808,99.081556,4,medium_research_only,SAME_ROLE_ONLY;RESEARCH_ONLY;SAMPLE_TOO_SMALL_LOCAL_11_MATCHES_NOT_PRODUCTION_READY,True,False
MID,3032,Zinédine Machach,477688,Ayoub El Khaffi,94.594161,11.594919,94.594161,4,medium_research_only,SAME_ROLE_ONLY;RESEARCH_ONLY;SAMPLE_TOO_SMALL_LOCAL_11_MATCHES_NOT_PRODUCTION_READY,True,False
MID,3032,Zinédine Machach,523298,Mohamed Ahayaoui,95.184853,8.186316,95.184853,4,medium_research_only,SAME_ROLE_ONLY;RESEARCH_ONLY;SAMPLE_TOO_SMALL_LOCAL_11_MATCHES_NOT_PRODUCTION_READY,True,False
MID,3032,Zinédine Machach,523308,Adil Khalloufi,92.296395,10.010542,92.296395,4,medium_research_only,SAME_ROLE_ONLY;RESEARCH_ONLY;SAMPLE_TOO_SMALL_LOCAL_11_MATCHES_NOT_PRODUCTION_READY,True,False
MID,3032,Zinédine Machach,523312,Brahim Mansouri,96.56086,6.775,96.56086,4,medium_research_only,SAME_ROLE_ONLY;RESEARCH_ONLY;SAMPLE_TOO_SMALL_LOCAL_11_MATCHES_NOT_PRODUCTION_READY,True,False
MID,3032,Zinédine Machach,523319,Omar Ouddah,90.098484,11.898022,90.098484,4,medium_research_only,SAME_ROLE_ONLY;RESEARCH_ONLY;SAMPLE_TOO_SMALL_LOCAL_11_MATCHES_NOT_PRODUCTION_READY,True,False
MID,3032,Zinédine Machach,523973,Hamza Rafa,95.299527,7.699303,95.299527,4,medium_research_only,SAME_ROLE_ONLY;RESEARCH_ONLY;SAMPLE_TOO_SMALL_LOCAL_11_MATCHES_NOT_PRODUCTION_READY,True,False
MID,3032,Zinédine Machach,523996,Fred Duval Ngoma,95.017344,7.919174,95.017344,4,medium_research_only,SAME_ROLE_ONLY;RESEARCH_ONLY;SAMPLE_TOO_SMALL_LOCAL_11_MATCHES_NOT_PRODUCTION_READY,True,False
MID,3032,Zinédine Machach,523997,Karim L'Koucha,94.399636,10.381561,94.399636,4,medium_research_only,SAME_ROLE_ONLY;RESEARCH_ONLY;SAMPLE_TOO_SMALL_LOCAL_11_MATCHES_NOT_PRODUCTION_READY,True,False
MID,3032,Zinédine Machach,523999,Zakaria Kessary,98.301437,4.700699,98.301437,4,medium_research_only,SAME_ROLE_ONLY;RESEARCH_ONLY;SAMPLE_TOO_SMALL_LOCAL_11_MATCHES_NOT_PRODUCTION_READY,True,False
MID,3032,Zinédine Machach,524000,Ahmed Aboulfath,85.744363,12.810014,85.744363,4,medium_research_only,SAME_ROLE_ONLY;RESEARCH_ONLY;SAMPLE_TOO_SMALL_LOCAL_11_MATCHES_NOT_PRODUCTION_READY,True,False
MID,3032,Zinédine Machach,524002,Salim Ghazzani,92.857832,12.328995,92.857832,4,medium_research_only,SAME_ROLE_ONLY;RESEARCH_ONLY;SAMPLE_TOO_SMALL_LOCAL_11_MATCHES_NOT_PRODUCTION_READY,True,False
MID,3032,Zinédine Machach,524003,Mohammed Es-Sahel,90.327784,10.775425,90.327784,4,medium_research_only,SAME_ROLE_ONLY;RESEARCH_ONLY;SAMPLE_TOO_SMALL_LOCAL_11_MATCHES_NOT_PRODUCTION_READY,True,False
MID,3032,Zinédine Machach,524511,Saad Nassik,95.026627,8.140585,95.026627,4,medium_research_only,SAME_ROLE_ONLY;RESEARCH_ONLY;SAMPLE_TOO_SMALL_LOCAL_11_MATCHES_NOT_PRODUCTION_READY,True,False
MID,3090,Nicolás Hernán Otamendi,3313,Giovani Lo Celso,56.380085,35.806879,56.380085,4,medium_research_only,SAME_ROLE_ONLY;RESEARCH_ONLY;SAMPLE_TOO_SMALL_LOCAL_11_MATCHES_NOT_PRODUCTION_READY,True,False
MID,3090,Nicolás Hernán Otamendi,5678,Jefferson Andrés Lerma Solís,68.042028,19.514807,68.042028,4,medium_research_only,SAME_ROLE_ONLY;RESEARCH_ONLY;SAMPLE_TOO_SMALL_LOCAL_11_MATCHES_NOT_PRODUCTION_READY,True,False
MID,3090,Nicolás Hernán Otamendi,5695,James David Rodríguez Rubio,55.769133,23.483847,55.769133,4,medium_research_only,SAME_ROLE_ONLY;RESEARCH_ONLY;SAMPLE_TOO_SMALL_LOCAL_11_MATCHES_NOT_PRODUCTION_READY,True,False
MID,3090,Nicolás Hernán Otamendi,7183,Moctar Sidi El Hacen El Ide,66.16326,19.086423,66.16326,4,medium_research_only,SAME_ROLE_ONLY;RESEARCH_ONLY;SAMPLE_TOO_SMALL_LOCAL_11_MATCHES_NOT_PRODUCTION_READY,True,False
MID,3090,Nicolás Hernán Otamendi,7550,Mounir Chouiar,65.376298,17.533528,65.376298,4,medium_research_only,SAME_ROLE_ONLY;RESEARCH_ONLY;SAMPLE_TOO_SMALL_LOCAL_11_MATCHES_NOT_PRODUCTION_READY,True,False
MID,3090,Nicolás Hernán Otamendi,7717,Rayane Aabid,56.81132,22.930211,56.81132,4,medium_research_only,SAME_ROLE_ONLY;RESEARCH_ONLY;SAMPLE_TOO_SMALL_LOCAL_11_MATCHES_NOT_PRODUCTION_READY,True,False
MID,3090,Nicolás Hernán Otamendi,7797,Rodrigo Javier De Paul,57.773375,21.030497,57.773375,4,medium_research_only,SAME_ROLE_ONLY;RESEARCH_ONLY;SAMPLE_TOO_SMALL_LOCAL_11_MATCHES_NOT_PRODUCTION_READY,True,False
MID,3090,Nicolás Hernán Otamendi,10689,Sabir Bougrine,55.304846,22.77263,55.304846,4,medium_research_only,SAME_ROLE_ONLY;RESEARCH_ONLY;SAMPLE_TOO_SMALL_LOCAL_11_MATCHES_NOT_PRODUCTION_READY,True,False
MID,3090,Nicolás Hernán Otamendi,16308,Leandro Daniel Paredes,58.329924,22.630069,58.329924,4,medium_research_only,SAME_ROLE_ONLY;RESEARCH_ONLY;SAMPLE_TOO_SMALL_LOCAL_11_MATCHES_NOT_PRODUCTION_READY,True,False
MID,3090,Nicolás Hernán Otamendi,21648,Anas Tahiri,52.447225,21.077306,52.447225,4,medium_research_only,SAME_ROLE_ONLY;RESEARCH_ONLY;SAMPLE_TOO_SMALL_LOCAL_11_MATCHES_NOT_PRODUCTION_READY,True,False
MID,3090,Nicolás Hernán Otamendi,27277,Jhon Adolfo Arias Andrade,62.102737,23.124907,62.102737,4,medium_research_only,SAME_ROLE_ONLY;RESEARCH_ONLY;SAMPLE_TOO_SMALL_LOCAL_11_MATCHES_NOT_PRODUCTION_READY,True,False
MID,3090,Nicolás Hernán Otamendi,27886,Alexis Mac Allister,54.523468,25.108901,54.523468,4,medium_research_only,SAME_ROLE_ONLY;RESEARCH_ONLY;SAMPLE_TOO_SMALL_LOCAL_11_MATCHES_NOT_PRODUCTION_READY,True,False
MID,3090,Nicolás Hernán Otamendi,30155,Bilal Ould-Chikh,54.864028,27.53528,54.864028,4,medium_research_only,SAME_ROLE_ONLY;RESEARCH_ONLY;SAMPLE_TOO_SMALL_LOCAL_11_MATCHES_NOT_PRODUCTION_READY,True,False
MID,3090,Nicolás Hernán Otamendi,38718,Enzo Fernandez,65.239797,22.58844,65.239797,4,medium_research_only,SAME_ROLE_ONLY;RESEARCH_ONLY;SAMPLE_TOO_SMALL_LOCAL_11_MATCHES_NOT_PRODUCTION_READY,True,False
MID,3090,Nicolás Hernán Otamendi,46646,José Dembi,62.239136,18.08338,62.239136,4,medium_research_only,SAME_ROLE_ONLY;RESEARCH_ONLY;SAMPLE_TOO_SMALL_LOCAL_11_MATCHES_NOT_PRODUCTION_READY,True,False
MID,3090,Nicolás Hernán Otamendi,49000,Amine Oudrhiri Idrissi,55.151693,22.191833,55.151693,4,medium_research_only,SAME_ROLE_ONLY;RESEARCH_ONLY;SAMPLE_TOO_SMALL_LOCAL_11_MATCHES_NOT_PRODUCTION_READY,True,False
MID,3090,Nicolás Hernán Otamendi,49395,Richard Rios Montoya,61.679954,22.930113,61.679954,4,medium_research_only,SAME_ROLE_ONLY;RESEARCH_ONLY;SAMPLE_TOO_SMALL_LOCAL_11_MATCHES_NOT_PRODUCTION_READY,True,False
MID,3090,Nicolás Hernán Otamendi,60138,Kevin Duvan Castaño Gil,75.599741,89.870083,75.599741,4,medium_research_only,SAME_ROLE_ONLY;RESEARCH_ONLY;SAMPLE_TOO_SMALL_LOCAL_11_MATCHES_NOT_PRODUCTION_READY,True,False
MID,3090,Nicolás Hernán Otamendi,134249,Adam Ennaffati,58.136996,19.325096,58.136996,4,medium_research_only,SAME_ROLE_ONLY;RESEARCH_ONLY;SAMPLE_TOO_SMALL_LOCAL_11_MATCHES_NOT_PRODUCTION_READY,True,False
MID,3090,Nicolás Hernán Otamendi,135202,Walid Sabbar,65.23466,18.434073,65.23466,4,medium_research_only,SAME_ROLE_ONLY;RESEARCH_ONLY;SAMPLE_TOO_SMALL_LOCAL_11_MATCHES_NOT_PRODUCTION_READY,True,False
MID,3090,Nicolás Hernán Otamendi,138827,Achraf El Idrissi,62.739694,19.489383,62.739694,4,medium_research_only,SAME_ROLE_ONLY;RESEARCH_ONLY;SAMPLE_TOO_SMALL_LOCAL_11_MATCHES_NOT_PRODUCTION_READY,True,False
MID,3090,Nicolás Hernán Otamendi,138845,Mohsine Moutouali,65.639222,20.236592,65.639222,4,medium_research_only,SAME_ROLE_ONLY;RESEARCH_ONLY;SAMPLE_TOO_SMALL_LOCAL_11_MATCHES_NOT_PRODUCTION_READY,True,False
MID,3090,Nicolás Hernán Otamendi,138853,Abdellah Farah,90.212165,16.148202,90.212165,4,medium_research_only,SAME_ROLE_ONLY;RESEARCH_ONLY;SAMPLE_TOO_SMALL_LOCAL_11_MATCHES_NOT_PRODUCTION_READY,True,False
MID,3090,Nicolás Hernán Otamendi,138860,Youssef Michte,65.031021,19.225857,65.031021,4,medium_research_only,SAME_ROLE_ONLY;RESEARCH_ONLY;SAMPLE_TOO_SMALL_LOCAL_11_MATCHES_NOT_PRODUCTION_READY,True,False
MID,3090,Nicolás Hernán Otamendi,138862,Abderrahmane Kassak,57.019158,22.234617,57.019158,4,medium_research_only,SAME_ROLE_ONLY;RESEARCH_ONLY;SAMPLE_TOO_SMALL_LOCAL_11_MATCHES_NOT_PRODUCTION_READY,True,False
MID,3090,Nicolás Hernán Otamendi,138872,Oussama Mahrous,66.586878,18.671474,66.586878,4,medium_research_only,SAME_ROLE_ONLY;RESEARCH_ONLY;SAMPLE_TOO_SMALL_LOCAL_11_MATCHES_NOT_PRODUCTION_READY,True,False
MID,3090,Nicolás Hernán Otamendi,138873,Abdelghafour Lamirat,64.489186,21.321488,64.489186,4,medium_research_only,SAME_ROLE_ONLY;RESEARCH_ONLY;SAMPLE_TOO_SMALL_LOCAL_11_MATCHES_NOT_PRODUCTION_READY,True,False
MID,3090,Nicolás Hernán Otamendi,138877,Saleh Al Sellami,64.396992,18.849804,64.396992,4,medium_research_only,SAME_ROLE_ONLY;RESEARCH_ONLY;SAMPLE_TOO_SMALL_LOCAL_11_MATCHES_NOT_PRODUCTION_READY,True,False
MID,3090,Nicolás Hernán Otamendi,138895,Abdelfattah Hadraf,93.804955,10.910597,93.804955,4,medium_research_only,SAME_ROLE_ONLY;RESEARCH_ONLY;SAMPLE_TOO_SMALL_LOCAL_11_MATCHES_NOT_PRODUCTION_READY,True,False
MID,3090,Nicolás Hernán Otamendi,138898,Ahmed Chentouf,95.356094,14.551207,95.356094,4,medium_research_only,SAME_ROLE_ONLY;RESEARCH_ONLY;SAMPLE_TOO_SMALL_LOCAL_11_MATCHES_NOT_PRODUCTION_READY,True,False
MID,3090,Nicolás Hernán Otamendi,138983,Zine Eddine Derrag,58.106184,23.336784,58.106184,4,medium_research_only,SAME_ROLE_ONLY;RESEARCH_ONLY;SAMPLE_TOO_SMALL_LOCAL_11_MATCHES_NOT_PRODUCTION_READY,True,False
MID,3090,Nicolás Hernán Otamendi,139545,Mohammad El Fakih,56.745447,24.178704,56.745447,4,medium_research_only,SAME_ROLE_ONLY;RESEARCH_ONLY;SAMPLE_TOO_SMALL_LOCAL_11_MATCHES_NOT_PRODUCTION_READY,True,False
MID,3090,Nicolás Hernán Otamendi,139554,Abdoulaye Diarra,65.154198,17.775897,65.154198,4,medium_research_only,SAME_ROLE_ONLY;RESEARCH_ONLY;SAMPLE_TOO_SMALL_LOCAL_11_MATCHES_NOT_PRODUCTION_READY,True,False
MID,3090,Nicolás Hernán Otamendi,139565,Larbi Naji,58.873424,20.709528,58.873424,4,medium_research_only,SAME_ROLE_ONLY;RESEARCH_ONLY;SAMPLE_TOO_SMALL_LOCAL_11_MATCHES_NOT_PRODUCTION_READY,True,False
MID,3090,Nicolás Hernán Otamendi,139568,Youssef Zghoudi,61.31541,17.83688,61.31541,4,medium_research_only,SAME_ROLE_ONLY;RESEARCH_ONLY;SAMPLE_TOO_SMALL_LOCAL_11_MATCHES_NOT_PRODUCTION_READY,True,False
MID,3090,Nicolás Hernán Otamendi,139570,Brahim El Bahraoui,67.463936,16.91932,67.463936,4,medium_research_only,SAME_ROLE_ONLY;RESEARCH_ONLY;SAMPLE_TOO_SMALL_LOCAL_11_MATCHES_NOT_PRODUCTION_READY,True,False
MID,3090,Nicolás Hernán Otamendi,140871,Khalid Ait Ouarkhane,62.058466,19.670038,62.058466,4,medium_research_only,SAME_ROLE_ONLY;RESEARCH_ONLY;SAMPLE_TOO_SMALL_LOCAL_11_MATCHES_NOT_PRODUCTION_READY,True,False
MID,3090,Nicolás Hernán Otamendi,140872,Mohamed Rabie Hrimat,56.686434,23.080093,56.686434,4,medium_research_only,SAME_ROLE_ONLY;RESEARCH_ONLY;SAMPLE_TOO_SMALL_LOCAL_11_MATCHES_NOT_PRODUCTION_READY,True,False
MID,3090,Nicolás Hernán Otamendi,141254,Hamza Afsal,83.743542,13.166675,83.743542,4,medium_research_only,SAME_ROLE_ONLY;RESEARCH_ONLY;SAMPLE_TOO_SMALL_LOCAL_11_MATCHES_NOT_PRODUCTION_READY,True,False
MID,3090,Nicolás Hernán Otamendi,143166,Zakaria Fati,58.858409,21.176489,58.858409,4,medium_research_only,SAME_ROLE_ONLY;RESEARCH_ONLY;SAMPLE_TOO_SMALL_LOCAL_11_MATCHES_NOT_PRODUCTION_READY,True,False
MID,3090,Nicolás Hernán Otamendi,143490,Ahmed Hammoudan,60.758293,20.551896,60.758293,4,medium_research_only,SAME_ROLE_ONLY;RESEARCH_ONLY;SAMPLE_TOO_SMALL_LOCAL_11_MATCHES_NOT_PRODUCTION_READY,True,False
MID,3090,Nicolás Hernán Otamendi,143505,Mohamed Morabit,67.968351,19.180386,67.968351,4,medium_research_only,SAME_ROLE_ONLY;RESEARCH_ONLY;SAMPLE_TOO_SMALL_LOCAL_11_MATCHES_NOT_PRODUCTION_READY,True,False
MID,3090,Nicolás Hernán Otamendi,144434,Ismail Moutaraji,60.896001,25.307694,60.896001,4,medium_research_only,SAME_ROLE_ONLY;RESEARCH_ONLY;SAMPLE_TOO_SMALL_LOCAL_11_MATCHES_NOT_PRODUCTION_READY,True,False
MID,3090,Nicolás Hernán Otamendi,144436,Anas Serrhat,66.392996,21.687346,66.392996,4,medium_research_only,SAME_ROLE_ONLY;RESEARCH_ONLY;SAMPLE_TOO_SMALL_LOCAL_11_MATCHES_NOT_PRODUCTION_READY,True,False
MID,3090,Nicolás Hernán Otamendi,149135,Moses Orkuma,69.053525,19.056643,69.053525,4,medium_research_only,SAME_ROLE_ONLY;RESEARCH_ONLY;SAMPLE_TOO_SMALL_LOCAL_11_MATCHES_NOT_PRODUCTION_READY,True,False
MID,3090,Nicolás Hernán Otamendi,151743,Mohamed Al Makahasi,61.446835,20.838574,61.446835,4,medium_research_only,SAME_ROLE_ONLY;RESEARCH_ONLY;SAMPLE_TOO_SMALL_LOCAL_11_MATCHES_NOT_PRODUCTION_READY,True,False
MID,3090,Nicolás Hernán Otamendi,154668,Mamadou Lamine Camara,66.129935,20.263803,66.129935,4,medium_research_only,SAME_ROLE_ONLY;RESEARCH_ONLY;SAMPLE_TOO_SMALL_LOCAL_11_MATCHES_NOT_PRODUCTION_READY,True,False
MID,3090,Nicolás Hernán Otamendi,161352,Salaheddine Errahouli,61.51094,20.004902,61.51094,4,medium_research_only,SAME_ROLE_ONLY;RESEARCH_ONLY;SAMPLE_TOO_SMALL_LOCAL_11_MATCHES_NOT_PRODUCTION_READY,True,False
MID,3090,Nicolás Hernán Otamendi,183765,Mohammed Amine Essahel,77.829817,15.715804,77.829817,4,medium_research_only,SAME_ROLE_ONLY;RESEARCH_ONLY;SAMPLE_TOO_SMALL_LOCAL_11_MATCHES_NOT_PRODUCTION_READY,True,False
MID,3090,Nicolás Hernán Otamendi,194809,Oussama Zemraoui,58.024567,23.019511,58.024567,4,medium_research_only,SAME_ROLE_ONLY;RESEARCH_ONLY;SAMPLE_TOO_SMALL_LOCAL_11_MATCHES_NOT_PRODUCTION_READY,True,False
MID,3090,Nicolás Hernán Otamendi,194912,Faouzi Abd El Mouttalib,60.683998,20.1324,60.683998,4,medium_research_only,SAME_ROLE_ONLY;RESEARCH_ONLY;SAMPLE_TOO_SMALL_LOCAL_11_MATCHES_NOT_PRODUCTION_READY,True,False
MID,3090,Nicolás Hernán Otamendi,195016,Mouad Mouchtanim,69.767175,19.34023,69.767175,4,medium_research_only,SAME_ROLE_ONLY;RESEARCH_ONLY;SAMPLE_TOO_SMALL_LOCAL_11_MATCHES_NOT_PRODUCTION_READY,True,False
MID,3090,Nicolás Hernán Otamendi,199611,Youssef Mehri,56.820229,22.008833,56.820229,4,medium_research_only,SAME_ROLE_ONLY;RESEARCH_ONLY;SAMPLE_TOO_SMALL_LOCAL_11_MATCHES_NOT_PRODUCTION_READY,True,False
MID,3090,Nicolás Hernán Otamendi,203027,Walid Rhailouf,58.269473,23.151259,58.269473,4,medium_research_only,SAME_ROLE_ONLY;RESEARCH_ONLY;SAMPLE_TOO_SMALL_LOCAL_11_MATCHES_NOT_PRODUCTION_READY,True,False
MID,3090,Nicolás Hernán Otamendi,225437,Stephane Aziz Ki,60.83713,17.977863,60.83713,4,medium_research_only,SAME_ROLE_ONLY;RESEARCH_ONLY;SAMPLE_TOO_SMALL_LOCAL_11_MATCHES_NOT_PRODUCTION_READY,True,False
MID,3090,Nicolás Hernán Otamendi,261620,Nadir Lougmani,54.846764,19.557625,54.846764,4,medium_research_only,SAME_ROLE_ONLY;RESEARCH_ONLY;SAMPLE_TOO_SMALL_LOCAL_11_MATCHES_NOT_PRODUCTION_READY,True,False
MID,3090,Nicolás Hernán Otamendi,275341,Yazid Faffa,73.244132,16.164387,73.244132,4,medium_research_only,SAME_ROLE_ONLY;RESEARCH_ONLY;SAMPLE_TOO_SMALL_LOCAL_11_MATCHES_NOT_PRODUCTION_READY,True,False
MID,3090,Nicolás Hernán Otamendi,312935,Amine Azri,75.606089,16.816385,75.606089,4,medium_research_only,SAME_ROLE_ONLY;RESEARCH_ONLY;SAMPLE_TOO_SMALL_LOCAL_11_MATCHES_NOT_PRODUCTION_READY,True,False
MID,3090,Nicolás Hernán Otamendi,313277,Mohamed Chemlal,54.103534,39.964489,54.103534,4,medium_research_only,SAME_ROLE_ONLY;RESEARCH_ONLY;SAMPLE_TOO_SMALL_LOCAL_11_MATCHES_NOT_PRODUCTION_READY,True,False
MID,3090,Nicolás Hernán Otamendi,313284,Achraf Harmach,62.634969,19.460619,62.634969,4,medium_research_only,SAME_ROLE_ONLY;RESEARCH_ONLY;SAMPLE_TOO_SMALL_LOCAL_11_MATCHES_NOT_PRODUCTION_READY,True,False
MID,3090,Nicolás Hernán Otamendi,314460,Ayoub Bouaadli,61.854709,20.958956,61.854709,4,medium_research_only,SAME_ROLE_ONLY;RESEARCH_ONLY;SAMPLE_TOO_SMALL_LOCAL_11_MATCHES_NOT_PRODUCTION_READY,True,False
MID,3090,Nicolás Hernán Otamendi,323979,Zakaria Fatihi,72.478704,19.777051,72.478704,4,medium_research_only,SAME_ROLE_ONLY;RESEARCH_ONLY;SAMPLE_TOO_SMALL_LOCAL_11_MATCHES_NOT_PRODUCTION_READY,True,False
MID,3090,Nicolás Hernán Otamendi,360838,Zakaria Ami,87.901187,12.863244,87.901187,4,medium_research_only,SAME_ROLE_ONLY;RESEARCH_ONLY;SAMPLE_TOO_SMALL_LOCAL_11_MATCHES_NOT_PRODUCTION_READY,True,False
MID,3090,Nicolás Hernán Otamendi,380600,Mouad Goulouss,69.743014,16.361962,69.743014,4,medium_research_only,SAME_ROLE_ONLY;RESEARCH_ONLY;SAMPLE_TOO_SMALL_LOCAL_11_MATCHES_NOT_PRODUCTION_READY,True,False
MID,3090,Nicolás Hernán Otamendi,381935,Ismail Mihrab,78.588744,14.58574,78.588744,4,medium_research_only,SAME_ROLE_ONLY;RESEARCH_ONLY;SAMPLE_TOO_SMALL_LOCAL_11_MATCHES_NOT_PRODUCTION_READY,True,False
MID,3090,Nicolás Hernán Otamendi,396748,Youssef Laghzal,83.34452,13.925505,83.34452,4,medium_research_only,SAME_ROLE_ONLY;RESEARCH_ONLY;SAMPLE_TOO_SMALL_LOCAL_11_MATCHES_NOT_PRODUCTION_READY,True,False
MID,3090,Nicolás Hernán Otamendi,405645,Othmane Chraibi,57.263847,26.63155,57.263847,4,medium_research_only,SAME_ROLE_ONLY;RESEARCH_ONLY;SAMPLE_TOO_SMALL_LOCAL_11_MATCHES_NOT_PRODUCTION_READY,True,False
MID,3090,Nicolás Hernán Otamendi,406269,Danilson Gomes Tavares,75.518015,15.372024,75.518015,4,medium_research_only,SAME_ROLE_ONLY;RESEARCH_ONLY;SAMPLE_TOO_SMALL_LOCAL_11_MATCHES_NOT_PRODUCTION_READY,True,False
MID,3090,Nicolás Hernán Otamendi,407207,Ennaama El Bellali,61.819408,21.389248,61.819408,4,medium_research_only,SAME_ROLE_ONLY;RESEARCH_ONLY;SAMPLE_TOO_SMALL_LOCAL_11_MATCHES_NOT_PRODUCTION_READY,True,False
MID,3090,Nicolás Hernán Otamendi,407506,Oussama Nourdine,76.571419,16.72437,76.571419,4,medium_research_only,SAME_ROLE_ONLY;RESEARCH_ONLY;SAMPLE_TOO_SMALL_LOCAL_11_MATCHES_NOT_PRODUCTION_READY,True,False
MID,3090,Nicolás Hernán Otamendi,407852,Abdessamad Mahir,77.739606,15.645217,77.739606,4,medium_research_only,SAME_ROLE_ONLY;RESEARCH_ONLY;SAMPLE_TOO_SMALL_LOCAL_11_MATCHES_NOT_PRODUCTION_READY,True,False
MID,3090,Nicolás Hernán Otamendi,415853,Claude Gnolou,72.53779,18.077649,72.53779,4,medium_research_only,SAME_ROLE_ONLY;RESEARCH_ONLY;SAMPLE_TOO_SMALL_LOCAL_11_MATCHES_NOT_PRODUCTION_READY,True,False
MID,3090,Nicolás Hernán Otamendi,416303,El Mahdi Akoumi,62.754414,18.030941,62.754414,4,medium_research_only,SAME_ROLE_ONLY;RESEARCH_ONLY;SAMPLE_TOO_SMALL_LOCAL_11_MATCHES_NOT_PRODUCTION_READY,True,False
MID,3090,Nicolás Hernán Otamendi,424979,Soufiane Tazi,60.379767,22.600811,60.379767,4,medium_research_only,SAME_ROLE_ONLY;RESEARCH_ONLY;SAMPLE_TOO_SMALL_LOCAL_11_MATCHES_NOT_PRODUCTION_READY,True,False
MID,3090,Nicolás Hernán Otamendi,442288,Adnane Berdad,67.087184,18.259236,67.087184,4,medium_research_only,SAME_ROLE_ONLY;RESEARCH_ONLY;SAMPLE_TOO_SMALL_LOCAL_11_MATCHES_NOT_PRODUCTION_READY,True,False
MID,3090,Nicolás Hernán Otamendi,442292,Abdellatif El Bajjani,60.862171,21.740379,60.862171,4,medium_research_only,SAME_ROLE_ONLY;RESEARCH_ONLY;SAMPLE_TOO_SMALL_LOCAL_11_MATCHES_NOT_PRODUCTION_READY,True,False
MID,3090,Nicolás Hernán Otamendi,443951,Youness Akharraz,57.270883,19.468362,57.270883,4,medium_research_only,SAME_ROLE_ONLY;RESEARCH_ONLY;SAMPLE_TOO_SMALL_LOCAL_11_MATCHES_NOT_PRODUCTION_READY,True,False
MID,3090,Nicolás Hernán Otamendi,445163,Ayoub Maamouri,66.971899,16.769477,66.971899,4,medium_research_only,SAME_ROLE_ONLY;RESEARCH_ONLY;SAMPLE_TOO_SMALL_LOCAL_11_MATCHES_NOT_PRODUCTION_READY,True,False
MID,3090,Nicolás Hernán Otamendi,446355,Ishak Zidani,57.76249,21.608352,57.76249,4,medium_research_only,SAME_ROLE_ONLY;RESEARCH_ONLY;SAMPLE_TOO_SMALL_LOCAL_11_MATCHES_NOT_PRODUCTION_READY,True,False
MID,3090,Nicolás Hernán Otamendi,449373,Marouane Oujeddou,61.368795,19.073623,61.368795,4,medium_research_only,SAME_ROLE_ONLY;RESEARCH_ONLY;SAMPLE_TOO_SMALL_LOCAL_11_MATCHES_NOT_PRODUCTION_READY,True,False
MID,3090,Nicolás Hernán Otamendi,449471,Ayman Tarrazi,73.974629,15.91974,73.974629,4,medium_research_only,SAME_ROLE_ONLY;RESEARCH_ONLY;SAMPLE_TOO_SMALL_LOCAL_11_MATCHES_NOT_PRODUCTION_READY,True,False
MID,3090,Nicolás Hernán Otamendi,450709,Joseph Bakasu       ,59.591849,21.067776,59.591849,4,medium_research_only,SAME_ROLE_ONLY;RESEARCH_ONLY;SAMPLE_TOO_SMALL_LOCAL_11_MATCHES_NOT_PRODUCTION_READY,True,False
MID,3090,Nicolás Hernán Otamendi,460266,Youness Dahmani,93.556585,12.295681,93.556585,4,medium_research_only,SAME_ROLE_ONLY;RESEARCH_ONLY;SAMPLE_TOO_SMALL_LOCAL_11_MATCHES_NOT_PRODUCTION_READY,True,False
MID,3090,Nicolás Hernán Otamendi,477679,Redouane Oubidar,81.972186,14.679074,81.972186,4,medium_research_only,SAME_ROLE_ONLY;RESEARCH_ONLY;SAMPLE_TOO_SMALL_LOCAL_11_MATCHES_NOT_PRODUCTION_READY,True,False
MID,3090,Nicolás Hernán Otamendi,477680,Hamza Saoud,55.482379,26.715107,55.482379,4,medium_research_only,SAME_ROLE_ONLY;RESEARCH_ONLY;SAMPLE_TOO_SMALL_LOCAL_11_MATCHES_NOT_PRODUCTION_READY,True,False
MID,3090,Nicolás Hernán Otamendi,477682,Ayoub Benaadi,58.875122,20.929156,58.875122,4,medium_research_only,SAME_ROLE_ONLY;RESEARCH_ONLY;SAMPLE_TOO_SMALL_LOCAL_11_MATCHES_NOT_PRODUCTION_READY,True,False
MID,3090,Nicolás Hernán Otamendi,477688,Ayoub El Khaffi,63.271084,26.08389,63.271084,4,medium_research_only,SAME_ROLE_ONLY;RESEARCH_ONLY;SAMPLE_TOO_SMALL_LOCAL_11_MATCHES_NOT_PRODUCTION_READY,True,False
MID,3090,Nicolás Hernán Otamendi,523298,Mohamed Ahayaoui,70.942433,19.817841,70.942433,4,medium_research_only,SAME_ROLE_ONLY;RESEARCH_ONLY;SAMPLE_TOO_SMALL_LOCAL_11_MATCHES_NOT_PRODUCTION_READY,True,False
MID,3090,Nicolás Hernán Otamendi,523308,Adil Khalloufi,73.969863,18.17237,73.969863,4,medium_research_only,SAME_ROLE_ONLY;RESEARCH_ONLY;SAMPLE_TOO_SMALL_LOCAL_11_MATCHES_NOT_PRODUCTION_READY,True,False
MID,3090,Nicolás Hernán Otamendi,523312,Brahim Mansouri,59.128096,21.351888,59.128096,4,medium_research_only,SAME_ROLE_ONLY;RESEARCH_ONLY;SAMPLE_TOO_SMALL_LOCAL_11_MATCHES_NOT_PRODUCTION_READY,True,False
MID,3090,Nicolás Hernán Otamendi,523319,Omar Ouddah,77.399145,17.742796,77.399145,4,medium_research_only,SAME_ROLE_ONLY;RESEARCH_ONLY;SAMPLE_TOO_SMALL_LOCAL_11_MATCHES_NOT_PRODUCTION_READY,True,False
MID,3090,Nicolás Hernán Otamendi,523973,Hamza Rafa,57.557657,22.385367,57.557657,4,medium_research_only,SAME_ROLE_ONLY;RESEARCH_ONLY;SAMPLE_TOO_SMALL_LOCAL_11_MATCHES_NOT_PRODUCTION_READY,True,False
MID,3090,Nicolás Hernán Otamendi,523996,Fred Duval Ngoma,59.485565,21.912062,59.485565,4,medium_research_only,SAME_ROLE_ONLY;RESEARCH_ONLY;SAMPLE_TOO_SMALL_LOCAL_11_MATCHES_NOT_PRODUCTION_READY,True,False
MID,3090,Nicolás Hernán Otamendi,523997,Karim L'Koucha,68.642917,16.818316,68.642917,4,medium_research_only,SAME_ROLE_ONLY;RESEARCH_ONLY;SAMPLE_TOO_SMALL_LOCAL_11_MATCHES_NOT_PRODUCTION_READY,True,False
MID,3090,Nicolás Hernán Otamendi,523999,Zakaria Kessary,57.338312,23.116488,57.338312,4,medium_research_only,SAME_ROLE_ONLY;RESEARCH_ONLY;SAMPLE_TOO_SMALL_LOCAL_11_MATCHES_NOT_PRODUCTION_READY,True,False
MID,3090,Nicolás Hernán Otamendi,524000,Ahmed Aboulfath,75.022413,15.586872,75.022413,4,medium_research_only,SAME_ROLE_ONLY;RESEARCH_ONLY;SAMPLE_TOO_SMALL_LOCAL_11_MATCHES_NOT_PRODUCTION_READY,True,False
MID,3090,Nicolás Hernán Otamendi,524002,Salim Ghazzani,67.987195,23.893837,67.987195,4,medium_research_only,SAME_ROLE_ONLY;RESEARCH_ONLY;SAMPLE_TOO_SMALL_LOCAL_11_MATCHES_NOT_PRODUCTION_READY,True,False
MID,3090,Nicolás Hernán Otamendi,524003,Mohammed Es-Sahel,77.180726,15.510995,77.180726,4,medium_research_only,SAME_ROLE_ONLY;RESEARCH_ONLY;SAMPLE_TOO_SMALL_LOCAL_11_MATCHES_NOT_PRODUCTION_READY,True,False
MID,3090,Nicolás Hernán Otamendi,524511,Saad Nassik,64.41792,19.390744,64.41792,4,medium_research_only,SAME_ROLE_ONLY;RESEARCH_ONLY;SAMPLE_TOO_SMALL_LOCAL_11_MATCHES_NOT_PRODUCTION_READY,True,False
MID,3313,Giovani Lo Celso,5678,Jefferson Andrés Lerma Solís,84.959743,24.816884,84.959743,4,medium_research_only,SAME_ROLE_ONLY;RESEARCH_ONLY;SAMPLE_TOO_SMALL_LOCAL_11_MATCHES_NOT_PRODUCTION_READY,True,False
MID,3313,Giovani Lo Celso,5695,James David Rodríguez Rubio,95.633415,18.8408,95.633415,4,medium_research_only,SAME_ROLE_ONLY;RESEARCH_ONLY;SAMPLE_TOO_SMALL_LOCAL_11_MATCHES_NOT_PRODUCTION_READY,True,False
MID,3313,Giovani Lo Celso,7183,Moctar Sidi El Hacen El Ide,85.004341,25.387789,85.004341,4,medium_research_only,SAME_ROLE_ONLY;RESEARCH_ONLY;SAMPLE_TOO_SMALL_LOCAL_11_MATCHES_NOT_PRODUCTION_READY,True,False
MID,3313,Giovani Lo Celso,7550,Mounir Chouiar,88.177808,26.516411,88.177808,4,medium_research_only,SAME_ROLE_ONLY;RESEARCH_ONLY;SAMPLE_TOO_SMALL_LOCAL_11_MATCHES_NOT_PRODUCTION_READY,True,False
MID,3313,Giovani Lo Celso,7717,Rayane Aabid,88.075993,23.224119,88.075993,4,medium_research_only,SAME_ROLE_ONLY;RESEARCH_ONLY;SAMPLE_TOO_SMALL_LOCAL_11_MATCHES_NOT_PRODUCTION_READY,True,False
MID,3313,Giovani Lo Celso,7797,Rodrigo Javier De Paul,88.834985,24.052678,88.834985,4,medium_research_only,SAME_ROLE_ONLY;RESEARCH_ONLY;SAMPLE_TOO_SMALL_LOCAL_11_MATCHES_NOT_PRODUCTION_READY,True,False
MID,3313,Giovani Lo Celso,10689,Sabir Bougrine,91.733892,21.791602,91.733892,4,medium_research_only,SAME_ROLE_ONLY;RESEARCH_ONLY;SAMPLE_TOO_SMALL_LOCAL_11_MATCHES_NOT_PRODUCTION_READY,True,False
MID,3313,Giovani Lo Celso,16308,Leandro Daniel Paredes,85.024898,24.640974,85.024898,4,medium_research_only,SAME_ROLE_ONLY;RESEARCH_ONLY;SAMPLE_TOO_SMALL_LOCAL_11_MATCHES_NOT_PRODUCTION_READY,True,False
MID,3313,Giovani Lo Celso,21648,Anas Tahiri,85.575041,26.177956,85.575041,4,medium_research_only,SAME_ROLE_ONLY;RESEARCH_ONLY;SAMPLE_TOO_SMALL_LOCAL_11_MATCHES_NOT_PRODUCTION_READY,True,False
MID,3313,Giovani Lo Celso,27277,Jhon Adolfo Arias Andrade,81.884119,25.810555,81.884119,4,medium_research_only,SAME_ROLE_ONLY;RESEARCH_ONLY;SAMPLE_TOO_SMALL_LOCAL_11_MATCHES_NOT_PRODUCTION_READY,True,False
MID,3313,Giovani Lo Celso,27886,Alexis Mac Allister,85.348165,24.024068,85.348165,4,medium_research_only,SAME_ROLE_ONLY;RESEARCH_ONLY;SAMPLE_TOO_SMALL_LOCAL_11_MATCHES_NOT_PRODUCTION_READY,True,False
MID,3313,Giovani Lo Celso,30155,Bilal Ould-Chikh,96.207328,15.107297,96.207328,4,medium_research_only,SAME_ROLE_ONLY;RESEARCH_ONLY;SAMPLE_TOO_SMALL_LOCAL_11_MATCHES_NOT_PRODUCTION_READY,True,False
MID,3313,Giovani Lo Celso,38718,Enzo Fernandez,81.734481,25.856936,81.734481,4,medium_research_only,SAME_ROLE_ONLY;RESEARCH_ONLY;SAMPLE_TOO_SMALL_LOCAL_11_MATCHES_NOT_PRODUCTION_READY,True,False
MID,3313,Giovani Lo Celso,46646,José Dembi,83.899481,27.712083,83.899481,4,medium_research_only,SAME_ROLE_ONLY;RESEARCH_ONLY;SAMPLE_TOO_SMALL_LOCAL_11_MATCHES_NOT_PRODUCTION_READY,True,False
MID,3313,Giovani Lo Celso,49000,Amine Oudrhiri Idrissi,81.005403,26.800689,81.005403,4,medium_research_only,SAME_ROLE_ONLY;RESEARCH_ONLY;SAMPLE_TOO_SMALL_LOCAL_11_MATCHES_NOT_PRODUCTION_READY,True,False
MID,3313,Giovani Lo Celso,49395,Richard Rios Montoya,89.684518,21.615521,89.684518,4,medium_research_only,SAME_ROLE_ONLY;RESEARCH_ONLY;SAMPLE_TOO_SMALL_LOCAL_11_MATCHES_NOT_PRODUCTION_READY,True,False
MID,3313,Giovani Lo Celso,60138,Kevin Duvan Castaño Gil,78.909109,82.938287,78.909109,4,medium_research_only,SAME_ROLE_ONLY;RESEARCH_ONLY;SAMPLE_TOO_SMALL_LOCAL_11_MATCHES_NOT_PRODUCTION_READY,True,False
MID,3313,Giovani Lo Celso,134249,Adam Ennaffati,97.4982,23.206276,97.4982,4,medium_research_only,SAME_ROLE_ONLY;RESEARCH_ONLY;SAMPLE_TOO_SMALL_LOCAL_11_MATCHES_NOT_PRODUCTION_READY,True,False
MID,3313,Giovani Lo Celso,135202,Walid Sabbar,91.607201,23.904882,91.607201,4,medium_research_only,SAME_ROLE_ONLY;RESEARCH_ONLY;SAMPLE_TOO_SMALL_LOCAL_11_MATCHES_NOT_PRODUCTION_READY,True,False
MID,3313,Giovani Lo Celso,138827,Achraf El Idrissi,84.476568,25.950102,84.476568,4,medium_research_only,SAME_ROLE_ONLY;RESEARCH_ONLY;SAMPLE_TOO_SMALL_LOCAL_11_MATCHES_NOT_PRODUCTION_READY,True,False
MID,3313,Giovani Lo Celso,138845,Mohsine Moutouali,96.752454,18.75484,96.752454,4,medium_research_only,SAME_ROLE_ONLY;RESEARCH_ONLY;SAMPLE_TOO_SMALL_LOCAL_11_MATCHES_NOT_PRODUCTION_READY,True,False
MID,3313,Giovani Lo Celso,138853,Abdellah Farah,61.78895,33.018283,61.78895,4,medium_research_only,SAME_ROLE_ONLY;RESEARCH_ONLY;SAMPLE_TOO_SMALL_LOCAL_11_MATCHES_NOT_PRODUCTION_READY,True,False
MID,3313,Giovani Lo Celso,138860,Youssef Michte,82.250027,26.532203,82.250027,4,medium_research_only,SAME_ROLE_ONLY;RESEARCH_ONLY;SAMPLE_TOO_SMALL_LOCAL_11_MATCHES_NOT_PRODUCTION_READY,True,False
MID,3313,Giovani Lo Celso,138862,Abderrahmane Kassak,94.06319,20.699375,94.06319,4,medium_research_only,SAME_ROLE_ONLY;RESEARCH_ONLY;SAMPLE_TOO_SMALL_LOCAL_11_MATCHES_NOT_PRODUCTION_READY,True,False
MID,3313,Giovani Lo Celso,138872,Oussama Mahrous,87.19312,24.795958,87.19312,4,medium_research_only,SAME_ROLE_ONLY;RESEARCH_ONLY;SAMPLE_TOO_SMALL_LOCAL_11_MATCHES_NOT_PRODUCTION_READY,True,False
MID,3313,Giovani Lo Celso,138873,Abdelghafour Lamirat,82.158479,25.844111,82.158479,4,medium_research_only,SAME_ROLE_ONLY;RESEARCH_ONLY;SAMPLE_TOO_SMALL_LOCAL_11_MATCHES_NOT_PRODUCTION_READY,True,False
MID,3313,Giovani Lo Celso,138877,Saleh Al Sellami,92.116675,23.399185,92.116675,4,medium_research_only,SAME_ROLE_ONLY;RESEARCH_ONLY;SAMPLE_TOO_SMALL_LOCAL_11_MATCHES_NOT_PRODUCTION_READY,True,False
MID,3313,Giovani Lo Celso,138895,Abdelfattah Hadraf,78.866429,27.471984,78.866429,4,medium_research_only,SAME_ROLE_ONLY;RESEARCH_ONLY;SAMPLE_TOO_SMALL_LOCAL_11_MATCHES_NOT_PRODUCTION_READY,True,False
MID,3313,Giovani Lo Celso,138898,Ahmed Chentouf,68.486481,35.055058,68.486481,4,medium_research_only,SAME_ROLE_ONLY;RESEARCH_ONLY;SAMPLE_TOO_SMALL_LOCAL_11_MATCHES_NOT_PRODUCTION_READY,True,False
MID,3313,Giovani Lo Celso,138983,Zine Eddine Derrag,81.121949,26.295698,81.121949,4,medium_research_only,SAME_ROLE_ONLY;RESEARCH_ONLY;SAMPLE_TOO_SMALL_LOCAL_11_MATCHES_NOT_PRODUCTION_READY,True,False
MID,3313,Giovani Lo Celso,139545,Mohammad El Fakih,95.680411,17.8554,95.680411,4,medium_research_only,SAME_ROLE_ONLY;RESEARCH_ONLY;SAMPLE_TOO_SMALL_LOCAL_11_MATCHES_NOT_PRODUCTION_READY,True,False
MID,3313,Giovani Lo Celso,139554,Abdoulaye Diarra,83.22968,27.46459,83.22968,4,medium_research_only,SAME_ROLE_ONLY;RESEARCH_ONLY;SAMPLE_TOO_SMALL_LOCAL_11_MATCHES_NOT_PRODUCTION_READY,True,False
MID,3313,Giovani Lo Celso,139565,Larbi Naji,88.442125,24.254904,88.442125,4,medium_research_only,SAME_ROLE_ONLY;RESEARCH_ONLY;SAMPLE_TOO_SMALL_LOCAL_11_MATCHES_NOT_PRODUCTION_READY,True,False
MID,3313,Giovani Lo Celso,139568,Youssef Zghoudi,82.658184,28.67924,82.658184,4,medium_research_only,SAME_ROLE_ONLY;RESEARCH_ONLY;SAMPLE_TOO_SMALL_LOCAL_11_MATCHES_NOT_PRODUCTION_READY,True,False
MID,3313,Giovani Lo Celso,139570,Brahim El Bahraoui,90.102692,30.991684,90.102692,4,medium_research_only,SAME_ROLE_ONLY;RESEARCH_ONLY;SAMPLE_TOO_SMALL_LOCAL_11_MATCHES_NOT_PRODUCTION_READY,True,False
MID,3313,Giovani Lo Celso,140871,Khalid Ait Ouarkhane,96.043761,21.446492,96.043761,4,medium_research_only,SAME_ROLE_ONLY;RESEARCH_ONLY;SAMPLE_TOO_SMALL_LOCAL_11_MATCHES_NOT_PRODUCTION_READY,True,False
MID,3313,Giovani Lo Celso,140872,Mohamed Rabie Hrimat,94.652055,19.598498,94.652055,4,medium_research_only,SAME_ROLE_ONLY;RESEARCH_ONLY;SAMPLE_TOO_SMALL_LOCAL_11_MATCHES_NOT_PRODUCTION_READY,True,False
MID,3313,Giovani Lo Celso,141254,Hamza Afsal,86.670114,25.363702,86.670114,4,medium_research_only,SAME_ROLE_ONLY;RESEARCH_ONLY;SAMPLE_TOO_SMALL_LOCAL_11_MATCHES_NOT_PRODUCTION_READY,True,False
MID,3313,Giovani Lo Celso,143166,Zakaria Fati,85.068188,25.257553,85.068188,4,medium_research_only,SAME_ROLE_ONLY;RESEARCH_ONLY;SAMPLE_TOO_SMALL_LOCAL_11_MATCHES_NOT_PRODUCTION_READY,True,False
MID,3313,Giovani Lo Celso,143490,Ahmed Hammoudan,96.464517,20.391866,96.464517,4,medium_research_only,SAME_ROLE_ONLY;RESEARCH_ONLY;SAMPLE_TOO_SMALL_LOCAL_11_MATCHES_NOT_PRODUCTION_READY,True,False
MID,3313,Giovani Lo Celso,143505,Mohamed Morabit,97.657265,18.789788,97.657265,4,medium_research_only,SAME_ROLE_ONLY;RESEARCH_ONLY;SAMPLE_TOO_SMALL_LOCAL_11_MATCHES_NOT_PRODUCTION_READY,True,False
MID,3313,Giovani Lo Celso,144434,Ismail Moutaraji,81.068478,26.247683,81.068478,4,medium_research_only,SAME_ROLE_ONLY;RESEARCH_ONLY;SAMPLE_TOO_SMALL_LOCAL_11_MATCHES_NOT_PRODUCTION_READY,True,False
MID,3313,Giovani Lo Celso,144436,Anas Serrhat,87.915695,22.557201,87.915695,4,medium_research_only,SAME_ROLE_ONLY;RESEARCH_ONLY;SAMPLE_TOO_SMALL_LOCAL_11_MATCHES_NOT_PRODUCTION_READY,True,False
MID,3313,Giovani Lo Celso,149135,Moses Orkuma,81.819233,26.246375,81.819233,4,medium_research_only,SAME_ROLE_ONLY;RESEARCH_ONLY;SAMPLE_TOO_SMALL_LOCAL_11_MATCHES_NOT_PRODUCTION_READY,True,False
MID,3313,Giovani Lo Celso,151743,Mohamed Al Makahasi,90.16047,22.832514,90.16047,4,medium_research_only,SAME_ROLE_ONLY;RESEARCH_ONLY;SAMPLE_TOO_SMALL_LOCAL_11_MATCHES_NOT_PRODUCTION_READY,True,False
MID,3313,Giovani Lo Celso,154668,Mamadou Lamine Camara,88.990494,22.799946,88.990494,4,medium_research_only,SAME_ROLE_ONLY;RESEARCH_ONLY;SAMPLE_TOO_SMALL_LOCAL_11_MATCHES_NOT_PRODUCTION_READY,True,False
MID,3313,Giovani Lo Celso,161352,Salaheddine Errahouli,96.65419,20.853624,96.65419,4,medium_research_only,SAME_ROLE_ONLY;RESEARCH_ONLY;SAMPLE_TOO_SMALL_LOCAL_11_MATCHES_NOT_PRODUCTION_READY,True,False
MID,3313,Giovani Lo Celso,183765,Mohammed Amine Essahel,81.141399,26.741074,81.141399,4,medium_research_only,SAME_ROLE_ONLY;RESEARCH_ONLY;SAMPLE_TOO_SMALL_LOCAL_11_MATCHES_NOT_PRODUCTION_READY,True,False
MID,3313,Giovani Lo Celso,194809,Oussama Zemraoui,94.384045,19.468383,94.384045,4,medium_research_only,SAME_ROLE_ONLY;RESEARCH_ONLY;SAMPLE_TOO_SMALL_LOCAL_11_MATCHES_NOT_PRODUCTION_READY,True,False
MID,3313,Giovani Lo Celso,194912,Faouzi Abd El Mouttalib,83.089825,26.353011,83.089825,4,medium_research_only,SAME_ROLE_ONLY;RESEARCH_ONLY;SAMPLE_TOO_SMALL_LOCAL_11_MATCHES_NOT_PRODUCTION_READY,True,False
MID,3313,Giovani Lo Celso,195016,Mouad Mouchtanim,88.951852,22.677534,88.951852,4,medium_research_only,SAME_ROLE_ONLY;RESEARCH_ONLY;SAMPLE_TOO_SMALL_LOCAL_11_MATCHES_NOT_PRODUCTION_READY,True,False
MID,3313,Giovani Lo Celso,199611,Youssef Mehri,96.205443,19.899877,96.205443,4,medium_research_only,SAME_ROLE_ONLY;RESEARCH_ONLY;SAMPLE_TOO_SMALL_LOCAL_11_MATCHES_NOT_PRODUCTION_READY,True,False
MID,3313,Giovani Lo Celso,203027,Walid Rhailouf,89.006132,22.402995,89.006132,4,medium_research_only,SAME_ROLE_ONLY;RESEARCH_ONLY;SAMPLE_TOO_SMALL_LOCAL_11_MATCHES_NOT_PRODUCTION_READY,True,False
MID,3313,Giovani Lo Celso,225437,Stephane Aziz Ki,95.248285,25.904382,95.248285,4,medium_research_only,SAME_ROLE_ONLY;RESEARCH_ONLY;SAMPLE_TOO_SMALL_LOCAL_11_MATCHES_NOT_PRODUCTION_READY,True,False
MID,3313,Giovani Lo Celso,261620,Nadir Lougmani,85.242746,27.281299,85.242746,4,medium_research_only,SAME_ROLE_ONLY;RESEARCH_ONLY;SAMPLE_TOO_SMALL_LOCAL_11_MATCHES_NOT_PRODUCTION_READY,True,False
MID,3313,Giovani Lo Celso,275341,Yazid Faffa,86.652575,25.954229,86.652575,4,medium_research_only,SAME_ROLE_ONLY;RESEARCH_ONLY;SAMPLE_TOO_SMALL_LOCAL_11_MATCHES_NOT_PRODUCTION_READY,True,False
MID,3313,Giovani Lo Celso,312935,Amine Azri,83.884007,25.432761,83.884007,4,medium_research_only,SAME_ROLE_ONLY;RESEARCH_ONLY;SAMPLE_TOO_SMALL_LOCAL_11_MATCHES_NOT_PRODUCTION_READY,True,False
MID,3313,Giovani Lo Celso,313277,Mohamed Chemlal,97.652753,11.484554,97.652753,4,medium_research_only,SAME_ROLE_ONLY;RESEARCH_ONLY;SAMPLE_TOO_SMALL_LOCAL_11_MATCHES_NOT_PRODUCTION_READY,True,False
MID,3313,Giovani Lo Celso,313284,Achraf Harmach,83.807886,26.225595,83.807886,4,medium_research_only,SAME_ROLE_ONLY;RESEARCH_ONLY;SAMPLE_TOO_SMALL_LOCAL_11_MATCHES_NOT_PRODUCTION_READY,True,False
MID,3313,Giovani Lo Celso,314460,Ayoub Bouaadli,85.948756,24.559087,85.948756,4,medium_research_only,SAME_ROLE_ONLY;RESEARCH_ONLY;SAMPLE_TOO_SMALL_LOCAL_11_MATCHES_NOT_PRODUCTION_READY,True,False
MID,3313,Giovani Lo Celso,323979,Zakaria Fatihi,76.15421,28.595453,76.15421,4,medium_research_only,SAME_ROLE_ONLY;RESEARCH_ONLY;SAMPLE_TOO_SMALL_LOCAL_11_MATCHES_NOT_PRODUCTION_READY,True,False
MID,3313,Giovani Lo Celso,360838,Zakaria Ami,83.070116,28.852582,83.070116,4,medium_research_only,SAME_ROLE_ONLY;RESEARCH_ONLY;SAMPLE_TOO_SMALL_LOCAL_11_MATCHES_NOT_PRODUCTION_READY,True,False
MID,3313,Giovani Lo Celso,380600,Mouad Goulouss,84.289019,28.41212,84.289019,4,medium_research_only,SAME_ROLE_ONLY;RESEARCH_ONLY;SAMPLE_TOO_SMALL_LOCAL_11_MATCHES_NOT_PRODUCTION_READY,True,False
MID,3313,Giovani Lo Celso,381935,Ismail Mihrab,82.853067,27.538265,82.853067,4,medium_research_only,SAME_ROLE_ONLY;RESEARCH_ONLY;SAMPLE_TOO_SMALL_LOCAL_11_MATCHES_NOT_PRODUCTION_READY,True,False
MID,3313,Giovani Lo Celso,396748,Youssef Laghzal,76.932535,30.074938,76.932535,4,medium_research_only,SAME_ROLE_ONLY;RESEARCH_ONLY;SAMPLE_TOO_SMALL_LOCAL_11_MATCHES_NOT_PRODUCTION_READY,True,False
MID,3313,Giovani Lo Celso,405645,Othmane Chraibi,80.888465,26.36902,80.888465,4,medium_research_only,SAME_ROLE_ONLY;RESEARCH_ONLY;SAMPLE_TOO_SMALL_LOCAL_11_MATCHES_NOT_PRODUCTION_READY,True,False
MID,3313,Giovani Lo Celso,406269,Danilson Gomes Tavares,83.04037,27.511337,83.04037,4,medium_research_only,SAME_ROLE_ONLY;RESEARCH_ONLY;SAMPLE_TOO_SMALL_LOCAL_11_MATCHES_NOT_PRODUCTION_READY,True,False
MID,3313,Giovani Lo Celso,407207,Ennaama El Bellali,84.367057,25.05598,84.367057,4,medium_research_only,SAME_ROLE_ONLY;RESEARCH_ONLY;SAMPLE_TOO_SMALL_LOCAL_11_MATCHES_NOT_PRODUCTION_READY,True,False
MID,3313,Giovani Lo Celso,407506,Oussama Nourdine,79.243574,27.271417,79.243574,4,medium_research_only,SAME_ROLE_ONLY;RESEARCH_ONLY;SAMPLE_TOO_SMALL_LOCAL_11_MATCHES_NOT_PRODUCTION_READY,True,False
MID,3313,Giovani Lo Celso,407852,Abdessamad Mahir,83.072297,26.072048,83.072297,4,medium_research_only,SAME_ROLE_ONLY;RESEARCH_ONLY;SAMPLE_TOO_SMALL_LOCAL_11_MATCHES_NOT_PRODUCTION_READY,True,False
MID,3313,Giovani Lo Celso,415853,Claude Gnolou,82.212168,26.032843,82.212168,4,medium_research_only,SAME_ROLE_ONLY;RESEARCH_ONLY;SAMPLE_TOO_SMALL_LOCAL_11_MATCHES_NOT_PRODUCTION_READY,True,False
MID,3313,Giovani Lo Celso,416303,El Mahdi Akoumi,86.933066,26.892125,86.933066,4,medium_research_only,SAME_ROLE_ONLY;RESEARCH_ONLY;SAMPLE_TOO_SMALL_LOCAL_11_MATCHES_NOT_PRODUCTION_READY,True,False
MID,3313,Giovani Lo Celso,424979,Soufiane Tazi,88.075201,22.878685,88.075201,4,medium_research_only,SAME_ROLE_ONLY;RESEARCH_ONLY;SAMPLE_TOO_SMALL_LOCAL_11_MATCHES_NOT_PRODUCTION_READY,True,False
MID,3313,Giovani Lo Celso,442288,Adnane Berdad,84.282429,26.113381,84.282429,4,medium_research_only,SAME_ROLE_ONLY;RESEARCH_ONLY;SAMPLE_TOO_SMALL_LOCAL_11_MATCHES_NOT_PRODUCTION_READY,True,False
MID,3313,Giovani Lo Celso,442292,Abdellatif El Bajjani,82.202995,25.985445,82.202995,4,medium_research_only,SAME_ROLE_ONLY;RESEARCH_ONLY;SAMPLE_TOO_SMALL_LOCAL_11_MATCHES_NOT_PRODUCTION_READY,True,False
MID,3313,Giovani Lo Celso,443951,Youness Akharraz,81.159953,27.953824,81.159953,4,medium_research_only,SAME_ROLE_ONLY;RESEARCH_ONLY;SAMPLE_TOO_SMALL_LOCAL_11_MATCHES_NOT_PRODUCTION_READY,True,False
MID,3313,Giovani Lo Celso,445163,Ayoub Maamouri,97.803863,26.331013,97.803863,4,medium_research_only,SAME_ROLE_ONLY;RESEARCH_ONLY;SAMPLE_TOO_SMALL_LOCAL_11_MATCHES_NOT_PRODUCTION_READY,True,False
MID,3313,Giovani Lo Celso,446355,Ishak Zidani,86.960893,24.384284,86.960893,4,medium_research_only,SAME_ROLE_ONLY;RESEARCH_ONLY;SAMPLE_TOO_SMALL_LOCAL_11_MATCHES_NOT_PRODUCTION_READY,True,False
MID,3313,Giovani Lo Celso,449373,Marouane Oujeddou,94.572283,23.318138,94.572283,4,medium_research_only,SAME_ROLE_ONLY;RESEARCH_ONLY;SAMPLE_TOO_SMALL_LOCAL_11_MATCHES_NOT_PRODUCTION_READY,True,False
MID,3313,Giovani Lo Celso,449471,Ayman Tarrazi,79.725757,28.08524,79.725757,4,medium_research_only,SAME_ROLE_ONLY;RESEARCH_ONLY;SAMPLE_TOO_SMALL_LOCAL_11_MATCHES_NOT_PRODUCTION_READY,True,False
MID,3313,Giovani Lo Celso,450709,Joseph Bakasu       ,81.206414,26.72827,81.206414,4,medium_research_only,SAME_ROLE_ONLY;RESEARCH_ONLY;SAMPLE_TOO_SMALL_LOCAL_11_MATCHES_NOT_PRODUCTION_READY,True,False
MID,3313,Giovani Lo Celso,460266,Youness Dahmani,76.645008,30.369758,76.645008,4,medium_research_only,SAME_ROLE_ONLY;RESEARCH_ONLY;SAMPLE_TOO_SMALL_LOCAL_11_MATCHES_NOT_PRODUCTION_READY,True,False
MID,3313,Giovani Lo Celso,477679,Redouane Oubidar,81.08371,26.50456,81.08371,4,medium_research_only,SAME_ROLE_ONLY;RESEARCH_ONLY;SAMPLE_TOO_SMALL_LOCAL_11_MATCHES_NOT_PRODUCTION_READY,True,False
MID,3313,Giovani Lo Celso,477680,Hamza Saoud,88.432079,21.710674,88.432079,4,medium_research_only,SAME_ROLE_ONLY;RESEARCH_ONLY;SAMPLE_TOO_SMALL_LOCAL_11_MATCHES_NOT_PRODUCTION_READY,True,False
MID,3313,Giovani Lo Celso,477682,Ayoub Benaadi,93.282111,22.00477,93.282111,4,medium_research_only,SAME_ROLE_ONLY;RESEARCH_ONLY;SAMPLE_TOO_SMALL_LOCAL_11_MATCHES_NOT_PRODUCTION_READY,True,False
MID,3313,Giovani Lo Celso,477688,Ayoub El Khaffi,81.114228,26.422525,81.114228,4,medium_research_only,SAME_ROLE_ONLY;RESEARCH_ONLY;SAMPLE_TOO_SMALL_LOCAL_11_MATCHES_NOT_PRODUCTION_READY,True,False
MID,3313,Giovani Lo Celso,523298,Mohamed Ahayaoui,86.008809,23.761267,86.008809,4,medium_research_only,SAME_ROLE_ONLY;RESEARCH_ONLY;SAMPLE_TOO_SMALL_LOCAL_11_MATCHES_NOT_PRODUCTION_READY,True,False
MID,3313,Giovani Lo Celso,523308,Adil Khalloufi,80.385225,26.672659,80.385225,4,medium_research_only,SAME_ROLE_ONLY;RESEARCH_ONLY;SAMPLE_TOO_SMALL_LOCAL_11_MATCHES_NOT_PRODUCTION_READY,True,False
MID,3313,Giovani Lo Celso,523312,Brahim Mansouri,98.817677,18.580346,98.817677,4,medium_research_only,SAME_ROLE_ONLY;RESEARCH_ONLY;SAMPLE_TOO_SMALL_LOCAL_11_MATCHES_NOT_PRODUCTION_READY,True,False
MID,3313,Giovani Lo Celso,523319,Omar Ouddah,80.418841,26.557241,80.418841,4,medium_research_only,SAME_ROLE_ONLY;RESEARCH_ONLY;SAMPLE_TOO_SMALL_LOCAL_11_MATCHES_NOT_PRODUCTION_READY,True,False
MID,3313,Giovani Lo Celso,523973,Hamza Rafa,81.138877,26.508278,81.138877,4,medium_research_only,SAME_ROLE_ONLY;RESEARCH_ONLY;SAMPLE_TOO_SMALL_LOCAL_11_MATCHES_NOT_PRODUCTION_READY,True,False
MID,3313,Giovani Lo Celso,523996,Fred Duval Ngoma,81.195984,26.473865,81.195984,4,medium_research_only,SAME_ROLE_ONLY;RESEARCH_ONLY;SAMPLE_TOO_SMALL_LOCAL_11_MATCHES_NOT_PRODUCTION_READY,True,False
MID,3313,Giovani Lo Celso,523997,Karim L'Koucha,82.813882,27.918804,82.813882,4,medium_research_only,SAME_ROLE_ONLY;RESEARCH_ONLY;SAMPLE_TOO_SMALL_LOCAL_11_MATCHES_NOT_PRODUCTION_READY,True,False
MID,3313,Giovani Lo Celso,523999,Zakaria Kessary,85.709879,24.22765,85.709879,4,medium_research_only,SAME_ROLE_ONLY;RESEARCH_ONLY;SAMPLE_TOO_SMALL_LOCAL_11_MATCHES_NOT_PRODUCTION_READY,True,False
MID,3313,Giovani Lo Celso,524000,Ahmed Aboulfath,72.423898,30.099082,72.423898,4,medium_research_only,SAME_ROLE_ONLY;RESEARCH_ONLY;SAMPLE_TOO_SMALL_LOCAL_11_MATCHES_NOT_PRODUCTION_READY,True,False
MID,3313,Giovani Lo Celso,524002,Salim Ghazzani,88.205897,21.66088,88.205897,4,medium_research_only,SAME_ROLE_ONLY;RESEARCH_ONLY;SAMPLE_TOO_SMALL_LOCAL_11_MATCHES_NOT_PRODUCTION_READY,True,False
MID,3313,Giovani Lo Celso,524003,Mohammed Es-Sahel,80.903106,27.134729,80.903106,4,medium_research_only,SAME_ROLE_ONLY;RESEARCH_ONLY;SAMPLE_TOO_SMALL_LOCAL_11_MATCHES_NOT_PRODUCTION_READY,True,False
MID,3313,Giovani Lo Celso,524511,Saad Nassik,82.753653,26.347024,82.753653,4,medium_research_only,SAME_ROLE_ONLY;RESEARCH_ONLY;SAMPLE_TOO_SMALL_LOCAL_11_MATCHES_NOT_PRODUCTION_READY,True,False
MID,5678,Jefferson Andrés Lerma Solís,5695,James David Rodríguez Rubio,94.065513,8.390458,94.065513,4,medium_research_only,SAME_ROLE_ONLY;RESEARCH_ONLY;SAMPLE_TOO_SMALL_LOCAL_11_MATCHES_NOT_PRODUCTION_READY,True,False
MID,5678,Jefferson Andrés Lerma Solís,7183,Moctar Sidi El Hacen El Ide,99.602364,2.774074,99.602364,4,medium_research_only,SAME_ROLE_ONLY;RESEARCH_ONLY;SAMPLE_TOO_SMALL_LOCAL_11_MATCHES_NOT_PRODUCTION_READY,True,False
MID,5678,Jefferson Andrés Lerma Solís,7550,Mounir Chouiar,99.726709,6.72365,99.726709,4,medium_research_only,SAME_ROLE_ONLY;RESEARCH_ONLY;SAMPLE_TOO_SMALL_LOCAL_11_MATCHES_NOT_PRODUCTION_READY,True,False
MID,5678,Jefferson Andrés Lerma Solís,7717,Rayane Aabid,98.509674,4.152391,98.509674,4,medium_research_only,SAME_ROLE_ONLY;RESEARCH_ONLY;SAMPLE_TOO_SMALL_LOCAL_11_MATCHES_NOT_PRODUCTION_READY,True,False
MID,5678,Jefferson Andrés Lerma Solís,7797,Rodrigo Javier De Paul,98.554216,4.416914,98.554216,4,medium_research_only,SAME_ROLE_ONLY;RESEARCH_ONLY;SAMPLE_TOO_SMALL_LOCAL_11_MATCHES_NOT_PRODUCTION_READY,True,False
MID,5678,Jefferson Andrés Lerma Solís,10689,Sabir Bougrine,97.254678,5.486888,97.254678,4,medium_research_only,SAME_ROLE_ONLY;RESEARCH_ONLY;SAMPLE_TOO_SMALL_LOCAL_11_MATCHES_NOT_PRODUCTION_READY,True,False
MID,5678,Jefferson Andrés Lerma Solís,16308,Leandro Daniel Paredes,98.9044,3.605888,98.9044,4,medium_research_only,SAME_ROLE_ONLY;RESEARCH_ONLY;SAMPLE_TOO_SMALL_LOCAL_11_MATCHES_NOT_PRODUCTION_READY,True,False
MID,5678,Jefferson Andrés Lerma Solís,21648,Anas Tahiri,97.453829,6.395114,97.453829,4,medium_research_only,SAME_ROLE_ONLY;RESEARCH_ONLY;SAMPLE_TOO_SMALL_LOCAL_11_MATCHES_NOT_PRODUCTION_READY,True,False
MID,5678,Jefferson Andrés Lerma Solís,27277,Jhon Adolfo Arias Andrade,98.810722,4.964927,98.810722,4,medium_research_only,SAME_ROLE_ONLY;RESEARCH_ONLY;SAMPLE_TOO_SMALL_LOCAL_11_MATCHES_NOT_PRODUCTION_READY,True,False
MID,5678,Jefferson Andrés Lerma Solís,27886,Alexis Mac Allister,97.794333,5.998183,97.794333,4,medium_research_only,SAME_ROLE_ONLY;RESEARCH_ONLY;SAMPLE_TOO_SMALL_LOCAL_11_MATCHES_NOT_PRODUCTION_READY,True,False
MID,5678,Jefferson Andrés Lerma Solís,30155,Bilal Ould-Chikh,94.598873,10.951275,94.598873,4,medium_research_only,SAME_ROLE_ONLY;RESEARCH_ONLY;SAMPLE_TOO_SMALL_LOCAL_11_MATCHES_NOT_PRODUCTION_READY,True,False
MID,5678,Jefferson Andrés Lerma Solís,38718,Enzo Fernandez,99.266144,4.834445,99.266144,4,medium_research_only,SAME_ROLE_ONLY;RESEARCH_ONLY;SAMPLE_TOO_SMALL_LOCAL_11_MATCHES_NOT_PRODUCTION_READY,True,False
MID,5678,Jefferson Andrés Lerma Solís,46646,José Dembi,99.57568,7.053003,99.57568,4,medium_research_only,SAME_ROLE_ONLY;RESEARCH_ONLY;SAMPLE_TOO_SMALL_LOCAL_11_MATCHES_NOT_PRODUCTION_READY,True,False
MID,5678,Jefferson Andrés Lerma Solís,49000,Amine Oudrhiri Idrissi,96.315238,6.308607,96.315238,4,medium_research_only,SAME_ROLE_ONLY;RESEARCH_ONLY;SAMPLE_TOO_SMALL_LOCAL_11_MATCHES_NOT_PRODUCTION_READY,True,False
MID,5678,Jefferson Andrés Lerma Solís,49395,Richard Rios Montoya,98.799196,4.662858,98.799196,4,medium_research_only,SAME_ROLE_ONLY;RESEARCH_ONLY;SAMPLE_TOO_SMALL_LOCAL_11_MATCHES_NOT_PRODUCTION_READY,True,False
MID,5678,Jefferson Andrés Lerma Solís,60138,Kevin Duvan Castaño Gil,92.754104,83.800023,92.754104,4,medium_research_only,SAME_ROLE_ONLY;RESEARCH_ONLY;SAMPLE_TOO_SMALL_LOCAL_11_MATCHES_NOT_PRODUCTION_READY,True,False
MID,5678,Jefferson Andrés Lerma Solís,134249,Adam Ennaffati,88.848663,10.713168,88.848663,4,medium_research_only,SAME_ROLE_ONLY;RESEARCH_ONLY;SAMPLE_TOO_SMALL_LOCAL_11_MATCHES_NOT_PRODUCTION_READY,True,False
MID,5678,Jefferson Andrés Lerma Solís,135202,Walid Sabbar,98.08019,5.680396,98.08019,4,medium_research_only,SAME_ROLE_ONLY;RESEARCH_ONLY;SAMPLE_TOO_SMALL_LOCAL_11_MATCHES_NOT_PRODUCTION_READY,True,False
MID,5678,Jefferson Andrés Lerma Solís,138827,Achraf El Idrissi,99.663182,3.466794,99.663182,4,medium_research_only,SAME_ROLE_ONLY;RESEARCH_ONLY;SAMPLE_TOO_SMALL_LOCAL_11_MATCHES_NOT_PRODUCTION_READY,True,False
MID,5678,Jefferson Andrés Lerma Solís,138845,Mohsine Moutouali,92.568098,9.124644,92.568098,4,medium_research_only,SAME_ROLE_ONLY;RESEARCH_ONLY;SAMPLE_TOO_SMALL_LOCAL_11_MATCHES_NOT_PRODUCTION_READY,True,False
MID,5678,Jefferson Andrés Lerma Solís,138853,Abdellah Farah,79.441163,15.610233,79.441163,4,medium_research_only,SAME_ROLE_ONLY;RESEARCH_ONLY;SAMPLE_TOO_SMALL_LOCAL_11_MATCHES_NOT_PRODUCTION_READY,True,False
MID,5678,Jefferson Andrés Lerma Solís,138860,Youssef Michte,99.0063,3.854406,99.0063,4,medium_research_only,SAME_ROLE_ONLY;RESEARCH_ONLY;SAMPLE_TOO_SMALL_LOCAL_11_MATCHES_NOT_PRODUCTION_READY,True,False
MID,5678,Jefferson Andrés Lerma Solís,138862,Abderrahmane Kassak,94.494807,7.728932,94.494807,4,medium_research_only,SAME_ROLE_ONLY;RESEARCH_ONLY;SAMPLE_TOO_SMALL_LOCAL_11_MATCHES_NOT_PRODUCTION_READY,True,False
MID,5678,Jefferson Andrés Lerma Solís,138872,Oussama Mahrous,99.873039,2.814775,99.873039,4,medium_research_only,SAME_ROLE_ONLY;RESEARCH_ONLY;SAMPLE_TOO_SMALL_LOCAL_11_MATCHES_NOT_PRODUCTION_READY,True,False
MID,5678,Jefferson Andrés Lerma Solís,138873,Abdelghafour Lamirat,99.046943,3.627654,99.046943,4,medium_research_only,SAME_ROLE_ONLY;RESEARCH_ONLY;SAMPLE_TOO_SMALL_LOCAL_11_MATCHES_NOT_PRODUCTION_READY,True,False
MID,5678,Jefferson Andrés Lerma Solís,138877,Saleh Al Sellami,98.625122,4.932518,98.625122,4,medium_research_only,SAME_ROLE_ONLY;RESEARCH_ONLY;SAMPLE_TOO_SMALL_LOCAL_11_MATCHES_NOT_PRODUCTION_READY,True,False
MID,5678,Jefferson Andrés Lerma Solís,138895,Abdelfattah Hadraf,84.05057,16.416112,84.05057,4,medium_research_only,SAME_ROLE_ONLY;RESEARCH_ONLY;SAMPLE_TOO_SMALL_LOCAL_11_MATCHES_NOT_PRODUCTION_READY,True,False
MID,5678,Jefferson Andrés Lerma Solís,138898,Ahmed Chentouf,85.790826,20.311981,85.790826,4,medium_research_only,SAME_ROLE_ONLY;RESEARCH_ONLY;SAMPLE_TOO_SMALL_LOCAL_11_MATCHES_NOT_PRODUCTION_READY,True,False
MID,5678,Jefferson Andrés Lerma Solís,138983,Zine Eddine Derrag,98.099896,5.069802,98.099896,4,medium_research_only,SAME_ROLE_ONLY;RESEARCH_ONLY;SAMPLE_TOO_SMALL_LOCAL_11_MATCHES_NOT_PRODUCTION_READY,True,False
MID,5678,Jefferson Andrés Lerma Solís,139545,Mohammad El Fakih,92.56642,9.974567,92.56642,4,medium_research_only,SAME_ROLE_ONLY;RESEARCH_ONLY;SAMPLE_TOO_SMALL_LOCAL_11_MATCHES_NOT_PRODUCTION_READY,True,False
MID,5678,Jefferson Andrés Lerma Solís,139554,Abdoulaye Diarra,99.792854,6.028893,99.792854,4,medium_research_only,SAME_ROLE_ONLY;RESEARCH_ONLY;SAMPLE_TOO_SMALL_LOCAL_11_MATCHES_NOT_PRODUCTION_READY,True,False
MID,5678,Jefferson Andrés Lerma Solís,139565,Larbi Naji,98.698383,4.302238,98.698383,4,medium_research_only,SAME_ROLE_ONLY;RESEARCH_ONLY;SAMPLE_TOO_SMALL_LOCAL_11_MATCHES_NOT_PRODUCTION_READY,True,False
MID,5678,Jefferson Andrés Lerma Solís,139568,Youssef Zghoudi,98.807931,8.742191,98.807931,4,medium_research_only,SAME_ROLE_ONLY;RESEARCH_ONLY;SAMPLE_TOO_SMALL_LOCAL_11_MATCHES_NOT_PRODUCTION_READY,True,False
MID,5678,Jefferson Andrés Lerma Solís,139570,Brahim El Bahraoui,98.559878,13.716618,98.559878,4,medium_research_only,SAME_ROLE_ONLY;RESEARCH_ONLY;SAMPLE_TOO_SMALL_LOCAL_11_MATCHES_NOT_PRODUCTION_READY,True,False
MID,5678,Jefferson Andrés Lerma Solís,140871,Khalid Ait Ouarkhane,95.014227,7.397975,95.014227,4,medium_research_only,SAME_ROLE_ONLY;RESEARCH_ONLY;SAMPLE_TOO_SMALL_LOCAL_11_MATCHES_NOT_PRODUCTION_READY,True,False
MID,5678,Jefferson Andrés Lerma Solís,140872,Mohamed Rabie Hrimat,96.324445,6.551024,96.324445,4,medium_research_only,SAME_ROLE_ONLY;RESEARCH_ONLY;SAMPLE_TOO_SMALL_LOCAL_11_MATCHES_NOT_PRODUCTION_READY,True,False
MID,5678,Jefferson Andrés Lerma Solís,141254,Hamza Afsal,94.506153,7.794027,94.506153,4,medium_research_only,SAME_ROLE_ONLY;RESEARCH_ONLY;SAMPLE_TOO_SMALL_LOCAL_11_MATCHES_NOT_PRODUCTION_READY,True,False
MID,5678,Jefferson Andrés Lerma Solís,143166,Zakaria Fati,99.05763,3.488492,99.05763,4,medium_research_only,SAME_ROLE_ONLY;RESEARCH_ONLY;SAMPLE_TOO_SMALL_LOCAL_11_MATCHES_NOT_PRODUCTION_READY,True,False
MID,5678,Jefferson Andrés Lerma Solís,143490,Ahmed Hammoudan,95.58559,6.885907,95.58559,4,medium_research_only,SAME_ROLE_ONLY;RESEARCH_ONLY;SAMPLE_TOO_SMALL_LOCAL_11_MATCHES_NOT_PRODUCTION_READY,True,False
MID,5678,Jefferson Andrés Lerma Solís,143505,Mohamed Morabit,90.160162,10.301677,90.160162,4,medium_research_only,SAME_ROLE_ONLY;RESEARCH_ONLY;SAMPLE_TOO_SMALL_LOCAL_11_MATCHES_NOT_PRODUCTION_READY,True,False
MID,5678,Jefferson Andrés Lerma Solís,144434,Ismail Moutaraji,98.783957,7.022106,98.783957,4,medium_research_only,SAME_ROLE_ONLY;RESEARCH_ONLY;SAMPLE_TOO_SMALL_LOCAL_11_MATCHES_NOT_PRODUCTION_READY,True,False
MID,5678,Jefferson Andrés Lerma Solís,144436,Anas Serrhat,99.761161,3.341879,99.761161,4,medium_research_only,SAME_ROLE_ONLY;RESEARCH_ONLY;SAMPLE_TOO_SMALL_LOCAL_11_MATCHES_NOT_PRODUCTION_READY,True,False
MID,5678,Jefferson Andrés Lerma Solís,149135,Moses Orkuma,99.243695,2.899459,99.243695,4,medium_research_only,SAME_ROLE_ONLY;RESEARCH_ONLY;SAMPLE_TOO_SMALL_LOCAL_11_MATCHES_NOT_PRODUCTION_READY,True,False
MID,5678,Jefferson Andrés Lerma Solís,151743,Mohamed Al Makahasi,98.899495,3.55278,98.899495,4,medium_research_only,SAME_ROLE_ONLY;RESEARCH_ONLY;SAMPLE_TOO_SMALL_LOCAL_11_MATCHES_NOT_PRODUCTION_READY,True,False
MID,5678,Jefferson Andrés Lerma Solís,154668,Mamadou Lamine Camara,99.615525,2.118368,99.615525,4,medium_research_only,SAME_ROLE_ONLY;RESEARCH_ONLY;SAMPLE_TOO_SMALL_LOCAL_11_MATCHES_NOT_PRODUCTION_READY,True,False
MID,5678,Jefferson Andrés Lerma Solís,161352,Salaheddine Errahouli,93.546441,8.232295,93.546441,4,medium_research_only,SAME_ROLE_ONLY;RESEARCH_ONLY;SAMPLE_TOO_SMALL_LOCAL_11_MATCHES_NOT_PRODUCTION_READY,True,False
MID,5678,Jefferson Andrés Lerma Solís,183765,Mohammed Amine Essahel,98.648043,3.985951,98.648043,4,medium_research_only,SAME_ROLE_ONLY;RESEARCH_ONLY;SAMPLE_TOO_SMALL_LOCAL_11_MATCHES_NOT_PRODUCTION_READY,True,False
MID,5678,Jefferson Andrés Lerma Solís,194809,Oussama Zemraoui,96.624798,6.421764,96.624798,4,medium_research_only,SAME_ROLE_ONLY;RESEARCH_ONLY;SAMPLE_TOO_SMALL_LOCAL_11_MATCHES_NOT_PRODUCTION_READY,True,False
MID,5678,Jefferson Andrés Lerma Solís,194912,Faouzi Abd El Mouttalib,99.297258,3.739182,99.297258,4,medium_research_only,SAME_ROLE_ONLY;RESEARCH_ONLY;SAMPLE_TOO_SMALL_LOCAL_11_MATCHES_NOT_PRODUCTION_READY,True,False
MID,5678,Jefferson Andrés Lerma Solís,195016,Mouad Mouchtanim,99.411076,2.707322,99.411076,4,medium_research_only,SAME_ROLE_ONLY;RESEARCH_ONLY;SAMPLE_TOO_SMALL_LOCAL_11_MATCHES_NOT_PRODUCTION_READY,True,False
MID,5678,Jefferson Andrés Lerma Solís,199611,Youssef Mehri,94.887796,7.397247,94.887796,4,medium_research_only,SAME_ROLE_ONLY;RESEARCH_ONLY;SAMPLE_TOO_SMALL_LOCAL_11_MATCHES_NOT_PRODUCTION_READY,True,False
MID,5678,Jefferson Andrés Lerma Solís,203027,Walid Rhailouf,98.716905,4.164711,98.716905,4,medium_research_only,SAME_ROLE_ONLY;RESEARCH_ONLY;SAMPLE_TOO_SMALL_LOCAL_11_MATCHES_NOT_PRODUCTION_READY,True,False
MID,5678,Jefferson Andrés Lerma Solís,225437,Stephane Aziz Ki,96.493202,9.277299,96.493202,4,medium_research_only,SAME_ROLE_ONLY;RESEARCH_ONLY;SAMPLE_TOO_SMALL_LOCAL_11_MATCHES_NOT_PRODUCTION_READY,True,False
MID,5678,Jefferson Andrés Lerma Solís,261620,Nadir Lougmani,97.880637,7.636664,97.880637,4,medium_research_only,SAME_ROLE_ONLY;RESEARCH_ONLY;SAMPLE_TOO_SMALL_LOCAL_11_MATCHES_NOT_PRODUCTION_READY,True,False
MID,5678,Jefferson Andrés Lerma Solís,275341,Yazid Faffa,99.481869,5.138362,99.481869,4,medium_research_only,SAME_ROLE_ONLY;RESEARCH_ONLY;SAMPLE_TOO_SMALL_LOCAL_11_MATCHES_NOT_PRODUCTION_READY,True,False
MID,5678,Jefferson Andrés Lerma Solís,312935,Amine Azri,99.261342,2.881787,99.261342,4,medium_research_only,SAME_ROLE_ONLY;RESEARCH_ONLY;SAMPLE_TOO_SMALL_LOCAL_11_MATCHES_NOT_PRODUCTION_READY,True,False
MID,5678,Jefferson Andrés Lerma Solís,313277,Mohamed Chemlal,86.629101,27.501824,86.629101,4,medium_research_only,SAME_ROLE_ONLY;RESEARCH_ONLY;SAMPLE_TOO_SMALL_LOCAL_11_MATCHES_NOT_PRODUCTION_READY,True,False
MID,5678,Jefferson Andrés Lerma Solís,313284,Achraf Harmach,99.123566,4.19808,99.123566,4,medium_research_only,SAME_ROLE_ONLY;RESEARCH_ONLY;SAMPLE_TOO_SMALL_LOCAL_11_MATCHES_NOT_PRODUCTION_READY,True,False
MID,5678,Jefferson Andrés Lerma Solís,314460,Ayoub Bouaadli,99.556012,2.273704,99.556012,4,medium_research_only,SAME_ROLE_ONLY;RESEARCH_ONLY;SAMPLE_TOO_SMALL_LOCAL_11_MATCHES_NOT_PRODUCTION_READY,True,False
MID,5678,Jefferson Andrés Lerma Solís,323979,Zakaria Fatihi,96.882039,7.120888,96.882039,4,medium_research_only,SAME_ROLE_ONLY;RESEARCH_ONLY;SAMPLE_TOO_SMALL_LOCAL_11_MATCHES_NOT_PRODUCTION_READY,True,False
MID,5678,Jefferson Andrés Lerma Solís,360838,Zakaria Ami,87.151512,12.095777,87.151512,4,medium_research_only,SAME_ROLE_ONLY;RESEARCH_ONLY;SAMPLE_TOO_SMALL_LOCAL_11_MATCHES_NOT_PRODUCTION_READY,True,False
MID,5678,Jefferson Andrés Lerma Solís,380600,Mouad Goulouss,99.72903,8.543175,99.72903,4,medium_research_only,SAME_ROLE_ONLY;RESEARCH_ONLY;SAMPLE_TOO_SMALL_LOCAL_11_MATCHES_NOT_PRODUCTION_READY,True,False
MID,5678,Jefferson Andrés Lerma Solís,381935,Ismail Mihrab,98.526117,6.696985,98.526117,4,medium_research_only,SAME_ROLE_ONLY;RESEARCH_ONLY;SAMPLE_TOO_SMALL_LOCAL_11_MATCHES_NOT_PRODUCTION_READY,True,False
MID,5678,Jefferson Andrés Lerma Solís,396748,Youssef Laghzal,96.246161,10.203867,96.246161,4,medium_research_only,SAME_ROLE_ONLY;RESEARCH_ONLY;SAMPLE_TOO_SMALL_LOCAL_11_MATCHES_NOT_PRODUCTION_READY,True,False
MID,5678,Jefferson Andrés Lerma Solís,405645,Othmane Chraibi,98.225199,7.823907,98.225199,4,medium_research_only,SAME_ROLE_ONLY;RESEARCH_ONLY;SAMPLE_TOO_SMALL_LOCAL_11_MATCHES_NOT_PRODUCTION_READY,True,False
MID,5678,Jefferson Andrés Lerma Solís,406269,Danilson Gomes Tavares,99.207658,6.364178,99.207658,4,medium_research_only,SAME_ROLE_ONLY;RESEARCH_ONLY;SAMPLE_TOO_SMALL_LOCAL_11_MATCHES_NOT_PRODUCTION_READY,True,False
MID,5678,Jefferson Andrés Lerma Solís,407207,Ennaama El Bellali,99.288284,2.834364,99.288284,4,medium_research_only,SAME_ROLE_ONLY;RESEARCH_ONLY;SAMPLE_TOO_SMALL_LOCAL_11_MATCHES_NOT_PRODUCTION_READY,True,False
MID,5678,Jefferson Andrés Lerma Solís,407506,Oussama Nourdine,98.280684,4.390137,98.280684,4,medium_research_only,SAME_ROLE_ONLY;RESEARCH_ONLY;SAMPLE_TOO_SMALL_LOCAL_11_MATCHES_NOT_PRODUCTION_READY,True,False
MID,5678,Jefferson Andrés Lerma Solís,407852,Abdessamad Mahir,98.666806,4.046961,98.666806,4,medium_research_only,SAME_ROLE_ONLY;RESEARCH_ONLY;SAMPLE_TOO_SMALL_LOCAL_11_MATCHES_NOT_PRODUCTION_READY,True,False
MID,5678,Jefferson Andrés Lerma Solís,415853,Claude Gnolou,99.541059,2.264996,99.541059,4,medium_research_only,SAME_ROLE_ONLY;RESEARCH_ONLY;SAMPLE_TOO_SMALL_LOCAL_11_MATCHES_NOT_PRODUCTION_READY,True,False
MID,5678,Jefferson Andrés Lerma Solís,416303,El Mahdi Akoumi,99.253489,7.05743,99.253489,4,medium_research_only,SAME_ROLE_ONLY;RESEARCH_ONLY;SAMPLE_TOO_SMALL_LOCAL_11_MATCHES_NOT_PRODUCTION_READY,True,False
MID,5678,Jefferson Andrés Lerma Solís,424979,Soufiane Tazi,99.195602,3.430901,99.195602,4,medium_research_only,SAME_ROLE_ONLY;RESEARCH_ONLY;SAMPLE_TOO_SMALL_LOCAL_11_MATCHES_NOT_PRODUCTION_READY,True,False
MID,5678,Jefferson Andrés Lerma Solís,442288,Adnane Berdad,99.854841,3.446815,99.854841,4,medium_research_only,SAME_ROLE_ONLY;RESEARCH_ONLY;SAMPLE_TOO_SMALL_LOCAL_11_MATCHES_NOT_PRODUCTION_READY,True,False
MID,5678,Jefferson Andrés Lerma Solís,442292,Abdellatif El Bajjani,99.203051,3.020007,99.203051,4,medium_research_only,SAME_ROLE_ONLY;RESEARCH_ONLY;SAMPLE_TOO_SMALL_LOCAL_11_MATCHES_NOT_PRODUCTION_READY,True,False
MID,5678,Jefferson Andrés Lerma Solís,443951,Youness Akharraz,97.478639,7.188936,97.478639,4,medium_research_only,SAME_ROLE_ONLY;RESEARCH_ONLY;SAMPLE_TOO_SMALL_LOCAL_11_MATCHES_NOT_PRODUCTION_READY,True,False
MID,5678,Jefferson Andrés Lerma Solís,445163,Ayoub Maamouri,92.370408,11.093368,92.370408,4,medium_research_only,SAME_ROLE_ONLY;RESEARCH_ONLY;SAMPLE_TOO_SMALL_LOCAL_11_MATCHES_NOT_PRODUCTION_READY,True,False
MID,5678,Jefferson Andrés Lerma Solís,446355,Ishak Zidani,98.612745,4.014415,98.612745,4,medium_research_only,SAME_ROLE_ONLY;RESEARCH_ONLY;SAMPLE_TOO_SMALL_LOCAL_11_MATCHES_NOT_PRODUCTION_READY,True,False
MID,5678,Jefferson Andrés Lerma Solís,449373,Marouane Oujeddou,96.850744,6.858445,96.850744,4,medium_research_only,SAME_ROLE_ONLY;RESEARCH_ONLY;SAMPLE_TOO_SMALL_LOCAL_11_MATCHES_NOT_PRODUCTION_READY,True,False
MID,5678,Jefferson Andrés Lerma Solís,449471,Ayman Tarrazi,99.007178,5.689389,99.007178,4,medium_research_only,SAME_ROLE_ONLY;RESEARCH_ONLY;SAMPLE_TOO_SMALL_LOCAL_11_MATCHES_NOT_PRODUCTION_READY,True,False
MID,5678,Jefferson Andrés Lerma Solís,450709,Joseph Bakasu       ,98.086617,4.661842,98.086617,4,medium_research_only,SAME_ROLE_ONLY;RESEARCH_ONLY;SAMPLE_TOO_SMALL_LOCAL_11_MATCHES_NOT_PRODUCTION_READY,True,False
MID,5678,Jefferson Andrés Lerma Solís,460266,Youness Dahmani,82.905625,13.284167,82.905625,4,medium_research_only,SAME_ROLE_ONLY;RESEARCH_ONLY;SAMPLE_TOO_SMALL_LOCAL_11_MATCHES_NOT_PRODUCTION_READY,True,False
MID,5678,Jefferson Andrés Lerma Solís,477679,Redouane Oubidar,97.169373,5.633239,97.169373,4,medium_research_only,SAME_ROLE_ONLY;RESEARCH_ONLY;SAMPLE_TOO_SMALL_LOCAL_11_MATCHES_NOT_PRODUCTION_READY,True,False
MID,5678,Jefferson Andrés Lerma Solís,477680,Hamza Saoud,97.448234,8.083984,97.448234,4,medium_research_only,SAME_ROLE_ONLY;RESEARCH_ONLY;SAMPLE_TOO_SMALL_LOCAL_11_MATCHES_NOT_PRODUCTION_READY,True,False
MID,5678,Jefferson Andrés Lerma Solís,477682,Ayoub Benaadi,96.133895,6.496984,96.133895,4,medium_research_only,SAME_ROLE_ONLY;RESEARCH_ONLY;SAMPLE_TOO_SMALL_LOCAL_11_MATCHES_NOT_PRODUCTION_READY,True,False
MID,5678,Jefferson Andrés Lerma Solís,477688,Ayoub El Khaffi,98.843596,8.807192,98.843596,4,medium_research_only,SAME_ROLE_ONLY;RESEARCH_ONLY;SAMPLE_TOO_SMALL_LOCAL_11_MATCHES_NOT_PRODUCTION_READY,True,False
MID,5678,Jefferson Andrés Lerma Solís,523298,Mohamed Ahayaoui,99.654327,3.057959,99.654327,4,medium_research_only,SAME_ROLE_ONLY;RESEARCH_ONLY;SAMPLE_TOO_SMALL_LOCAL_11_MATCHES_NOT_PRODUCTION_READY,True,False
MID,5678,Jefferson Andrés Lerma Solís,523308,Adil Khalloufi,99.318537,3.069771,99.318537,4,medium_research_only,SAME_ROLE_ONLY;RESEARCH_ONLY;SAMPLE_TOO_SMALL_LOCAL_11_MATCHES_NOT_PRODUCTION_READY,True,False
MID,5678,Jefferson Andrés Lerma Solís,523312,Brahim Mansouri,90.747176,9.881395,90.747176,4,medium_research_only,SAME_ROLE_ONLY;RESEARCH_ONLY;SAMPLE_TOO_SMALL_LOCAL_11_MATCHES_NOT_PRODUCTION_READY,True,False
MID,5678,Jefferson Andrés Lerma Solís,523319,Omar Ouddah,98.102753,5.65602,98.102753,4,medium_research_only,SAME_ROLE_ONLY;RESEARCH_ONLY;SAMPLE_TOO_SMALL_LOCAL_11_MATCHES_NOT_PRODUCTION_READY,True,False
MID,5678,Jefferson Andrés Lerma Solís,523973,Hamza Rafa,97.851006,4.885474,97.851006,4,medium_research_only,SAME_ROLE_ONLY;RESEARCH_ONLY;SAMPLE_TOO_SMALL_LOCAL_11_MATCHES_NOT_PRODUCTION_READY,True,False
MID,5678,Jefferson Andrés Lerma Solís,523996,Fred Duval Ngoma,98.153667,4.535926,98.153667,4,medium_research_only,SAME_ROLE_ONLY;RESEARCH_ONLY;SAMPLE_TOO_SMALL_LOCAL_11_MATCHES_NOT_PRODUCTION_READY,True,False
MID,5678,Jefferson Andrés Lerma Solís,523997,Karim L'Koucha,99.50709,6.973222,99.50709,4,medium_research_only,SAME_ROLE_ONLY;RESEARCH_ONLY;SAMPLE_TOO_SMALL_LOCAL_11_MATCHES_NOT_PRODUCTION_READY,True,False
MID,5678,Jefferson Andrés Lerma Solís,523999,Zakaria Kessary,98.736053,3.966794,98.736053,4,medium_research_only,SAME_ROLE_ONLY;RESEARCH_ONLY;SAMPLE_TOO_SMALL_LOCAL_11_MATCHES_NOT_PRODUCTION_READY,True,False
MID,5678,Jefferson Andrés Lerma Solís,524000,Ahmed Aboulfath,92.969863,9.038779,92.969863,4,medium_research_only,SAME_ROLE_ONLY;RESEARCH_ONLY;SAMPLE_TOO_SMALL_LOCAL_11_MATCHES_NOT_PRODUCTION_READY,True,False
MID,5678,Jefferson Andrés Lerma Solís,524002,Salim Ghazzani,92.453168,12.902266,92.453168,4,medium_research_only,SAME_ROLE_ONLY;RESEARCH_ONLY;SAMPLE_TOO_SMALL_LOCAL_11_MATCHES_NOT_PRODUCTION_READY,True,False
MID,5678,Jefferson Andrés Lerma Solís,524003,Mohammed Es-Sahel,98.12958,5.019334,98.12958,4,medium_research_only,SAME_ROLE_ONLY;RESEARCH_ONLY;SAMPLE_TOO_SMALL_LOCAL_11_MATCHES_NOT_PRODUCTION_READY,True,False
MID,5678,Jefferson Andrés Lerma Solís,524511,Saad Nassik,99.068887,3.772891,99.068887,4,medium_research_only,SAME_ROLE_ONLY;RESEARCH_ONLY;SAMPLE_TOO_SMALL_LOCAL_11_MATCHES_NOT_PRODUCTION_READY,True,False
MID,5695,James David Rodríguez Rubio,7183,Moctar Sidi El Hacen El Ide,93.099098,8.905374,93.099098,4,medium_research_only,SAME_ROLE_ONLY;RESEARCH_ONLY;SAMPLE_TOO_SMALL_LOCAL_11_MATCHES_NOT_PRODUCTION_READY,True,False
MID,5695,James David Rodríguez Rubio,7550,Mounir Chouiar,96.241327,9.035187,96.241327,4,medium_research_only,SAME_ROLE_ONLY;RESEARCH_ONLY;SAMPLE_TOO_SMALL_LOCAL_11_MATCHES_NOT_PRODUCTION_READY,True,False
MID,5695,James David Rodríguez Rubio,7717,Rayane Aabid,96.458971,6.539888,96.458971,4,medium_research_only,SAME_ROLE_ONLY;RESEARCH_ONLY;SAMPLE_TOO_SMALL_LOCAL_11_MATCHES_NOT_PRODUCTION_READY,True,False
MID,5695,James David Rodríguez Rubio,7797,Rodrigo Javier De Paul,96.436542,6.791172,96.436542,4,medium_research_only,SAME_ROLE_ONLY;RESEARCH_ONLY;SAMPLE_TOO_SMALL_LOCAL_11_MATCHES_NOT_PRODUCTION_READY,True,False
MID,5695,James David Rodríguez Rubio,10689,Sabir Bougrine,98.704321,4.056678,98.704321,4,medium_research_only,SAME_ROLE_ONLY;RESEARCH_ONLY;SAMPLE_TOO_SMALL_LOCAL_11_MATCHES_NOT_PRODUCTION_READY,True,False
MID,5695,James David Rodríguez Rubio,16308,Leandro Daniel Paredes,94.496533,8.179765,94.496533,4,medium_research_only,SAME_ROLE_ONLY;RESEARCH_ONLY;SAMPLE_TOO_SMALL_LOCAL_11_MATCHES_NOT_PRODUCTION_READY,True,False
MID,5695,James David Rodríguez Rubio,21648,Anas Tahiri,95.500354,8.171218,95.500354,4,medium_research_only,SAME_ROLE_ONLY;RESEARCH_ONLY;SAMPLE_TOO_SMALL_LOCAL_11_MATCHES_NOT_PRODUCTION_READY,True,False
MID,5695,James David Rodríguez Rubio,27277,Jhon Adolfo Arias Andrade,91.245699,11.22285,91.245699,4,medium_research_only,SAME_ROLE_ONLY;RESEARCH_ONLY;SAMPLE_TOO_SMALL_LOCAL_11_MATCHES_NOT_PRODUCTION_READY,True,False
MID,5695,James David Rodríguez Rubio,27886,Alexis Mac Allister,94.184019,9.104214,94.184019,4,medium_research_only,SAME_ROLE_ONLY;RESEARCH_ONLY;SAMPLE_TOO_SMALL_LOCAL_11_MATCHES_NOT_PRODUCTION_READY,True,False
MID,5695,James David Rodríguez Rubio,30155,Bilal Ould-Chikh,99.384324,6.152663,99.384324,4,medium_research_only,SAME_ROLE_ONLY;RESEARCH_ONLY;SAMPLE_TOO_SMALL_LOCAL_11_MATCHES_NOT_PRODUCTION_READY,True,False
MID,5695,James David Rodríguez Rubio,38718,Enzo Fernandez,91.142566,11.611316,91.142566,4,medium_research_only,SAME_ROLE_ONLY;RESEARCH_ONLY;SAMPLE_TOO_SMALL_LOCAL_11_MATCHES_NOT_PRODUCTION_READY,True,False
MID,5695,James David Rodríguez Rubio,46646,José Dembi,94.025797,10.016396,94.025797,4,medium_research_only,SAME_ROLE_ONLY;RESEARCH_ONLY;SAMPLE_TOO_SMALL_LOCAL_11_MATCHES_NOT_PRODUCTION_READY,True,False
MID,5695,James David Rodríguez Rubio,49000,Amine Oudrhiri Idrissi,89.482461,10.861844,89.482461,4,medium_research_only,SAME_ROLE_ONLY;RESEARCH_ONLY;SAMPLE_TOO_SMALL_LOCAL_11_MATCHES_NOT_PRODUCTION_READY,True,False
MID,5695,James David Rodríguez Rubio,49395,Richard Rios Montoya,95.928471,7.605078,95.928471,4,medium_research_only,SAME_ROLE_ONLY;RESEARCH_ONLY;SAMPLE_TOO_SMALL_LOCAL_11_MATCHES_NOT_PRODUCTION_READY,True,False
MID,5695,James David Rodríguez Rubio,60138,Kevin Duvan Castaño Gil,89.713475,84.391046,89.713475,4,medium_research_only,SAME_ROLE_ONLY;RESEARCH_ONLY;SAMPLE_TOO_SMALL_LOCAL_11_MATCHES_NOT_PRODUCTION_READY,True,False
MID,5695,James David Rodríguez Rubio,134249,Adam Ennaffati,98.546588,7.322463,98.546588,4,medium_research_only,SAME_ROLE_ONLY;RESEARCH_ONLY;SAMPLE_TOO_SMALL_LOCAL_11_MATCHES_NOT_PRODUCTION_READY,True,False
MID,5695,James David Rodríguez Rubio,135202,Walid Sabbar,98.437549,6.091134,98.437549,4,medium_research_only,SAME_ROLE_ONLY;RESEARCH_ONLY;SAMPLE_TOO_SMALL_LOCAL_11_MATCHES_NOT_PRODUCTION_READY,True,False
MID,5695,James David Rodríguez Rubio,138827,Achraf El Idrissi,94.288881,8.344366,94.288881,4,medium_research_only,SAME_ROLE_ONLY;RESEARCH_ONLY;SAMPLE_TOO_SMALL_LOCAL_11_MATCHES_NOT_PRODUCTION_READY,True,False
MID,5695,James David Rodríguez Rubio,138845,Mohsine Moutouali,98.446333,4.350436,98.446333,4,medium_research_only,SAME_ROLE_ONLY;RESEARCH_ONLY;SAMPLE_TOO_SMALL_LOCAL_11_MATCHES_NOT_PRODUCTION_READY,True,False
MID,5695,James David Rodríguez Rubio,138853,Abdellah Farah,70.849563,16.801121,70.849563,4,medium_research_only,SAME_ROLE_ONLY;RESEARCH_ONLY;SAMPLE_TOO_SMALL_LOCAL_11_MATCHES_NOT_PRODUCTION_READY,True,False
MID,5695,James David Rodríguez Rubio,138860,Youssef Michte,90.944731,10.075401,90.944731,4,medium_research_only,SAME_ROLE_ONLY;RESEARCH_ONLY;SAMPLE_TOO_SMALL_LOCAL_11_MATCHES_NOT_PRODUCTION_READY,True,False
MID,5695,James David Rodríguez Rubio,138862,Abderrahmane Kassak,99.80499,2.074311,99.80499,4,medium_research_only,SAME_ROLE_ONLY;RESEARCH_ONLY;SAMPLE_TOO_SMALL_LOCAL_11_MATCHES_NOT_PRODUCTION_READY,True,False
MID,5695,James David Rodríguez Rubio,138872,Oussama Mahrous,95.631191,7.418569,95.631191,4,medium_research_only,SAME_ROLE_ONLY;RESEARCH_ONLY;SAMPLE_TOO_SMALL_LOCAL_11_MATCHES_NOT_PRODUCTION_READY,True,False
MID,5695,James David Rodríguez Rubio,138873,Abdelghafour Lamirat,91.102126,10.621637,91.102126,4,medium_research_only,SAME_ROLE_ONLY;RESEARCH_ONLY;SAMPLE_TOO_SMALL_LOCAL_11_MATCHES_NOT_PRODUCTION_READY,True,False
MID,5695,James David Rodríguez Rubio,138877,Saleh Al Sellami,97.348339,6.573387,97.348339,4,medium_research_only,SAME_ROLE_ONLY;RESEARCH_ONLY;SAMPLE_TOO_SMALL_LOCAL_11_MATCHES_NOT_PRODUCTION_READY,True,False
MID,5695,James David Rodríguez Rubio,138895,Abdelfattah Hadraf,78.482523,18.97232,78.482523,4,medium_research_only,SAME_ROLE_ONLY;RESEARCH_ONLY;SAMPLE_TOO_SMALL_LOCAL_11_MATCHES_NOT_PRODUCTION_READY,True,False
MID,5695,James David Rodríguez Rubio,138898,Ahmed Chentouf,72.724743,25.873486,72.724743,4,medium_research_only,SAME_ROLE_ONLY;RESEARCH_ONLY;SAMPLE_TOO_SMALL_LOCAL_11_MATCHES_NOT_PRODUCTION_READY,True,False
MID,5695,James David Rodríguez Rubio,138983,Zine Eddine Derrag,91.120912,10.705244,91.120912,4,medium_research_only,SAME_ROLE_ONLY;RESEARCH_ONLY;SAMPLE_TOO_SMALL_LOCAL_11_MATCHES_NOT_PRODUCTION_READY,True,False
MID,5695,James David Rodríguez Rubio,139545,Mohammad El Fakih,99.751878,2.311387,99.751878,4,medium_research_only,SAME_ROLE_ONLY;RESEARCH_ONLY;SAMPLE_TOO_SMALL_LOCAL_11_MATCHES_NOT_PRODUCTION_READY,True,False
MID,5695,James David Rodríguez Rubio,139554,Abdoulaye Diarra,93.127571,9.873418,93.127571,4,medium_research_only,SAME_ROLE_ONLY;RESEARCH_ONLY;SAMPLE_TOO_SMALL_LOCAL_11_MATCHES_NOT_PRODUCTION_READY,True,False
MID,5695,James David Rodríguez Rubio,139565,Larbi Naji,95.833968,7.248697,95.833968,4,medium_research_only,SAME_ROLE_ONLY;RESEARCH_ONLY;SAMPLE_TOO_SMALL_LOCAL_11_MATCHES_NOT_PRODUCTION_READY,True,False
MID,5695,James David Rodríguez Rubio,139568,Youssef Zghoudi,91.821006,11.50122,91.821006,4,medium_research_only,SAME_ROLE_ONLY;RESEARCH_ONLY;SAMPLE_TOO_SMALL_LOCAL_11_MATCHES_NOT_PRODUCTION_READY,True,False
MID,5695,James David Rodríguez Rubio,139570,Brahim El Bahraoui,97.566657,14.612258,97.566657,4,medium_research_only,SAME_ROLE_ONLY;RESEARCH_ONLY;SAMPLE_TOO_SMALL_LOCAL_11_MATCHES_NOT_PRODUCTION_READY,True,False
MID,5695,James David Rodríguez Rubio,140871,Khalid Ait Ouarkhane,99.562482,4.30877,99.562482,4,medium_research_only,SAME_ROLE_ONLY;RESEARCH_ONLY;SAMPLE_TOO_SMALL_LOCAL_11_MATCHES_NOT_PRODUCTION_READY,True,False
MID,5695,James David Rodríguez Rubio,140872,Mohamed Rabie Hrimat,99.194458,3.138584,99.194458,4,medium_research_only,SAME_ROLE_ONLY;RESEARCH_ONLY;SAMPLE_TOO_SMALL_LOCAL_11_MATCHES_NOT_PRODUCTION_READY,True,False
MID,5695,James David Rodríguez Rubio,141254,Hamza Afsal,90.4062,10.379273,90.4062,4,medium_research_only,SAME_ROLE_ONLY;RESEARCH_ONLY;SAMPLE_TOO_SMALL_LOCAL_11_MATCHES_NOT_PRODUCTION_READY,True,False
MID,5695,James David Rodríguez Rubio,143166,Zakaria Fati,94.722232,7.872371,94.722232,4,medium_research_only,SAME_ROLE_ONLY;RESEARCH_ONLY;SAMPLE_TOO_SMALL_LOCAL_11_MATCHES_NOT_PRODUCTION_READY,True,False
MID,5695,James David Rodríguez Rubio,143490,Ahmed Hammoudan,98.971808,4.245204,98.971808,4,medium_research_only,SAME_ROLE_ONLY;RESEARCH_ONLY;SAMPLE_TOO_SMALL_LOCAL_11_MATCHES_NOT_PRODUCTION_READY,True,False
MID,5695,James David Rodríguez Rubio,143505,Mohamed Morabit,96.789219,6.201142,96.789219,4,medium_research_only,SAME_ROLE_ONLY;RESEARCH_ONLY;SAMPLE_TOO_SMALL_LOCAL_11_MATCHES_NOT_PRODUCTION_READY,True,False
MID,5695,James David Rodríguez Rubio,144434,Ismail Moutaraji,91.329163,12.589815,91.329163,4,medium_research_only,SAME_ROLE_ONLY;RESEARCH_ONLY;SAMPLE_TOO_SMALL_LOCAL_11_MATCHES_NOT_PRODUCTION_READY,True,False
MID,5695,James David Rodríguez Rubio,144436,Anas Serrhat,96.142675,7.553404,96.142675,4,medium_research_only,SAME_ROLE_ONLY;RESEARCH_ONLY;SAMPLE_TOO_SMALL_LOCAL_11_MATCHES_NOT_PRODUCTION_READY,True,False
MID,5695,James David Rodríguez Rubio,149135,Moses Orkuma,90.403624,10.584912,90.403624,4,medium_research_only,SAME_ROLE_ONLY;RESEARCH_ONLY;SAMPLE_TOO_SMALL_LOCAL_11_MATCHES_NOT_PRODUCTION_READY,True,False
MID,5695,James David Rodríguez Rubio,151743,Mohamed Al Makahasi,96.675395,6.331001,96.675395,4,medium_research_only,SAME_ROLE_ONLY;RESEARCH_ONLY;SAMPLE_TOO_SMALL_LOCAL_11_MATCHES_NOT_PRODUCTION_READY,True,False
MID,5695,James David Rodríguez Rubio,154668,Mamadou Lamine Camara,96.549449,6.446946,96.549449,4,medium_research_only,SAME_ROLE_ONLY;RESEARCH_ONLY;SAMPLE_TOO_SMALL_LOCAL_11_MATCHES_NOT_PRODUCTION_READY,True,False
MID,5695,James David Rodríguez Rubio,161352,Salaheddine Errahouli,99.487699,4.068736,99.487699,4,medium_research_only,SAME_ROLE_ONLY;RESEARCH_ONLY;SAMPLE_TOO_SMALL_LOCAL_11_MATCHES_NOT_PRODUCTION_READY,True,False
MID,5695,James David Rodríguez Rubio,183765,Mohammed Amine Essahel,90.220115,10.495676,90.220115,4,medium_research_only,SAME_ROLE_ONLY;RESEARCH_ONLY;SAMPLE_TOO_SMALL_LOCAL_11_MATCHES_NOT_PRODUCTION_READY,True,False
MID,5695,James David Rodríguez Rubio,194809,Oussama Zemraoui,99.472274,2.575843,99.472274,4,medium_research_only,SAME_ROLE_ONLY;RESEARCH_ONLY;SAMPLE_TOO_SMALL_LOCAL_11_MATCHES_NOT_PRODUCTION_READY,True,False
MID,5695,James David Rodríguez Rubio,194912,Faouzi Abd El Mouttalib,93.745326,8.607079,93.745326,4,medium_research_only,SAME_ROLE_ONLY;RESEARCH_ONLY;SAMPLE_TOO_SMALL_LOCAL_11_MATCHES_NOT_PRODUCTION_READY,True,False
MID,5695,James David Rodríguez Rubio,195016,Mouad Mouchtanim,95.081231,7.756694,95.081231,4,medium_research_only,SAME_ROLE_ONLY;RESEARCH_ONLY;SAMPLE_TOO_SMALL_LOCAL_11_MATCHES_NOT_PRODUCTION_READY,True,False
MID,5695,James David Rodríguez Rubio,199611,Youssef Mehri,99.752128,2.519722,99.752128,4,medium_research_only,SAME_ROLE_ONLY;RESEARCH_ONLY;SAMPLE_TOO_SMALL_LOCAL_11_MATCHES_NOT_PRODUCTION_READY,True,False
MID,5695,James David Rodríguez Rubio,203027,Walid Rhailouf,96.921488,6.273818,96.921488,4,medium_research_only,SAME_ROLE_ONLY;RESEARCH_ONLY;SAMPLE_TOO_SMALL_LOCAL_11_MATCHES_NOT_PRODUCTION_READY,True,False
MID,5695,James David Rodríguez Rubio,225437,Stephane Aziz Ki,99.395991,9.138465,99.395991,4,medium_research_only,SAME_ROLE_ONLY;RESEARCH_ONLY;SAMPLE_TOO_SMALL_LOCAL_11_MATCHES_NOT_PRODUCTION_READY,True,False
MID,5695,James David Rodríguez Rubio,261620,Nadir Lougmani,94.121396,9.862124,94.121396,4,medium_research_only,SAME_ROLE_ONLY;RESEARCH_ONLY;SAMPLE_TOO_SMALL_LOCAL_11_MATCHES_NOT_PRODUCTION_READY,True,False
MID,5695,James David Rodríguez Rubio,275341,Yazid Faffa,94.132398,8.953974,94.132398,4,medium_research_only,SAME_ROLE_ONLY;RESEARCH_ONLY;SAMPLE_TOO_SMALL_LOCAL_11_MATCHES_NOT_PRODUCTION_READY,True,False
MID,5695,James David Rodríguez Rubio,312935,Amine Azri,92.156089,9.539488,92.156089,4,medium_research_only,SAME_ROLE_ONLY;RESEARCH_ONLY;SAMPLE_TOO_SMALL_LOCAL_11_MATCHES_NOT_PRODUCTION_READY,True,False
MID,5695,James David Rodríguez Rubio,313277,Mohamed Chemlal,98.084849,20.968114,98.084849,4,medium_research_only,SAME_ROLE_ONLY;RESEARCH_ONLY;SAMPLE_TOO_SMALL_LOCAL_11_MATCHES_NOT_PRODUCTION_READY,True,False
MID,5695,James David Rodríguez Rubio,313284,Achraf Harmach,92.4972,9.338552,92.4972,4,medium_research_only,SAME_ROLE_ONLY;RESEARCH_ONLY;SAMPLE_TOO_SMALL_LOCAL_11_MATCHES_NOT_PRODUCTION_READY,True,False
MID,5695,James David Rodríguez Rubio,314460,Ayoub Bouaadli,95.061596,7.612634,95.061596,4,medium_research_only,SAME_ROLE_ONLY;RESEARCH_ONLY;SAMPLE_TOO_SMALL_LOCAL_11_MATCHES_NOT_PRODUCTION_READY,True,False
MID,5695,James David Rodríguez Rubio,323979,Zakaria Fatihi,89.342041,12.376897,89.342041,4,medium_research_only,SAME_ROLE_ONLY;RESEARCH_ONLY;SAMPLE_TOO_SMALL_LOCAL_11_MATCHES_NOT_PRODUCTION_READY,True,False
MID,5695,James David Rodríguez Rubio,360838,Zakaria Ami,85.29144,13.234648,85.29144,4,medium_research_only,SAME_ROLE_ONLY;RESEARCH_ONLY;SAMPLE_TOO_SMALL_LOCAL_11_MATCHES_NOT_PRODUCTION_READY,True,False
MID,5695,James David Rodríguez Rubio,380600,Mouad Goulouss,94.136189,10.960916,94.136189,4,medium_research_only,SAME_ROLE_ONLY;RESEARCH_ONLY;SAMPLE_TOO_SMALL_LOCAL_11_MATCHES_NOT_PRODUCTION_READY,True,False
MID,5695,James David Rodríguez Rubio,381935,Ismail Mihrab,90.796906,10.713054,90.796906,4,medium_research_only,SAME_ROLE_ONLY;RESEARCH_ONLY;SAMPLE_TOO_SMALL_LOCAL_11_MATCHES_NOT_PRODUCTION_READY,True,False
MID,5695,James David Rodríguez Rubio,396748,Youssef Laghzal,84.380524,13.541377,84.380524,4,medium_research_only,SAME_ROLE_ONLY;RESEARCH_ONLY;SAMPLE_TOO_SMALL_LOCAL_11_MATCHES_NOT_PRODUCTION_READY,True,False
MID,5695,James David Rodríguez Rubio,405645,Othmane Chraibi,91.772493,12.487839,91.772493,4,medium_research_only,SAME_ROLE_ONLY;RESEARCH_ONLY;SAMPLE_TOO_SMALL_LOCAL_11_MATCHES_NOT_PRODUCTION_READY,True,False
MID,5695,James David Rodríguez Rubio,406269,Danilson Gomes Tavares,91.957364,10.311303,91.957364,4,medium_research_only,SAME_ROLE_ONLY;RESEARCH_ONLY;SAMPLE_TOO_SMALL_LOCAL_11_MATCHES_NOT_PRODUCTION_READY,True,False
MID,5695,James David Rodríguez Rubio,407207,Ennaama El Bellali,93.380926,8.875791,93.380926,4,medium_research_only,SAME_ROLE_ONLY;RESEARCH_ONLY;SAMPLE_TOO_SMALL_LOCAL_11_MATCHES_NOT_PRODUCTION_READY,True,False
MID,5695,James David Rodríguez Rubio,407506,Oussama Nourdine,87.411463,12.194076,87.411463,4,medium_research_only,SAME_ROLE_ONLY;RESEARCH_ONLY;SAMPLE_TOO_SMALL_LOCAL_11_MATCHES_NOT_PRODUCTION_READY,True,False
MID,5695,James David Rodríguez Rubio,407852,Abdessamad Mahir,90.183723,10.484296,90.183723,4,medium_research_only,SAME_ROLE_ONLY;RESEARCH_ONLY;SAMPLE_TOO_SMALL_LOCAL_11_MATCHES_NOT_PRODUCTION_READY,True,False
MID,5695,James David Rodríguez Rubio,415853,Claude Gnolou,90.95168,10.335529,90.95168,4,medium_research_only,SAME_ROLE_ONLY;RESEARCH_ONLY;SAMPLE_TOO_SMALL_LOCAL_11_MATCHES_NOT_PRODUCTION_READY,True,False
MID,5695,James David Rodríguez Rubio,416303,El Mahdi Akoumi,94.441464,9.78033,94.441464,4,medium_research_only,SAME_ROLE_ONLY;RESEARCH_ONLY;SAMPLE_TOO_SMALL_LOCAL_11_MATCHES_NOT_PRODUCTION_READY,True,False
MID,5695,James David Rodríguez Rubio,424979,Soufiane Tazi,96.170513,7.010537,96.170513,4,medium_research_only,SAME_ROLE_ONLY;RESEARCH_ONLY;SAMPLE_TOO_SMALL_LOCAL_11_MATCHES_NOT_PRODUCTION_READY,True,False
MID,5695,James David Rodríguez Rubio,442288,Adnane Berdad,93.14063,9.028977,93.14063,4,medium_research_only,SAME_ROLE_ONLY;RESEARCH_ONLY;SAMPLE_TOO_SMALL_LOCAL_11_MATCHES_NOT_PRODUCTION_READY,True,False
MID,5695,James David Rodríguez Rubio,442292,Abdellatif El Bajjani,93.586528,8.763776,93.586528,4,medium_research_only,SAME_ROLE_ONLY;RESEARCH_ONLY;SAMPLE_TOO_SMALL_LOCAL_11_MATCHES_NOT_PRODUCTION_READY,True,False
MID,5695,James David Rodríguez Rubio,443951,Youness Akharraz,90.421434,10.821824,90.421434,4,medium_research_only,SAME_ROLE_ONLY;RESEARCH_ONLY;SAMPLE_TOO_SMALL_LOCAL_11_MATCHES_NOT_PRODUCTION_READY,True,False
MID,5695,James David Rodríguez Rubio,445163,Ayoub Maamouri,97.586493,10.63718,97.586493,4,medium_research_only,SAME_ROLE_ONLY;RESEARCH_ONLY;SAMPLE_TOO_SMALL_LOCAL_11_MATCHES_NOT_PRODUCTION_READY,True,False
MID,5695,James David Rodríguez Rubio,446355,Ishak Zidani,95.146961,7.559178,95.146961,4,medium_research_only,SAME_ROLE_ONLY;RESEARCH_ONLY;SAMPLE_TOO_SMALL_LOCAL_11_MATCHES_NOT_PRODUCTION_READY,True,False
MID,5695,James David Rodríguez Rubio,449373,Marouane Oujeddou,99.410237,5.905207,99.410237,4,medium_research_only,SAME_ROLE_ONLY;RESEARCH_ONLY;SAMPLE_TOO_SMALL_LOCAL_11_MATCHES_NOT_PRODUCTION_READY,True,False
MID,5695,James David Rodríguez Rubio,449471,Ayman Tarrazi,88.853903,11.20469,88.853903,4,medium_research_only,SAME_ROLE_ONLY;RESEARCH_ONLY;SAMPLE_TOO_SMALL_LOCAL_11_MATCHES_NOT_PRODUCTION_READY,True,False
MID,5695,James David Rodríguez Rubio,450709,Joseph Bakasu       ,90.571323,10.30854,90.571323,4,medium_research_only,SAME_ROLE_ONLY;RESEARCH_ONLY;SAMPLE_TOO_SMALL_LOCAL_11_MATCHES_NOT_PRODUCTION_READY,True,False
MID,5695,James David Rodríguez Rubio,460266,Youness Dahmani,78.045371,14.849138,78.045371,4,medium_research_only,SAME_ROLE_ONLY;RESEARCH_ONLY;SAMPLE_TOO_SMALL_LOCAL_11_MATCHES_NOT_PRODUCTION_READY,True,False
MID,5695,James David Rodríguez Rubio,477679,Redouane Oubidar,87.474863,12.163861,87.474863,4,medium_research_only,SAME_ROLE_ONLY;RESEARCH_ONLY;SAMPLE_TOO_SMALL_LOCAL_11_MATCHES_NOT_PRODUCTION_READY,True,False
MID,5695,James David Rodríguez Rubio,477680,Hamza Saoud,95.031313,9.82592,95.031313,4,medium_research_only,SAME_ROLE_ONLY;RESEARCH_ONLY;SAMPLE_TOO_SMALL_LOCAL_11_MATCHES_NOT_PRODUCTION_READY,True,False
MID,5695,James David Rodríguez Rubio,477682,Ayoub Benaadi,99.632846,3.477769,99.632846,4,medium_research_only,SAME_ROLE_ONLY;RESEARCH_ONLY;SAMPLE_TOO_SMALL_LOCAL_11_MATCHES_NOT_PRODUCTION_READY,True,False
MID,5695,James David Rodríguez Rubio,477688,Ayoub El Khaffi,90.650005,14.384594,90.650005,4,medium_research_only,SAME_ROLE_ONLY;RESEARCH_ONLY;SAMPLE_TOO_SMALL_LOCAL_11_MATCHES_NOT_PRODUCTION_READY,True,False
MID,5695,James David Rodríguez Rubio,523298,Mohamed Ahayaoui,93.244805,9.587095,93.244805,4,medium_research_only,SAME_ROLE_ONLY;RESEARCH_ONLY;SAMPLE_TOO_SMALL_LOCAL_11_MATCHES_NOT_PRODUCTION_READY,True,False
MID,5695,James David Rodríguez Rubio,523308,Adil Khalloufi,89.982752,11.213135,89.982752,4,medium_research_only,SAME_ROLE_ONLY;RESEARCH_ONLY;SAMPLE_TOO_SMALL_LOCAL_11_MATCHES_NOT_PRODUCTION_READY,True,False
MID,5695,James David Rodríguez Rubio,523312,Brahim Mansouri,98.775562,4.175161,98.775562,4,medium_research_only,SAME_ROLE_ONLY;RESEARCH_ONLY;SAMPLE_TOO_SMALL_LOCAL_11_MATCHES_NOT_PRODUCTION_READY,True,False
MID,5695,James David Rodríguez Rubio,523319,Omar Ouddah,87.682955,13.101058,87.682955,4,medium_research_only,SAME_ROLE_ONLY;RESEARCH_ONLY;SAMPLE_TOO_SMALL_LOCAL_11_MATCHES_NOT_PRODUCTION_READY,True,False
MID,5695,James David Rodríguez Rubio,523973,Hamza Rafa,90.904621,10.335774,90.904621,4,medium_research_only,SAME_ROLE_ONLY;RESEARCH_ONLY;SAMPLE_TOO_SMALL_LOCAL_11_MATCHES_NOT_PRODUCTION_READY,True,False
MID,5695,James David Rodríguez Rubio,523996,Fred Duval Ngoma,90.712567,10.457871,90.712567,4,medium_research_only,SAME_ROLE_ONLY;RESEARCH_ONLY;SAMPLE_TOO_SMALL_LOCAL_11_MATCHES_NOT_PRODUCTION_READY,True,False
MID,5695,James David Rodríguez Rubio,523997,Karim L'Koucha,91.382938,10.843253,91.382938,4,medium_research_only,SAME_ROLE_ONLY;RESEARCH_ONLY;SAMPLE_TOO_SMALL_LOCAL_11_MATCHES_NOT_PRODUCTION_READY,True,False
MID,5695,James David Rodríguez Rubio,523999,Zakaria Kessary,95.781338,7.228284,95.781338,4,medium_research_only,SAME_ROLE_ONLY;RESEARCH_ONLY;SAMPLE_TOO_SMALL_LOCAL_11_MATCHES_NOT_PRODUCTION_READY,True,False
MID,5695,James David Rodríguez Rubio,524000,Ahmed Aboulfath,86.085422,12.210719,86.085422,4,medium_research_only,SAME_ROLE_ONLY;RESEARCH_ONLY;SAMPLE_TOO_SMALL_LOCAL_11_MATCHES_NOT_PRODUCTION_READY,True,False
MID,5695,James David Rodríguez Rubio,524002,Salim Ghazzani,95.676746,10.405372,95.676746,4,medium_research_only,SAME_ROLE_ONLY;RESEARCH_ONLY;SAMPLE_TOO_SMALL_LOCAL_11_MATCHES_NOT_PRODUCTION_READY,True,False
MID,5695,James David Rodríguez Rubio,524003,Mohammed Es-Sahel,87.936393,11.452553,87.936393,4,medium_research_only,SAME_ROLE_ONLY;RESEARCH_ONLY;SAMPLE_TOO_SMALL_LOCAL_11_MATCHES_NOT_PRODUCTION_READY,True,False
MID,5695,James David Rodríguez Rubio,524511,Saad Nassik,91.420931,9.832819,91.420931,4,medium_research_only,SAME_ROLE_ONLY;RESEARCH_ONLY;SAMPLE_TOO_SMALL_LOCAL_11_MATCHES_NOT_PRODUCTION_READY,True,False
MID,7183,Moctar Sidi El Hacen El Ide,7550,Mounir Chouiar,99.326977,5.061856,99.326977,4,medium_research_only,SAME_ROLE_ONLY;RESEARCH_ONLY;SAMPLE_TOO_SMALL_LOCAL_11_MATCHES_NOT_PRODUCTION_READY,True,False
MID,7183,Moctar Sidi El Hacen El Ide,7717,Rayane Aabid,98.699803,4.316354,98.699803,4,medium_research_only,SAME_ROLE_ONLY;RESEARCH_ONLY;SAMPLE_TOO_SMALL_LOCAL_11_MATCHES_NOT_PRODUCTION_READY,True,False
MID,7183,Moctar Sidi El Hacen El Ide,7797,Rodrigo Javier De Paul,98.919727,3.060525,98.919727,4,medium_research_only,SAME_ROLE_ONLY;RESEARCH_ONLY;SAMPLE_TOO_SMALL_LOCAL_11_MATCHES_NOT_PRODUCTION_READY,True,False
MID,7183,Moctar Sidi El Hacen El Ide,10689,Sabir Bougrine,97.013085,5.56083,97.013085,4,medium_research_only,SAME_ROLE_ONLY;RESEARCH_ONLY;SAMPLE_TOO_SMALL_LOCAL_11_MATCHES_NOT_PRODUCTION_READY,True,False
MID,7183,Moctar Sidi El Hacen El Ide,16308,Leandro Daniel Paredes,99.226758,3.765816,99.226758,4,medium_research_only,SAME_ROLE_ONLY;RESEARCH_ONLY;SAMPLE_TOO_SMALL_LOCAL_11_MATCHES_NOT_PRODUCTION_READY,True,False
MID,7183,Moctar Sidi El Hacen El Ide,21648,Anas Tahiri,97.593546,4.886658,97.593546,4,medium_research_only,SAME_ROLE_ONLY;RESEARCH_ONLY;SAMPLE_TOO_SMALL_LOCAL_11_MATCHES_NOT_PRODUCTION_READY,True,False
MID,7183,Moctar Sidi El Hacen El Ide,27277,Jhon Adolfo Arias Andrade,99.594662,5.388872,99.594662,4,medium_research_only,SAME_ROLE_ONLY;RESEARCH_ONLY;SAMPLE_TOO_SMALL_LOCAL_11_MATCHES_NOT_PRODUCTION_READY,True,False
MID,7183,Moctar Sidi El Hacen El Ide,27886,Alexis Mac Allister,98.576071,6.155735,98.576071,4,medium_research_only,SAME_ROLE_ONLY;RESEARCH_ONLY;SAMPLE_TOO_SMALL_LOCAL_11_MATCHES_NOT_PRODUCTION_READY,True,False
MID,7183,Moctar Sidi El Hacen El Ide,30155,Bilal Ould-Chikh,94.602546,11.73745,94.602546,4,medium_research_only,SAME_ROLE_ONLY;RESEARCH_ONLY;SAMPLE_TOO_SMALL_LOCAL_11_MATCHES_NOT_PRODUCTION_READY,True,False
MID,7183,Moctar Sidi El Hacen El Ide,38718,Enzo Fernandez,99.784084,5.821752,99.784084,4,medium_research_only,SAME_ROLE_ONLY;RESEARCH_ONLY;SAMPLE_TOO_SMALL_LOCAL_11_MATCHES_NOT_PRODUCTION_READY,True,False
MID,7183,Moctar Sidi El Hacen El Ide,46646,José Dembi,99.489968,5.207221,99.489968,4,medium_research_only,SAME_ROLE_ONLY;RESEARCH_ONLY;SAMPLE_TOO_SMALL_LOCAL_11_MATCHES_NOT_PRODUCTION_READY,True,False
MID,7183,Moctar Sidi El Hacen El Ide,49000,Amine Oudrhiri Idrissi,98.02347,4.252031,98.02347,4,medium_research_only,SAME_ROLE_ONLY;RESEARCH_ONLY;SAMPLE_TOO_SMALL_LOCAL_11_MATCHES_NOT_PRODUCTION_READY,True,False
MID,7183,Moctar Sidi El Hacen El Ide,49395,Richard Rios Montoya,99.354146,5.206573,99.354146,4,medium_research_only,SAME_ROLE_ONLY;RESEARCH_ONLY;SAMPLE_TOO_SMALL_LOCAL_11_MATCHES_NOT_PRODUCTION_READY,True,False
MID,7183,Moctar Sidi El Hacen El Ide,60138,Kevin Duvan Castaño Gil,89.183381,86.553141,89.183381,4,medium_research_only,SAME_ROLE_ONLY;RESEARCH_ONLY;SAMPLE_TOO_SMALL_LOCAL_11_MATCHES_NOT_PRODUCTION_READY,True,False
MID,7183,Moctar Sidi El Hacen El Ide,134249,Adam Ennaffati,87.216597,9.879417,87.216597,4,medium_research_only,SAME_ROLE_ONLY;RESEARCH_ONLY;SAMPLE_TOO_SMALL_LOCAL_11_MATCHES_NOT_PRODUCTION_READY,True,False
MID,7183,Moctar Sidi El Hacen El Ide,135202,Walid Sabbar,96.848203,5.288156,96.848203,4,medium_research_only,SAME_ROLE_ONLY;RESEARCH_ONLY;SAMPLE_TOO_SMALL_LOCAL_11_MATCHES_NOT_PRODUCTION_READY,True,False
MID,7183,Moctar Sidi El Hacen El Ide,138827,Achraf El Idrissi,99.574066,2.136068,99.574066,4,medium_research_only,SAME_ROLE_ONLY;RESEARCH_ONLY;SAMPLE_TOO_SMALL_LOCAL_11_MATCHES_NOT_PRODUCTION_READY,True,False
MID,7183,Moctar Sidi El Hacen El Ide,138845,Mohsine Moutouali,91.0675,9.605105,91.0675,4,medium_research_only,SAME_ROLE_ONLY;RESEARCH_ONLY;SAMPLE_TOO_SMALL_LOCAL_11_MATCHES_NOT_PRODUCTION_READY,True,False
MID,7183,Moctar Sidi El Hacen El Ide,138853,Abdellah Farah,75.105958,13.875567,75.105958,4,medium_research_only,SAME_ROLE_ONLY;RESEARCH_ONLY;SAMPLE_TOO_SMALL_LOCAL_11_MATCHES_NOT_PRODUCTION_READY,True,False
MID,7183,Moctar Sidi El Hacen El Ide,138860,Youssef Michte,99.781492,1.411346,99.781492,4,medium_research_only,SAME_ROLE_ONLY;RESEARCH_ONLY;SAMPLE_TOO_SMALL_LOCAL_11_MATCHES_NOT_PRODUCTION_READY,True,False
MID,7183,Moctar Sidi El Hacen El Ide,138862,Abderrahmane Kassak,93.059937,8.238097,93.059937,4,medium_research_only,SAME_ROLE_ONLY;RESEARCH_ONLY;SAMPLE_TOO_SMALL_LOCAL_11_MATCHES_NOT_PRODUCTION_READY,True,False
MID,7183,Moctar Sidi El Hacen El Ide,138872,Oussama Mahrous,99.40278,2.329085,99.40278,4,medium_research_only,SAME_ROLE_ONLY;RESEARCH_ONLY;SAMPLE_TOO_SMALL_LOCAL_11_MATCHES_NOT_PRODUCTION_READY,True,False
MID,7183,Moctar Sidi El Hacen El Ide,138873,Abdelghafour Lamirat,99.77511,3.580807,99.77511,4,medium_research_only,SAME_ROLE_ONLY;RESEARCH_ONLY;SAMPLE_TOO_SMALL_LOCAL_11_MATCHES_NOT_PRODUCTION_READY,True,False
MID,7183,Moctar Sidi El Hacen El Ide,138877,Saleh Al Sellami,98.65662,3.594424,98.65662,4,medium_research_only,SAME_ROLE_ONLY;RESEARCH_ONLY;SAMPLE_TOO_SMALL_LOCAL_11_MATCHES_NOT_PRODUCTION_READY,True,False
MID,7183,Moctar Sidi El Hacen El Ide,138895,Abdelfattah Hadraf,82.125618,17.109401,82.125618,4,medium_research_only,SAME_ROLE_ONLY;RESEARCH_ONLY;SAMPLE_TOO_SMALL_LOCAL_11_MATCHES_NOT_PRODUCTION_READY,True,False
MID,7183,Moctar Sidi El Hacen El Ide,138898,Ahmed Chentouf,84.367777,21.328201,84.367777,4,medium_research_only,SAME_ROLE_ONLY;RESEARCH_ONLY;SAMPLE_TOO_SMALL_LOCAL_11_MATCHES_NOT_PRODUCTION_READY,True,False
MID,7183,Moctar Sidi El Hacen El Ide,138983,Zine Eddine Derrag,98.992142,4.812616,98.992142,4,medium_research_only,SAME_ROLE_ONLY;RESEARCH_ONLY;SAMPLE_TOO_SMALL_LOCAL_11_MATCHES_NOT_PRODUCTION_READY,True,False
MID,7183,Moctar Sidi El Hacen El Ide,139545,Mohammad El Fakih,91.068093,10.856195,91.068093,4,medium_research_only,SAME_ROLE_ONLY;RESEARCH_ONLY;SAMPLE_TOO_SMALL_LOCAL_11_MATCHES_NOT_PRODUCTION_READY,True,False
MID,7183,Moctar Sidi El Hacen El Ide,139554,Abdoulaye Diarra,99.729893,4.177015,99.729893,4,medium_research_only,SAME_ROLE_ONLY;RESEARCH_ONLY;SAMPLE_TOO_SMALL_LOCAL_11_MATCHES_NOT_PRODUCTION_READY,True,False
MID,7183,Moctar Sidi El Hacen El Ide,139565,Larbi Naji,99.223897,2.61342,99.223897,4,medium_research_only,SAME_ROLE_ONLY;RESEARCH_ONLY;SAMPLE_TOO_SMALL_LOCAL_11_MATCHES_NOT_PRODUCTION_READY,True,False
MID,7183,Moctar Sidi El Hacen El Ide,139568,Youssef Zghoudi,99.601407,6.564667,99.601407,4,medium_research_only,SAME_ROLE_ONLY;RESEARCH_ONLY;SAMPLE_TOO_SMALL_LOCAL_11_MATCHES_NOT_PRODUCTION_READY,True,False
MID,7183,Moctar Sidi El Hacen El Ide,139570,Brahim El Bahraoui,97.221698,11.885886,97.221698,4,medium_research_only,SAME_ROLE_ONLY;RESEARCH_ONLY;SAMPLE_TOO_SMALL_LOCAL_11_MATCHES_NOT_PRODUCTION_READY,True,False
MID,7183,Moctar Sidi El Hacen El Ide,140871,Khalid Ait Ouarkhane,93.950125,7.095167,93.950125,4,medium_research_only,SAME_ROLE_ONLY;RESEARCH_ONLY;SAMPLE_TOO_SMALL_LOCAL_11_MATCHES_NOT_PRODUCTION_READY,True,False
MID,7183,Moctar Sidi El Hacen El Ide,140872,Mohamed Rabie Hrimat,96.277241,6.668067,96.277241,4,medium_research_only,SAME_ROLE_ONLY;RESEARCH_ONLY;SAMPLE_TOO_SMALL_LOCAL_11_MATCHES_NOT_PRODUCTION_READY,True,False
MID,7183,Moctar Sidi El Hacen El Ide,141254,Hamza Afsal,92.845167,7.649669,92.845167,4,medium_research_only,SAME_ROLE_ONLY;RESEARCH_ONLY;SAMPLE_TOO_SMALL_LOCAL_11_MATCHES_NOT_PRODUCTION_READY,True,False
MID,7183,Moctar Sidi El Hacen El Ide,143166,Zakaria Fati,99.224453,2.65167,99.224453,4,medium_research_only,SAME_ROLE_ONLY;RESEARCH_ONLY;SAMPLE_TOO_SMALL_LOCAL_11_MATCHES_NOT_PRODUCTION_READY,True,False
MID,7183,Moctar Sidi El Hacen El Ide,143490,Ahmed Hammoudan,95.489495,6.296549,95.489495,4,medium_research_only,SAME_ROLE_ONLY;RESEARCH_ONLY;SAMPLE_TOO_SMALL_LOCAL_11_MATCHES_NOT_PRODUCTION_READY,True,False
MID,7183,Moctar Sidi El Hacen El Ide,143505,Mohamed Morabit,88.861358,10.358318,88.861358,4,medium_research_only,SAME_ROLE_ONLY;RESEARCH_ONLY;SAMPLE_TOO_SMALL_LOCAL_11_MATCHES_NOT_PRODUCTION_READY,True,False
MID,7183,Moctar Sidi El Hacen El Ide,144434,Ismail Moutaraji,99.372198,8.052141,99.372198,4,medium_research_only,SAME_ROLE_ONLY;RESEARCH_ONLY;SAMPLE_TOO_SMALL_LOCAL_11_MATCHES_NOT_PRODUCTION_READY,True,False
MID,7183,Moctar Sidi El Hacen El Ide,144436,Anas Serrhat,99.196579,5.665307,99.196579,4,medium_research_only,SAME_ROLE_ONLY;RESEARCH_ONLY;SAMPLE_TOO_SMALL_LOCAL_11_MATCHES_NOT_PRODUCTION_READY,True,False
MID,7183,Moctar Sidi El Hacen El Ide,149135,Moses Orkuma,99.734157,2.304906,99.734157,4,medium_research_only,SAME_ROLE_ONLY;RESEARCH_ONLY;SAMPLE_TOO_SMALL_LOCAL_11_MATCHES_NOT_PRODUCTION_READY,True,False
MID,7183,Moctar Sidi El Hacen El Ide,151743,Mohamed Al Makahasi,99.195106,2.883076,99.195106,4,medium_research_only,SAME_ROLE_ONLY;RESEARCH_ONLY;SAMPLE_TOO_SMALL_LOCAL_11_MATCHES_NOT_PRODUCTION_READY,True,False
MID,7183,Moctar Sidi El Hacen El Ide,154668,Mamadou Lamine Camara,99.156255,3.687689,99.156255,4,medium_research_only,SAME_ROLE_ONLY;RESEARCH_ONLY;SAMPLE_TOO_SMALL_LOCAL_11_MATCHES_NOT_PRODUCTION_READY,True,False
MID,7183,Moctar Sidi El Hacen El Ide,161352,Salaheddine Errahouli,92.27559,8.071961,92.27559,4,medium_research_only,SAME_ROLE_ONLY;RESEARCH_ONLY;SAMPLE_TOO_SMALL_LOCAL_11_MATCHES_NOT_PRODUCTION_READY,True,False
MID,7183,Moctar Sidi El Hacen El Ide,183765,Mohammed Amine Essahel,97.506927,4.778928,97.506927,4,medium_research_only,SAME_ROLE_ONLY;RESEARCH_ONLY;SAMPLE_TOO_SMALL_LOCAL_11_MATCHES_NOT_PRODUCTION_READY,True,False
MID,7183,Moctar Sidi El Hacen El Ide,194809,Oussama Zemraoui,96.209549,6.982407,96.209549,4,medium_research_only,SAME_ROLE_ONLY;RESEARCH_ONLY;SAMPLE_TOO_SMALL_LOCAL_11_MATCHES_NOT_PRODUCTION_READY,True,False
MID,7183,Moctar Sidi El Hacen El Ide,194912,Faouzi Abd El Mouttalib,99.21993,2.660261,99.21993,4,medium_research_only,SAME_ROLE_ONLY;RESEARCH_ONLY;SAMPLE_TOO_SMALL_LOCAL_11_MATCHES_NOT_PRODUCTION_READY,True,False
MID,7183,Moctar Sidi El Hacen El Ide,195016,Mouad Mouchtanim,99.331044,3.709798,99.331044,4,medium_research_only,SAME_ROLE_ONLY;RESEARCH_ONLY;SAMPLE_TOO_SMALL_LOCAL_11_MATCHES_NOT_PRODUCTION_READY,True,False
MID,7183,Moctar Sidi El Hacen El Ide,199611,Youssef Mehri,94.467033,7.209364,94.467033,4,medium_research_only,SAME_ROLE_ONLY;RESEARCH_ONLY;SAMPLE_TOO_SMALL_LOCAL_11_MATCHES_NOT_PRODUCTION_READY,True,False
MID,7183,Moctar Sidi El Hacen El Ide,203027,Walid Rhailouf,98.806156,4.855609,98.806156,4,medium_research_only,SAME_ROLE_ONLY;RESEARCH_ONLY;SAMPLE_TOO_SMALL_LOCAL_11_MATCHES_NOT_PRODUCTION_READY,True,False
MID,7183,Moctar Sidi El Hacen El Ide,225437,Stephane Aziz Ki,95.992647,7.653387,95.992647,4,medium_research_only,SAME_ROLE_ONLY;RESEARCH_ONLY;SAMPLE_TOO_SMALL_LOCAL_11_MATCHES_NOT_PRODUCTION_READY,True,False
MID,7183,Moctar Sidi El Hacen El Ide,261620,Nadir Lougmani,98.652021,5.485441,98.652021,4,medium_research_only,SAME_ROLE_ONLY;RESEARCH_ONLY;SAMPLE_TOO_SMALL_LOCAL_11_MATCHES_NOT_PRODUCTION_READY,True,False
MID,7183,Moctar Sidi El Hacen El Ide,275341,Yazid Faffa,98.714152,4.10539,98.714152,4,medium_research_only,SAME_ROLE_ONLY;RESEARCH_ONLY;SAMPLE_TOO_SMALL_LOCAL_11_MATCHES_NOT_PRODUCTION_READY,True,False
MID,7183,Moctar Sidi El Hacen El Ide,312935,Amine Azri,98.381344,4.173247,98.381344,4,medium_research_only,SAME_ROLE_ONLY;RESEARCH_ONLY;SAMPLE_TOO_SMALL_LOCAL_11_MATCHES_NOT_PRODUCTION_READY,True,False
MID,7183,Moctar Sidi El Hacen El Ide,313277,Mohamed Chemlal,85.10144,28.894012,85.10144,4,medium_research_only,SAME_ROLE_ONLY;RESEARCH_ONLY;SAMPLE_TOO_SMALL_LOCAL_11_MATCHES_NOT_PRODUCTION_READY,True,False
MID,7183,Moctar Sidi El Hacen El Ide,313284,Achraf Harmach,99.814152,1.689602,99.814152,4,medium_research_only,SAME_ROLE_ONLY;RESEARCH_ONLY;SAMPLE_TOO_SMALL_LOCAL_11_MATCHES_NOT_PRODUCTION_READY,True,False
MID,7183,Moctar Sidi El Hacen El Ide,314460,Ayoub Bouaadli,99.575972,2.406162,99.575972,4,medium_research_only,SAME_ROLE_ONLY;RESEARCH_ONLY;SAMPLE_TOO_SMALL_LOCAL_11_MATCHES_NOT_PRODUCTION_READY,True,False
MID,7183,Moctar Sidi El Hacen El Ide,323979,Zakaria Fatihi,94.579683,9.409264,94.579683,4,medium_research_only,SAME_ROLE_ONLY;RESEARCH_ONLY;SAMPLE_TOO_SMALL_LOCAL_11_MATCHES_NOT_PRODUCTION_READY,True,False
MID,7183,Moctar Sidi El Hacen El Ide,360838,Zakaria Ami,84.202285,11.02507,84.202285,4,medium_research_only,SAME_ROLE_ONLY;RESEARCH_ONLY;SAMPLE_TOO_SMALL_LOCAL_11_MATCHES_NOT_PRODUCTION_READY,True,False
MID,7183,Moctar Sidi El Hacen El Ide,380600,Mouad Goulouss,98.682017,6.994043,98.682017,4,medium_research_only,SAME_ROLE_ONLY;RESEARCH_ONLY;SAMPLE_TOO_SMALL_LOCAL_11_MATCHES_NOT_PRODUCTION_READY,True,False
MID,7183,Moctar Sidi El Hacen El Ide,381935,Ismail Mihrab,97.472317,5.613571,97.472317,4,medium_research_only,SAME_ROLE_ONLY;RESEARCH_ONLY;SAMPLE_TOO_SMALL_LOCAL_11_MATCHES_NOT_PRODUCTION_READY,True,False
MID,7183,Moctar Sidi El Hacen El Ide,396748,Youssef Laghzal,95.792175,8.479546,95.792175,4,medium_research_only,SAME_ROLE_ONLY;RESEARCH_ONLY;SAMPLE_TOO_SMALL_LOCAL_11_MATCHES_NOT_PRODUCTION_READY,True,False
MID,7183,Moctar Sidi El Hacen El Ide,405645,Othmane Chraibi,98.756947,8.802531,98.756947,4,medium_research_only,SAME_ROLE_ONLY;RESEARCH_ONLY;SAMPLE_TOO_SMALL_LOCAL_11_MATCHES_NOT_PRODUCTION_READY,True,False
MID,7183,Moctar Sidi El Hacen El Ide,406269,Danilson Gomes Tavares,98.140991,5.251399,98.140991,4,medium_research_only,SAME_ROLE_ONLY;RESEARCH_ONLY;SAMPLE_TOO_SMALL_LOCAL_11_MATCHES_NOT_PRODUCTION_READY,True,False
MID,7183,Moctar Sidi El Hacen El Ide,407207,Ennaama El Bellali,99.76669,2.55237,99.76669,4,medium_research_only,SAME_ROLE_ONLY;RESEARCH_ONLY;SAMPLE_TOO_SMALL_LOCAL_11_MATCHES_NOT_PRODUCTION_READY,True,False
MID,7183,Moctar Sidi El Hacen El Ide,407506,Oussama Nourdine,98.388422,4.449048,98.388422,4,medium_research_only,SAME_ROLE_ONLY;RESEARCH_ONLY;SAMPLE_TOO_SMALL_LOCAL_11_MATCHES_NOT_PRODUCTION_READY,True,False
MID,7183,Moctar Sidi El Hacen El Ide,407852,Abdessamad Mahir,98.290083,3.901831,98.290083,4,medium_research_only,SAME_ROLE_ONLY;RESEARCH_ONLY;SAMPLE_TOO_SMALL_LOCAL_11_MATCHES_NOT_PRODUCTION_READY,True,False
MID,7183,Moctar Sidi El Hacen El Ide,415853,Claude Gnolou,99.412553,3.070926,99.412553,4,medium_research_only,SAME_ROLE_ONLY;RESEARCH_ONLY;SAMPLE_TOO_SMALL_LOCAL_11_MATCHES_NOT_PRODUCTION_READY,True,False
MID,7183,Moctar Sidi El Hacen El Ide,416303,El Mahdi Akoumi,99.815685,4.867771,99.815685,4,medium_research_only,SAME_ROLE_ONLY;RESEARCH_ONLY;SAMPLE_TOO_SMALL_LOCAL_11_MATCHES_NOT_PRODUCTION_READY,True,False
MID,7183,Moctar Sidi El Hacen El Ide,424979,Soufiane Tazi,99.327493,4.297225,99.327493,4,medium_research_only,SAME_ROLE_ONLY;RESEARCH_ONLY;SAMPLE_TOO_SMALL_LOCAL_11_MATCHES_NOT_PRODUCTION_READY,True,False
MID,7183,Moctar Sidi El Hacen El Ide,442288,Adnane Berdad,99.918155,1.541392,99.918155,4,medium_research_only,SAME_ROLE_ONLY;RESEARCH_ONLY;SAMPLE_TOO_SMALL_LOCAL_11_MATCHES_NOT_PRODUCTION_READY,True,False
MID,7183,Moctar Sidi El Hacen El Ide,442292,Abdellatif El Bajjani,98.841483,4.053517,98.841483,4,medium_research_only,SAME_ROLE_ONLY;RESEARCH_ONLY;SAMPLE_TOO_SMALL_LOCAL_11_MATCHES_NOT_PRODUCTION_READY,True,False
MID,7183,Moctar Sidi El Hacen El Ide,443951,Youness Akharraz,98.744144,4.769456,98.744144,4,medium_research_only,SAME_ROLE_ONLY;RESEARCH_ONLY;SAMPLE_TOO_SMALL_LOCAL_11_MATCHES_NOT_PRODUCTION_READY,True,False
MID,7183,Moctar Sidi El Hacen El Ide,445163,Ayoub Maamouri,91.577846,9.499345,91.577846,4,medium_research_only,SAME_ROLE_ONLY;RESEARCH_ONLY;SAMPLE_TOO_SMALL_LOCAL_11_MATCHES_NOT_PRODUCTION_READY,True,False
MID,7183,Moctar Sidi El Hacen El Ide,446355,Ishak Zidani,99.183191,2.787714,99.183191,4,medium_research_only,SAME_ROLE_ONLY;RESEARCH_ONLY;SAMPLE_TOO_SMALL_LOCAL_11_MATCHES_NOT_PRODUCTION_READY,True,False
MID,7183,Moctar Sidi El Hacen El Ide,449373,Marouane Oujeddou,96.14897,5.904466,96.14897,4,medium_research_only,SAME_ROLE_ONLY;RESEARCH_ONLY;SAMPLE_TOO_SMALL_LOCAL_11_MATCHES_NOT_PRODUCTION_READY,True,False
MID,7183,Moctar Sidi El Hacen El Ide,449471,Ayman Tarrazi,98.96814,4.035397,98.96814,4,medium_research_only,SAME_ROLE_ONLY;RESEARCH_ONLY;SAMPLE_TOO_SMALL_LOCAL_11_MATCHES_NOT_PRODUCTION_READY,True,False
MID,7183,Moctar Sidi El Hacen El Ide,450709,Joseph Bakasu       ,99.163967,2.78345,99.163967,4,medium_research_only,SAME_ROLE_ONLY;RESEARCH_ONLY;SAMPLE_TOO_SMALL_LOCAL_11_MATCHES_NOT_PRODUCTION_READY,True,False
MID,7183,Moctar Sidi El Hacen El Ide,460266,Youness Dahmani,80.046768,12.008212,80.046768,4,medium_research_only,SAME_ROLE_ONLY;RESEARCH_ONLY;SAMPLE_TOO_SMALL_LOCAL_11_MATCHES_NOT_PRODUCTION_READY,True,False
MID,7183,Moctar Sidi El Hacen El Ide,477679,Redouane Oubidar,96.707221,6.038556,96.707221,4,medium_research_only,SAME_ROLE_ONLY;RESEARCH_ONLY;SAMPLE_TOO_SMALL_LOCAL_11_MATCHES_NOT_PRODUCTION_READY,True,False
MID,7183,Moctar Sidi El Hacen El Ide,477680,Hamza Saoud,98.528795,8.433281,98.528795,4,medium_research_only,SAME_ROLE_ONLY;RESEARCH_ONLY;SAMPLE_TOO_SMALL_LOCAL_11_MATCHES_NOT_PRODUCTION_READY,True,False
MID,7183,Moctar Sidi El Hacen El Ide,477682,Ayoub Benaadi,94.886315,6.664083,94.886315,4,medium_research_only,SAME_ROLE_ONLY;RESEARCH_ONLY;SAMPLE_TOO_SMALL_LOCAL_11_MATCHES_NOT_PRODUCTION_READY,True,False
MID,7183,Moctar Sidi El Hacen El Ide,477688,Ayoub El Khaffi,99.589667,9.903104,99.589667,4,medium_research_only,SAME_ROLE_ONLY;RESEARCH_ONLY;SAMPLE_TOO_SMALL_LOCAL_11_MATCHES_NOT_PRODUCTION_READY,True,False
MID,7183,Moctar Sidi El Hacen El Ide,523298,Mohamed Ahayaoui,99.652496,4.610949,99.652496,4,medium_research_only,SAME_ROLE_ONLY;RESEARCH_ONLY;SAMPLE_TOO_SMALL_LOCAL_11_MATCHES_NOT_PRODUCTION_READY,True,False
MID,7183,Moctar Sidi El Hacen El Ide,523308,Adil Khalloufi,98.876231,4.61453,98.876231,4,medium_research_only,SAME_ROLE_ONLY;RESEARCH_ONLY;SAMPLE_TOO_SMALL_LOCAL_11_MATCHES_NOT_PRODUCTION_READY,True,False
MID,7183,Moctar Sidi El Hacen El Ide,523312,Brahim Mansouri,90.03692,9.59911,90.03692,4,medium_research_only,SAME_ROLE_ONLY;RESEARCH_ONLY;SAMPLE_TOO_SMALL_LOCAL_11_MATCHES_NOT_PRODUCTION_READY,True,False
MID,7183,Moctar Sidi El Hacen El Ide,523319,Omar Ouddah,98.27454,6.434051,98.27454,4,medium_research_only,SAME_ROLE_ONLY;RESEARCH_ONLY;SAMPLE_TOO_SMALL_LOCAL_11_MATCHES_NOT_PRODUCTION_READY,True,False
MID,7183,Moctar Sidi El Hacen El Ide,523973,Hamza Rafa,98.880917,3.763153,98.880917,4,medium_research_only,SAME_ROLE_ONLY;RESEARCH_ONLY;SAMPLE_TOO_SMALL_LOCAL_11_MATCHES_NOT_PRODUCTION_READY,True,False
MID,7183,Moctar Sidi El Hacen El Ide,523996,Fred Duval Ngoma,99.172097,3.402164,99.172097,4,medium_research_only,SAME_ROLE_ONLY;RESEARCH_ONLY;SAMPLE_TOO_SMALL_LOCAL_11_MATCHES_NOT_PRODUCTION_READY,True,False
MID,7183,Moctar Sidi El Hacen El Ide,523997,Karim L'Koucha,99.861568,4.878561,99.861568,4,medium_research_only,SAME_ROLE_ONLY;RESEARCH_ONLY;SAMPLE_TOO_SMALL_LOCAL_11_MATCHES_NOT_PRODUCTION_READY,True,False
MID,7183,Moctar Sidi El Hacen El Ide,523999,Zakaria Kessary,98.517179,4.853118,98.517179,4,medium_research_only,SAME_ROLE_ONLY;RESEARCH_ONLY;SAMPLE_TOO_SMALL_LOCAL_11_MATCHES_NOT_PRODUCTION_READY,True,False
MID,7183,Moctar Sidi El Hacen El Ide,524000,Ahmed Aboulfath,89.623035,9.026741,89.623035,4,medium_research_only,SAME_ROLE_ONLY;RESEARCH_ONLY;SAMPLE_TOO_SMALL_LOCAL_11_MATCHES_NOT_PRODUCTION_READY,True,False
MID,7183,Moctar Sidi El Hacen El Ide,524002,Salim Ghazzani,89.271301,15.083311,89.271301,4,medium_research_only,SAME_ROLE_ONLY;RESEARCH_ONLY;SAMPLE_TOO_SMALL_LOCAL_11_MATCHES_NOT_PRODUCTION_READY,True,False
MID,7183,Moctar Sidi El Hacen El Ide,524003,Mohammed Es-Sahel,98.351073,3.784393,98.351073,4,medium_research_only,SAME_ROLE_ONLY;RESEARCH_ONLY;SAMPLE_TOO_SMALL_LOCAL_11_MATCHES_NOT_PRODUCTION_READY,True,False
MID,7183,Moctar Sidi El Hacen El Ide,524511,Saad Nassik,99.820264,1.287655,99.820264,4,medium_research_only,SAME_ROLE_ONLY;RESEARCH_ONLY;SAMPLE_TOO_SMALL_LOCAL_11_MATCHES_NOT_PRODUCTION_READY,True,False
MID,7550,Mounir Chouiar,7717,Rayane Aabid,99.17678,7.37914,99.17678,4,medium_research_only,SAME_ROLE_ONLY;RESEARCH_ONLY;SAMPLE_TOO_SMALL_LOCAL_11_MATCHES_NOT_PRODUCTION_READY,True,False
MID,7550,Mounir Chouiar,7797,Rodrigo Javier De Paul,99.237916,4.713271,99.237916,4,medium_research_only,SAME_ROLE_ONLY;RESEARCH_ONLY;SAMPLE_TOO_SMALL_LOCAL_11_MATCHES_NOT_PRODUCTION_READY,True,False
MID,7550,Mounir Chouiar,10689,Sabir Bougrine,98.611091,6.827315,98.611091,4,medium_research_only,SAME_ROLE_ONLY;RESEARCH_ONLY;SAMPLE_TOO_SMALL_LOCAL_11_MATCHES_NOT_PRODUCTION_READY,True,False
MID,7550,Mounir Chouiar,16308,Leandro Daniel Paredes,99.070188,7.591779,99.070188,4,medium_research_only,SAME_ROLE_ONLY;RESEARCH_ONLY;SAMPLE_TOO_SMALL_LOCAL_11_MATCHES_NOT_PRODUCTION_READY,True,False
MID,7550,Mounir Chouiar,21648,Anas Tahiri,98.107821,3.724839,98.107821,4,medium_research_only,SAME_ROLE_ONLY;RESEARCH_ONLY;SAMPLE_TOO_SMALL_LOCAL_11_MATCHES_NOT_PRODUCTION_READY,True,False
MID,7550,Mounir Chouiar,27277,Jhon Adolfo Arias Andrade,98.341004,10.246032,98.341004,4,medium_research_only,SAME_ROLE_ONLY;RESEARCH_ONLY;SAMPLE_TOO_SMALL_LOCAL_11_MATCHES_NOT_PRODUCTION_READY,True,False
MID,7550,Mounir Chouiar,27886,Alexis Mac Allister,98.192461,10.022873,98.192461,4,medium_research_only,SAME_ROLE_ONLY;RESEARCH_ONLY;SAMPLE_TOO_SMALL_LOCAL_11_MATCHES_NOT_PRODUCTION_READY,True,False
MID,7550,Mounir Chouiar,30155,Bilal Ould-Chikh,96.692843,13.850948,96.692843,4,medium_research_only,SAME_ROLE_ONLY;RESEARCH_ONLY;SAMPLE_TOO_SMALL_LOCAL_11_MATCHES_NOT_PRODUCTION_READY,True,False
MID,7550,Mounir Chouiar,38718,Enzo Fernandez,98.636314,10.776094,98.636314,4,medium_research_only,SAME_ROLE_ONLY;RESEARCH_ONLY;SAMPLE_TOO_SMALL_LOCAL_11_MATCHES_NOT_PRODUCTION_READY,True,False
MID,7550,Mounir Chouiar,46646,José Dembi,99.430095,1.535314,99.430095,4,medium_research_only,SAME_ROLE_ONLY;RESEARCH_ONLY;SAMPLE_TOO_SMALL_LOCAL_11_MATCHES_NOT_PRODUCTION_READY,True,False
MID,7550,Mounir Chouiar,49000,Amine Oudrhiri Idrissi,96.1099,7.09275,96.1099,4,medium_research_only,SAME_ROLE_ONLY;RESEARCH_ONLY;SAMPLE_TOO_SMALL_LOCAL_11_MATCHES_NOT_PRODUCTION_READY,True,False
MID,7550,Mounir Chouiar,49395,Richard Rios Montoya,99.352813,9.364138,99.352813,4,medium_research_only,SAME_ROLE_ONLY;RESEARCH_ONLY;SAMPLE_TOO_SMALL_LOCAL_11_MATCHES_NOT_PRODUCTION_READY,True,False
MID,7550,Mounir Chouiar,60138,Kevin Duvan Castaño Gil,92.43132,89.206923,92.43132,4,medium_research_only,SAME_ROLE_ONLY;RESEARCH_ONLY;SAMPLE_TOO_SMALL_LOCAL_11_MATCHES_NOT_PRODUCTION_READY,True,False
MID,7550,Mounir Chouiar,134249,Adam Ennaffati,91.64605,6.186235,91.64605,4,medium_research_only,SAME_ROLE_ONLY;RESEARCH_ONLY;SAMPLE_TOO_SMALL_LOCAL_11_MATCHES_NOT_PRODUCTION_READY,True,False
MID,7550,Mounir Chouiar,135202,Walid Sabbar,99.04341,3.42042,99.04341,4,medium_research_only,SAME_ROLE_ONLY;RESEARCH_ONLY;SAMPLE_TOO_SMALL_LOCAL_11_MATCHES_NOT_PRODUCTION_READY,True,False
MID,7550,Mounir Chouiar,138827,Achraf El Idrissi,99.559057,3.924615,99.559057,4,medium_research_only,SAME_ROLE_ONLY;RESEARCH_ONLY;SAMPLE_TOO_SMALL_LOCAL_11_MATCHES_NOT_PRODUCTION_READY,True,False
MID,7550,Mounir Chouiar,138845,Mohsine Moutouali,94.611418,8.946812,94.611418,4,medium_research_only,SAME_ROLE_ONLY;RESEARCH_ONLY;SAMPLE_TOO_SMALL_LOCAL_11_MATCHES_NOT_PRODUCTION_READY,True,False
MID,7550,Mounir Chouiar,138853,Abdellah Farah,77.437921,9.182074,77.437921,4,medium_research_only,SAME_ROLE_ONLY;RESEARCH_ONLY;SAMPLE_TOO_SMALL_LOCAL_11_MATCHES_NOT_PRODUCTION_READY,True,False
MID,7550,Mounir Chouiar,138860,Youssef Michte,98.42879,5.256839,98.42879,4,medium_research_only,SAME_ROLE_ONLY;RESEARCH_ONLY;SAMPLE_TOO_SMALL_LOCAL_11_MATCHES_NOT_PRODUCTION_READY,True,False
MID,7550,Mounir Chouiar,138862,Abderrahmane Kassak,96.459054,7.658151,96.459054,4,medium_research_only,SAME_ROLE_ONLY;RESEARCH_ONLY;SAMPLE_TOO_SMALL_LOCAL_11_MATCHES_NOT_PRODUCTION_READY,True,False
MID,7550,Mounir Chouiar,138872,Oussama Mahrous,99.966889,4.015328,99.966889,4,medium_research_only,SAME_ROLE_ONLY;RESEARCH_ONLY;SAMPLE_TOO_SMALL_LOCAL_11_MATCHES_NOT_PRODUCTION_READY,True,False
MID,7550,Mounir Chouiar,138873,Abdelghafour Lamirat,98.488376,8.547523,98.488376,4,medium_research_only,SAME_ROLE_ONLY;RESEARCH_ONLY;SAMPLE_TOO_SMALL_LOCAL_11_MATCHES_NOT_PRODUCTION_READY,True,False
MID,7550,Mounir Chouiar,138877,Saleh Al Sellami,99.447407,3.547158,99.447407,4,medium_research_only,SAME_ROLE_ONLY;RESEARCH_ONLY;SAMPLE_TOO_SMALL_LOCAL_11_MATCHES_NOT_PRODUCTION_READY,True,False
MID,7550,Mounir Chouiar,138895,Abdelfattah Hadraf,83.253075,17.317377,83.253075,4,medium_research_only,SAME_ROLE_ONLY;RESEARCH_ONLY;SAMPLE_TOO_SMALL_LOCAL_11_MATCHES_NOT_PRODUCTION_READY,True,False
MID,7550,Mounir Chouiar,138898,Ahmed Chentouf,83.421606,23.078213,83.421606,4,medium_research_only,SAME_ROLE_ONLY;RESEARCH_ONLY;SAMPLE_TOO_SMALL_LOCAL_11_MATCHES_NOT_PRODUCTION_READY,True,False
MID,7550,Mounir Chouiar,138983,Zine Eddine Derrag,97.763097,9.108381,97.763097,4,medium_research_only,SAME_ROLE_ONLY;RESEARCH_ONLY;SAMPLE_TOO_SMALL_LOCAL_11_MATCHES_NOT_PRODUCTION_READY,True,False
MID,7550,Mounir Chouiar,139545,Mohammad El Fakih,94.900811,10.830914,94.900811,4,medium_research_only,SAME_ROLE_ONLY;RESEARCH_ONLY;SAMPLE_TOO_SMALL_LOCAL_11_MATCHES_NOT_PRODUCTION_READY,True,False
MID,7550,Mounir Chouiar,139554,Abdoulaye Diarra,99.405207,1.754575,99.405207,4,medium_research_only,SAME_ROLE_ONLY;RESEARCH_ONLY;SAMPLE_TOO_SMALL_LOCAL_11_MATCHES_NOT_PRODUCTION_READY,True,False
MID,7550,Mounir Chouiar,139565,Larbi Naji,99.244396,4.619029,99.244396,4,medium_research_only,SAME_ROLE_ONLY;RESEARCH_ONLY;SAMPLE_TOO_SMALL_LOCAL_11_MATCHES_NOT_PRODUCTION_READY,True,False
MID,7550,Mounir Chouiar,139568,Youssef Zghoudi,98.470254,2.885506,98.470254,4,medium_research_only,SAME_ROLE_ONLY;RESEARCH_ONLY;SAMPLE_TOO_SMALL_LOCAL_11_MATCHES_NOT_PRODUCTION_READY,True,False
MID,7550,Mounir Chouiar,139570,Brahim El Bahraoui,99.211091,7.093097,99.211091,4,medium_research_only,SAME_ROLE_ONLY;RESEARCH_ONLY;SAMPLE_TOO_SMALL_LOCAL_11_MATCHES_NOT_PRODUCTION_READY,True,False
MID,7550,Mounir Chouiar,140871,Khalid Ait Ouarkhane,96.884458,5.524115,96.884458,4,medium_research_only,SAME_ROLE_ONLY;RESEARCH_ONLY;SAMPLE_TOO_SMALL_LOCAL_11_MATCHES_NOT_PRODUCTION_READY,True,False
MID,7550,Mounir Chouiar,140872,Mohamed Rabie Hrimat,98.015858,8.076548,98.015858,4,medium_research_only,SAME_ROLE_ONLY;RESEARCH_ONLY;SAMPLE_TOO_SMALL_LOCAL_11_MATCHES_NOT_PRODUCTION_READY,True,False
MID,7550,Mounir Chouiar,141254,Hamza Afsal,94.316489,6.360192,94.316489,4,medium_research_only,SAME_ROLE_ONLY;RESEARCH_ONLY;SAMPLE_TOO_SMALL_LOCAL_11_MATCHES_NOT_PRODUCTION_READY,True,False
MID,7550,Mounir Chouiar,143166,Zakaria Fati,99.216847,5.421645,99.216847,4,medium_research_only,SAME_ROLE_ONLY;RESEARCH_ONLY;SAMPLE_TOO_SMALL_LOCAL_11_MATCHES_NOT_PRODUCTION_READY,True,False
MID,7550,Mounir Chouiar,143490,Ahmed Hammoudan,97.371292,6.162936,97.371292,4,medium_research_only,SAME_ROLE_ONLY;RESEARCH_ONLY;SAMPLE_TOO_SMALL_LOCAL_11_MATCHES_NOT_PRODUCTION_READY,True,False
MID,7550,Mounir Chouiar,143505,Mohamed Morabit,92.355327,9.193356,92.355327,4,medium_research_only,SAME_ROLE_ONLY;RESEARCH_ONLY;SAMPLE_TOO_SMALL_LOCAL_11_MATCHES_NOT_PRODUCTION_READY,True,False
MID,7550,Mounir Chouiar,144434,Ismail Moutaraji,98.3042,12.78104,98.3042,4,medium_research_only,SAME_ROLE_ONLY;RESEARCH_ONLY;SAMPLE_TOO_SMALL_LOCAL_11_MATCHES_NOT_PRODUCTION_READY,True,False
MID,7550,Mounir Chouiar,144436,Anas Serrhat,99.97733,9.429241,99.97733,4,medium_research_only,SAME_ROLE_ONLY;RESEARCH_ONLY;SAMPLE_TOO_SMALL_LOCAL_11_MATCHES_NOT_PRODUCTION_READY,True,False
MID,7550,Mounir Chouiar,149135,Moses Orkuma,98.448647,7.071159,98.448647,4,medium_research_only,SAME_ROLE_ONLY;RESEARCH_ONLY;SAMPLE_TOO_SMALL_LOCAL_11_MATCHES_NOT_PRODUCTION_READY,True,False
MID,7550,Mounir Chouiar,151743,Mohamed Al Makahasi,99.557071,5.805965,99.557071,4,medium_research_only,SAME_ROLE_ONLY;RESEARCH_ONLY;SAMPLE_TOO_SMALL_LOCAL_11_MATCHES_NOT_PRODUCTION_READY,True,False
MID,7550,Mounir Chouiar,154668,Mamadou Lamine Camara,99.97149,6.915179,99.97149,4,medium_research_only,SAME_ROLE_ONLY;RESEARCH_ONLY;SAMPLE_TOO_SMALL_LOCAL_11_MATCHES_NOT_PRODUCTION_READY,True,False
MID,7550,Mounir Chouiar,161352,Salaheddine Errahouli,95.663155,6.412093,95.663155,4,medium_research_only,SAME_ROLE_ONLY;RESEARCH_ONLY;SAMPLE_TOO_SMALL_LOCAL_11_MATCHES_NOT_PRODUCTION_READY,True,False
MID,7550,Mounir Chouiar,183765,Mohammed Amine Essahel,97.657457,6.413766,97.657457,4,medium_research_only,SAME_ROLE_ONLY;RESEARCH_ONLY;SAMPLE_TOO_SMALL_LOCAL_11_MATCHES_NOT_PRODUCTION_READY,True,False
MID,7550,Mounir Chouiar,194809,Oussama Zemraoui,98.255364,8.41132,98.255364,4,medium_research_only,SAME_ROLE_ONLY;RESEARCH_ONLY;SAMPLE_TOO_SMALL_LOCAL_11_MATCHES_NOT_PRODUCTION_READY,True,False
MID,7550,Mounir Chouiar,194912,Faouzi Abd El Mouttalib,99.14543,4.450245,99.14543,4,medium_research_only,SAME_ROLE_ONLY;RESEARCH_ONLY;SAMPLE_TOO_SMALL_LOCAL_11_MATCHES_NOT_PRODUCTION_READY,True,False
MID,7550,Mounir Chouiar,195016,Mouad Mouchtanim,99.543633,7.485089,99.543633,4,medium_research_only,SAME_ROLE_ONLY;RESEARCH_ONLY;SAMPLE_TOO_SMALL_LOCAL_11_MATCHES_NOT_PRODUCTION_READY,True,False
MID,7550,Mounir Chouiar,199611,Youssef Mehri,96.934301,7.053384,96.934301,4,medium_research_only,SAME_ROLE_ONLY;RESEARCH_ONLY;SAMPLE_TOO_SMALL_LOCAL_11_MATCHES_NOT_PRODUCTION_READY,True,False
MID,7550,Mounir Chouiar,203027,Walid Rhailouf,99.430032,8.191871,99.430032,4,medium_research_only,SAME_ROLE_ONLY;RESEARCH_ONLY;SAMPLE_TOO_SMALL_LOCAL_11_MATCHES_NOT_PRODUCTION_READY,True,False
MID,7550,Mounir Chouiar,225437,Stephane Aziz Ki,98.120345,2.986091,98.120345,4,medium_research_only,SAME_ROLE_ONLY;RESEARCH_ONLY;SAMPLE_TOO_SMALL_LOCAL_11_MATCHES_NOT_PRODUCTION_READY,True,False
MID,7550,Mounir Chouiar,261620,Nadir Lougmani,98.245395,2.682482,98.245395,4,medium_research_only,SAME_ROLE_ONLY;RESEARCH_ONLY;SAMPLE_TOO_SMALL_LOCAL_11_MATCHES_NOT_PRODUCTION_READY,True,False
MID,7550,Mounir Chouiar,275341,Yazid Faffa,99.26885,2.6568,99.26885,4,medium_research_only,SAME_ROLE_ONLY;RESEARCH_ONLY;SAMPLE_TOO_SMALL_LOCAL_11_MATCHES_NOT_PRODUCTION_READY,True,False
MID,7550,Mounir Chouiar,312935,Amine Azri,98.627769,6.736719,98.627769,4,medium_research_only,SAME_ROLE_ONLY;RESEARCH_ONLY;SAMPLE_TOO_SMALL_LOCAL_11_MATCHES_NOT_PRODUCTION_READY,True,False
MID,7550,Mounir Chouiar,313277,Mohamed Chemlal,89.790072,29.853867,89.790072,4,medium_research_only,SAME_ROLE_ONLY;RESEARCH_ONLY;SAMPLE_TOO_SMALL_LOCAL_11_MATCHES_NOT_PRODUCTION_READY,True,False
MID,7550,Mounir Chouiar,313284,Achraf Harmach,98.85777,4.293871,98.85777,4,medium_research_only,SAME_ROLE_ONLY;RESEARCH_ONLY;SAMPLE_TOO_SMALL_LOCAL_11_MATCHES_NOT_PRODUCTION_READY,True,False
MID,7550,Mounir Chouiar,314460,Ayoub Bouaadli,99.666996,6.14673,99.666996,4,medium_research_only,SAME_ROLE_ONLY;RESEARCH_ONLY;SAMPLE_TOO_SMALL_LOCAL_11_MATCHES_NOT_PRODUCTION_READY,True,False
MID,7550,Mounir Chouiar,323979,Zakaria Fatihi,95.849674,11.245331,95.849674,4,medium_research_only,SAME_ROLE_ONLY;RESEARCH_ONLY;SAMPLE_TOO_SMALL_LOCAL_11_MATCHES_NOT_PRODUCTION_READY,True,False
MID,7550,Mounir Chouiar,360838,Zakaria Ami,87.084045,6.815063,87.084045,4,medium_research_only,SAME_ROLE_ONLY;RESEARCH_ONLY;SAMPLE_TOO_SMALL_LOCAL_11_MATCHES_NOT_PRODUCTION_READY,True,False
MID,7550,Mounir Chouiar,380600,Mouad Goulouss,99.416296,2.336827,99.416296,4,medium_research_only,SAME_ROLE_ONLY;RESEARCH_ONLY;SAMPLE_TOO_SMALL_LOCAL_11_MATCHES_NOT_PRODUCTION_READY,True,False
MID,7550,Mounir Chouiar,381935,Ismail Mihrab,97.70652,3.27025,97.70652,4,medium_research_only,SAME_ROLE_ONLY;RESEARCH_ONLY;SAMPLE_TOO_SMALL_LOCAL_11_MATCHES_NOT_PRODUCTION_READY,True,False
MID,7550,Mounir Chouiar,396748,Youssef Laghzal,94.544292,4.861075,94.544292,4,medium_research_only,SAME_ROLE_ONLY;RESEARCH_ONLY;SAMPLE_TOO_SMALL_LOCAL_11_MATCHES_NOT_PRODUCTION_READY,True,False
MID,7550,Mounir Chouiar,405645,Othmane Chraibi,97.947891,13.181474,97.947891,4,medium_research_only,SAME_ROLE_ONLY;RESEARCH_ONLY;SAMPLE_TOO_SMALL_LOCAL_11_MATCHES_NOT_PRODUCTION_READY,True,False
MID,7550,Mounir Chouiar,406269,Danilson Gomes Tavares,98.50785,2.652984,98.50785,4,medium_research_only,SAME_ROLE_ONLY;RESEARCH_ONLY;SAMPLE_TOO_SMALL_LOCAL_11_MATCHES_NOT_PRODUCTION_READY,True,False
MID,7550,Mounir Chouiar,407207,Ennaama El Bellali,99.152059,7.112259,99.152059,4,medium_research_only,SAME_ROLE_ONLY;RESEARCH_ONLY;SAMPLE_TOO_SMALL_LOCAL_11_MATCHES_NOT_PRODUCTION_READY,True,False
MID,7550,Mounir Chouiar,407506,Oussama Nourdine,96.942985,8.021828,96.942985,4,medium_research_only,SAME_ROLE_ONLY;RESEARCH_ONLY;SAMPLE_TOO_SMALL_LOCAL_11_MATCHES_NOT_PRODUCTION_READY,True,False
MID,7550,Mounir Chouiar,407852,Abdessamad Mahir,97.795623,6.082228,97.795623,4,medium_research_only,SAME_ROLE_ONLY;RESEARCH_ONLY;SAMPLE_TOO_SMALL_LOCAL_11_MATCHES_NOT_PRODUCTION_READY,True,False
MID,7550,Mounir Chouiar,415853,Claude Gnolou,98.705102,7.188606,98.705102,4,medium_research_only,SAME_ROLE_ONLY;RESEARCH_ONLY;SAMPLE_TOO_SMALL_LOCAL_11_MATCHES_NOT_PRODUCTION_READY,True,False
MID,7550,Mounir Chouiar,416303,El Mahdi Akoumi,99.379551,1.593839,99.379551,4,medium_research_only,SAME_ROLE_ONLY;RESEARCH_ONLY;SAMPLE_TOO_SMALL_LOCAL_11_MATCHES_NOT_PRODUCTION_READY,True,False
MID,7550,Mounir Chouiar,424979,Soufiane Tazi,99.649623,8.158537,99.649623,4,medium_research_only,SAME_ROLE_ONLY;RESEARCH_ONLY;SAMPLE_TOO_SMALL_LOCAL_11_MATCHES_NOT_PRODUCTION_READY,True,False
MID,7550,Mounir Chouiar,442288,Adnane Berdad,99.480405,3.735177,99.480405,4,medium_research_only,SAME_ROLE_ONLY;RESEARCH_ONLY;SAMPLE_TOO_SMALL_LOCAL_11_MATCHES_NOT_PRODUCTION_READY,True,False
MID,7550,Mounir Chouiar,442292,Abdellatif El Bajjani,98.985667,7.32764,98.985667,4,medium_research_only,SAME_ROLE_ONLY;RESEARCH_ONLY;SAMPLE_TOO_SMALL_LOCAL_11_MATCHES_NOT_PRODUCTION_READY,True,False
MID,7550,Mounir Chouiar,443951,Youness Akharraz,97.173824,3.642877,97.173824,4,medium_research_only,SAME_ROLE_ONLY;RESEARCH_ONLY;SAMPLE_TOO_SMALL_LOCAL_11_MATCHES_NOT_PRODUCTION_READY,True,False
MID,7550,Mounir Chouiar,445163,Ayoub Maamouri,94.381923,4.900126,94.381923,4,medium_research_only,SAME_ROLE_ONLY;RESEARCH_ONLY;SAMPLE_TOO_SMALL_LOCAL_11_MATCHES_NOT_PRODUCTION_READY,True,False
MID,7550,Mounir Chouiar,446355,Ishak Zidani,99.027677,5.779398,99.027677,4,medium_research_only,SAME_ROLE_ONLY;RESEARCH_ONLY;SAMPLE_TOO_SMALL_LOCAL_11_MATCHES_NOT_PRODUCTION_READY,True,False
MID,7550,Mounir Chouiar,449373,Marouane Oujeddou,98.373897,3.427604,98.373897,4,medium_research_only,SAME_ROLE_ONLY;RESEARCH_ONLY;SAMPLE_TOO_SMALL_LOCAL_11_MATCHES_NOT_PRODUCTION_READY,True,False
MID,7550,Mounir Chouiar,449471,Ayman Tarrazi,97.821213,3.615838,97.821213,4,medium_research_only,SAME_ROLE_ONLY;RESEARCH_ONLY;SAMPLE_TOO_SMALL_LOCAL_11_MATCHES_NOT_PRODUCTION_READY,True,False
MID,7550,Mounir Chouiar,450709,Joseph Bakasu       ,97.660792,6.361503,97.660792,4,medium_research_only,SAME_ROLE_ONLY;RESEARCH_ONLY;SAMPLE_TOO_SMALL_LOCAL_11_MATCHES_NOT_PRODUCTION_READY,True,False
MID,7550,Mounir Chouiar,460266,Youness Dahmani,82.081761,7.788997,82.081761,4,medium_research_only,SAME_ROLE_ONLY;RESEARCH_ONLY;SAMPLE_TOO_SMALL_LOCAL_11_MATCHES_NOT_PRODUCTION_READY,True,False
MID,7550,Mounir Chouiar,477679,Redouane Oubidar,95.977864,8.422066,95.977864,4,medium_research_only,SAME_ROLE_ONLY;RESEARCH_ONLY;SAMPLE_TOO_SMALL_LOCAL_11_MATCHES_NOT_PRODUCTION_READY,True,False
MID,7550,Mounir Chouiar,477680,Hamza Saoud,98.160849,12.527911,98.160849,4,medium_research_only,SAME_ROLE_ONLY;RESEARCH_ONLY;SAMPLE_TOO_SMALL_LOCAL_11_MATCHES_NOT_PRODUCTION_READY,True,False
MID,7550,Mounir Chouiar,477682,Ayoub Benaadi,97.758238,5.814482,97.758238,4,medium_research_only,SAME_ROLE_ONLY;RESEARCH_ONLY;SAMPLE_TOO_SMALL_LOCAL_11_MATCHES_NOT_PRODUCTION_READY,True,False
MID,7550,Mounir Chouiar,477688,Ayoub El Khaffi,98.226438,14.848537,98.226438,4,medium_research_only,SAME_ROLE_ONLY;RESEARCH_ONLY;SAMPLE_TOO_SMALL_LOCAL_11_MATCHES_NOT_PRODUCTION_READY,True,False
MID,7550,Mounir Chouiar,523298,Mohamed Ahayaoui,99.335494,9.097839,99.335494,4,medium_research_only,SAME_ROLE_ONLY;RESEARCH_ONLY;SAMPLE_TOO_SMALL_LOCAL_11_MATCHES_NOT_PRODUCTION_READY,True,False
MID,7550,Mounir Chouiar,523308,Adil Khalloufi,98.255367,8.494475,98.255367,4,medium_research_only,SAME_ROLE_ONLY;RESEARCH_ONLY;SAMPLE_TOO_SMALL_LOCAL_11_MATCHES_NOT_PRODUCTION_READY,True,False
MID,7550,Mounir Chouiar,523312,Brahim Mansouri,93.368471,8.417005,93.368471,4,medium_research_only,SAME_ROLE_ONLY;RESEARCH_ONLY;SAMPLE_TOO_SMALL_LOCAL_11_MATCHES_NOT_PRODUCTION_READY,True,False
MID,7550,Mounir Chouiar,523319,Omar Ouddah,96.874352,10.532137,96.874352,4,medium_research_only,SAME_ROLE_ONLY;RESEARCH_ONLY;SAMPLE_TOO_SMALL_LOCAL_11_MATCHES_NOT_PRODUCTION_READY,True,False
MID,7550,Mounir Chouiar,523973,Hamza Rafa,97.53933,7.609177,97.53933,4,medium_research_only,SAME_ROLE_ONLY;RESEARCH_ONLY;SAMPLE_TOO_SMALL_LOCAL_11_MATCHES_NOT_PRODUCTION_READY,True,False
MID,7550,Mounir Chouiar,523996,Fred Duval Ngoma,97.735957,7.581709,97.735957,4,medium_research_only,SAME_ROLE_ONLY;RESEARCH_ONLY;SAMPLE_TOO_SMALL_LOCAL_11_MATCHES_NOT_PRODUCTION_READY,True,False
MID,7550,Mounir Chouiar,523997,Karim L'Koucha,98.856495,2.159559,98.856495,4,medium_research_only,SAME_ROLE_ONLY;RESEARCH_ONLY;SAMPLE_TOO_SMALL_LOCAL_11_MATCHES_NOT_PRODUCTION_READY,True,False
MID,7550,Mounir Chouiar,523999,Zakaria Kessary,99.133453,7.891092,99.133453,4,medium_research_only,SAME_ROLE_ONLY;RESEARCH_ONLY;SAMPLE_TOO_SMALL_LOCAL_11_MATCHES_NOT_PRODUCTION_READY,True,False
MID,7550,Mounir Chouiar,524000,Ahmed Aboulfath,91.819507,6.308394,91.819507,4,medium_research_only,SAME_ROLE_ONLY;RESEARCH_ONLY;SAMPLE_TOO_SMALL_LOCAL_11_MATCHES_NOT_PRODUCTION_READY,True,False
MID,7550,Mounir Chouiar,524002,Salim Ghazzani,93.604744,15.568337,93.604744,4,medium_research_only,SAME_ROLE_ONLY;RESEARCH_ONLY;SAMPLE_TOO_SMALL_LOCAL_11_MATCHES_NOT_PRODUCTION_READY,True,False
MID,7550,Mounir Chouiar,524003,Mohammed Es-Sahel,96.961532,5.628715,96.961532,4,medium_research_only,SAME_ROLE_ONLY;RESEARCH_ONLY;SAMPLE_TOO_SMALL_LOCAL_11_MATCHES_NOT_PRODUCTION_READY,True,False
MID,7550,Mounir Chouiar,524511,Saad Nassik,98.582004,5.174483,98.582004,4,medium_research_only,SAME_ROLE_ONLY;RESEARCH_ONLY;SAMPLE_TOO_SMALL_LOCAL_11_MATCHES_NOT_PRODUCTION_READY,True,False
MID,7717,Rayane Aabid,7797,Rodrigo Javier De Paul,99.943802,2.863178,99.943802,4,medium_research_only,SAME_ROLE_ONLY;RESEARCH_ONLY;SAMPLE_TOO_SMALL_LOCAL_11_MATCHES_NOT_PRODUCTION_READY,True,False
MID,7717,Rayane Aabid,10689,Sabir Bougrine,99.410961,2.703228,99.410961,4,medium_research_only,SAME_ROLE_ONLY;RESEARCH_ONLY;SAMPLE_TOO_SMALL_LOCAL_11_MATCHES_NOT_PRODUCTION_READY,True,False
MID,7717,Rayane Aabid,16308,Leandro Daniel Paredes,99.750496,1.72778,99.750496,4,medium_research_only,SAME_ROLE_ONLY;RESEARCH_ONLY;SAMPLE_TOO_SMALL_LOCAL_11_MATCHES_NOT_PRODUCTION_READY,True,False
MID,7717,Rayane Aabid,21648,Anas Tahiri,99.665302,5.149729,99.665302,4,medium_research_only,SAME_ROLE_ONLY;RESEARCH_ONLY;SAMPLE_TOO_SMALL_LOCAL_11_MATCHES_NOT_PRODUCTION_READY,True,False
MID,7717,Rayane Aabid,27277,Jhon Adolfo Arias Andrade,98.575764,5.097357,98.575764,4,medium_research_only,SAME_ROLE_ONLY;RESEARCH_ONLY;SAMPLE_TOO_SMALL_LOCAL_11_MATCHES_NOT_PRODUCTION_READY,True,False
MID,7717,Rayane Aabid,27886,Alexis Mac Allister,99.637196,3.184047,99.637196,4,medium_research_only,SAME_ROLE_ONLY;RESEARCH_ONLY;SAMPLE_TOO_SMALL_LOCAL_11_MATCHES_NOT_PRODUCTION_READY,True,False
MID,7717,Rayane Aabid,30155,Bilal Ould-Chikh,97.432981,8.534696,97.432981,4,medium_research_only,SAME_ROLE_ONLY;RESEARCH_ONLY;SAMPLE_TOO_SMALL_LOCAL_11_MATCHES_NOT_PRODUCTION_READY,True,False
MID,7717,Rayane Aabid,38718,Enzo Fernandez,98.254135,5.916484,98.254135,4,medium_research_only,SAME_ROLE_ONLY;RESEARCH_ONLY;SAMPLE_TOO_SMALL_LOCAL_11_MATCHES_NOT_PRODUCTION_READY,True,False
MID,7717,Rayane Aabid,46646,José Dembi,99.33681,7.550946,99.33681,4,medium_research_only,SAME_ROLE_ONLY;RESEARCH_ONLY;SAMPLE_TOO_SMALL_LOCAL_11_MATCHES_NOT_PRODUCTION_READY,True,False
MID,7717,Rayane Aabid,49000,Amine Oudrhiri Idrissi,97.771919,5.174222,97.771919,4,medium_research_only,SAME_ROLE_ONLY;RESEARCH_ONLY;SAMPLE_TOO_SMALL_LOCAL_11_MATCHES_NOT_PRODUCTION_READY,True,False
MID,7717,Rayane Aabid,49395,Richard Rios Montoya,99.439698,3.440406,99.439698,4,medium_research_only,SAME_ROLE_ONLY;RESEARCH_ONLY;SAMPLE_TOO_SMALL_LOCAL_11_MATCHES_NOT_PRODUCTION_READY,True,False
MID,7717,Rayane Aabid,60138,Kevin Duvan Castaño Gil,88.476134,85.181601,88.476134,4,medium_research_only,SAME_ROLE_ONLY;RESEARCH_ONLY;SAMPLE_TOO_SMALL_LOCAL_11_MATCHES_NOT_PRODUCTION_READY,True,False
MID,7717,Rayane Aabid,134249,Adam Ennaffati,90.895472,10.290633,90.895472,4,medium_research_only,SAME_ROLE_ONLY;RESEARCH_ONLY;SAMPLE_TOO_SMALL_LOCAL_11_MATCHES_NOT_PRODUCTION_READY,True,False
MID,7717,Rayane Aabid,135202,Walid Sabbar,97.798005,6.199697,97.798005,4,medium_research_only,SAME_ROLE_ONLY;RESEARCH_ONLY;SAMPLE_TOO_SMALL_LOCAL_11_MATCHES_NOT_PRODUCTION_READY,True,False
MID,7717,Rayane Aabid,138827,Achraf El Idrissi,99.371258,4.167261,99.371258,4,medium_research_only,SAME_ROLE_ONLY;RESEARCH_ONLY;SAMPLE_TOO_SMALL_LOCAL_11_MATCHES_NOT_PRODUCTION_READY,True,False
MID,7717,Rayane Aabid,138845,Mohsine Moutouali,92.808278,9.090061,92.808278,4,medium_research_only,SAME_ROLE_ONLY;RESEARCH_ONLY;SAMPLE_TOO_SMALL_LOCAL_11_MATCHES_NOT_PRODUCTION_READY,True,False
MID,7717,Rayane Aabid,138853,Abdellah Farah,70.235053,16.404614,70.235053,4,medium_research_only,SAME_ROLE_ONLY;RESEARCH_ONLY;SAMPLE_TOO_SMALL_LOCAL_11_MATCHES_NOT_PRODUCTION_READY,True,False
MID,7717,Rayane Aabid,138860,Youssef Michte,98.151412,5.051338,98.151412,4,medium_research_only,SAME_ROLE_ONLY;RESEARCH_ONLY;SAMPLE_TOO_SMALL_LOCAL_11_MATCHES_NOT_PRODUCTION_READY,True,False
MID,7717,Rayane Aabid,138862,Abderrahmane Kassak,96.342385,6.434876,96.342385,4,medium_research_only,SAME_ROLE_ONLY;RESEARCH_ONLY;SAMPLE_TOO_SMALL_LOCAL_11_MATCHES_NOT_PRODUCTION_READY,True,False
MID,7717,Rayane Aabid,138872,Oussama Mahrous,98.932047,4.390888,98.932047,4,medium_research_only,SAME_ROLE_ONLY;RESEARCH_ONLY;SAMPLE_TOO_SMALL_LOCAL_11_MATCHES_NOT_PRODUCTION_READY,True,False
MID,7717,Rayane Aabid,138873,Abdelghafour Lamirat,98.293044,4.677156,98.293044,4,medium_research_only,SAME_ROLE_ONLY;RESEARCH_ONLY;SAMPLE_TOO_SMALL_LOCAL_11_MATCHES_NOT_PRODUCTION_READY,True,False
MID,7717,Rayane Aabid,138877,Saleh Al Sellami,98.818887,5.07728,98.818887,4,medium_research_only,SAME_ROLE_ONLY;RESEARCH_ONLY;SAMPLE_TOO_SMALL_LOCAL_11_MATCHES_NOT_PRODUCTION_READY,True,False
MID,7717,Rayane Aabid,138895,Abdelfattah Hadraf,76.222454,19.762913,76.222454,4,medium_research_only,SAME_ROLE_ONLY;RESEARCH_ONLY;SAMPLE_TOO_SMALL_LOCAL_11_MATCHES_NOT_PRODUCTION_READY,True,False
MID,7717,Rayane Aabid,138898,Ahmed Chentouf,76.578309,24.294982,76.578309,4,medium_research_only,SAME_ROLE_ONLY;RESEARCH_ONLY;SAMPLE_TOO_SMALL_LOCAL_11_MATCHES_NOT_PRODUCTION_READY,True,False
MID,7717,Rayane Aabid,138983,Zine Eddine Derrag,98.711756,4.183809,98.711756,4,medium_research_only,SAME_ROLE_ONLY;RESEARCH_ONLY;SAMPLE_TOO_SMALL_LOCAL_11_MATCHES_NOT_PRODUCTION_READY,True,False
MID,7717,Rayane Aabid,139545,Mohammad El Fakih,94.675915,8.524666,94.675915,4,medium_research_only,SAME_ROLE_ONLY;RESEARCH_ONLY;SAMPLE_TOO_SMALL_LOCAL_11_MATCHES_NOT_PRODUCTION_READY,True,False
MID,7717,Rayane Aabid,139554,Abdoulaye Diarra,98.833049,6.952784,98.833049,4,medium_research_only,SAME_ROLE_ONLY;RESEARCH_ONLY;SAMPLE_TOO_SMALL_LOCAL_11_MATCHES_NOT_PRODUCTION_READY,True,False
MID,7717,Rayane Aabid,139565,Larbi Naji,99.829348,3.140215,99.829348,4,medium_research_only,SAME_ROLE_ONLY;RESEARCH_ONLY;SAMPLE_TOO_SMALL_LOCAL_11_MATCHES_NOT_PRODUCTION_READY,True,False
MID,7717,Rayane Aabid,139568,Youssef Zghoudi,98.832331,9.122578,98.832331,4,medium_research_only,SAME_ROLE_ONLY;RESEARCH_ONLY;SAMPLE_TOO_SMALL_LOCAL_11_MATCHES_NOT_PRODUCTION_READY,True,False
MID,7717,Rayane Aabid,139570,Brahim El Bahraoui,97.590285,14.185802,97.590285,4,medium_research_only,SAME_ROLE_ONLY;RESEARCH_ONLY;SAMPLE_TOO_SMALL_LOCAL_11_MATCHES_NOT_PRODUCTION_READY,True,False
MID,7717,Rayane Aabid,140871,Khalid Ait Ouarkhane,96.009468,6.995507,96.009468,4,medium_research_only,SAME_ROLE_ONLY;RESEARCH_ONLY;SAMPLE_TOO_SMALL_LOCAL_11_MATCHES_NOT_PRODUCTION_READY,True,False
MID,7717,Rayane Aabid,140872,Mohamed Rabie Hrimat,98.540067,4.165002,98.540067,4,medium_research_only,SAME_ROLE_ONLY;RESEARCH_ONLY;SAMPLE_TOO_SMALL_LOCAL_11_MATCHES_NOT_PRODUCTION_READY,True,False
MID,7717,Rayane Aabid,141254,Hamza Afsal,89.570013,10.474346,89.570013,4,medium_research_only,SAME_ROLE_ONLY;RESEARCH_ONLY;SAMPLE_TOO_SMALL_LOCAL_11_MATCHES_NOT_PRODUCTION_READY,True,False
MID,7717,Rayane Aabid,143166,Zakaria Fati,99.756737,2.569931,99.756737,4,medium_research_only,SAME_ROLE_ONLY;RESEARCH_ONLY;SAMPLE_TOO_SMALL_LOCAL_11_MATCHES_NOT_PRODUCTION_READY,True,False
MID,7717,Rayane Aabid,143490,Ahmed Hammoudan,97.092085,5.896763,97.092085,4,medium_research_only,SAME_ROLE_ONLY;RESEARCH_ONLY;SAMPLE_TOO_SMALL_LOCAL_11_MATCHES_NOT_PRODUCTION_READY,True,False
MID,7717,Rayane Aabid,143505,Mohamed Morabit,90.069068,10.503944,90.069068,4,medium_research_only,SAME_ROLE_ONLY;RESEARCH_ONLY;SAMPLE_TOO_SMALL_LOCAL_11_MATCHES_NOT_PRODUCTION_READY,True,False
MID,7717,Rayane Aabid,144434,Ismail Moutaraji,98.693914,6.844668,98.693914,4,medium_research_only,SAME_ROLE_ONLY;RESEARCH_ONLY;SAMPLE_TOO_SMALL_LOCAL_11_MATCHES_NOT_PRODUCTION_READY,True,False
MID,7717,Rayane Aabid,144436,Anas Serrhat,98.923867,4.514091,98.923867,4,medium_research_only,SAME_ROLE_ONLY;RESEARCH_ONLY;SAMPLE_TOO_SMALL_LOCAL_11_MATCHES_NOT_PRODUCTION_READY,True,False
MID,7717,Rayane Aabid,149135,Moses Orkuma,97.385735,5.470177,97.385735,4,medium_research_only,SAME_ROLE_ONLY;RESEARCH_ONLY;SAMPLE_TOO_SMALL_LOCAL_11_MATCHES_NOT_PRODUCTION_READY,True,False
MID,7717,Rayane Aabid,151743,Mohamed Al Makahasi,99.58941,2.538376,99.58941,4,medium_research_only,SAME_ROLE_ONLY;RESEARCH_ONLY;SAMPLE_TOO_SMALL_LOCAL_11_MATCHES_NOT_PRODUCTION_READY,True,False
MID,7717,Rayane Aabid,154668,Mamadou Lamine Camara,98.974433,3.462096,98.974433,4,medium_research_only,SAME_ROLE_ONLY;RESEARCH_ONLY;SAMPLE_TOO_SMALL_LOCAL_11_MATCHES_NOT_PRODUCTION_READY,True,False
MID,7717,Rayane Aabid,161352,Salaheddine Errahouli,94.719949,7.747047,94.719949,4,medium_research_only,SAME_ROLE_ONLY;RESEARCH_ONLY;SAMPLE_TOO_SMALL_LOCAL_11_MATCHES_NOT_PRODUCTION_READY,True,False
MID,7717,Rayane Aabid,183765,Mohammed Amine Essahel,94.455966,7.839734,94.455966,4,medium_research_only,SAME_ROLE_ONLY;RESEARCH_ONLY;SAMPLE_TOO_SMALL_LOCAL_11_MATCHES_NOT_PRODUCTION_READY,True,False
MID,7717,Rayane Aabid,194809,Oussama Zemraoui,98.435221,4.412865,98.435221,4,medium_research_only,SAME_ROLE_ONLY;RESEARCH_ONLY;SAMPLE_TOO_SMALL_LOCAL_11_MATCHES_NOT_PRODUCTION_READY,True,False
MID,7717,Rayane Aabid,194912,Faouzi Abd El Mouttalib,99.32702,4.020451,99.32702,4,medium_research_only,SAME_ROLE_ONLY;RESEARCH_ONLY;SAMPLE_TOO_SMALL_LOCAL_11_MATCHES_NOT_PRODUCTION_READY,True,False
MID,7717,Rayane Aabid,195016,Mouad Mouchtanim,98.033858,4.851885,98.033858,4,medium_research_only,SAME_ROLE_ONLY;RESEARCH_ONLY;SAMPLE_TOO_SMALL_LOCAL_11_MATCHES_NOT_PRODUCTION_READY,True,False
MID,7717,Rayane Aabid,199611,Youssef Mehri,97.196334,5.678786,97.196334,4,medium_research_only,SAME_ROLE_ONLY;RESEARCH_ONLY;SAMPLE_TOO_SMALL_LOCAL_11_MATCHES_NOT_PRODUCTION_READY,True,False
MID,7717,Rayane Aabid,203027,Walid Rhailouf,99.956429,1.202444,99.956429,4,medium_research_only,SAME_ROLE_ONLY;RESEARCH_ONLY;SAMPLE_TOO_SMALL_LOCAL_11_MATCHES_NOT_PRODUCTION_READY,True,False
MID,7717,Rayane Aabid,225437,Stephane Aziz Ki,97.754411,9.25689,97.754411,4,medium_research_only,SAME_ROLE_ONLY;RESEARCH_ONLY;SAMPLE_TOO_SMALL_LOCAL_11_MATCHES_NOT_PRODUCTION_READY,True,False
MID,7717,Rayane Aabid,261620,Nadir Lougmani,99.63637,7.205823,99.63637,4,medium_research_only,SAME_ROLE_ONLY;RESEARCH_ONLY;SAMPLE_TOO_SMALL_LOCAL_11_MATCHES_NOT_PRODUCTION_READY,True,False
MID,7717,Rayane Aabid,275341,Yazid Faffa,96.950169,7.158282,96.950169,4,medium_research_only,SAME_ROLE_ONLY;RESEARCH_ONLY;SAMPLE_TOO_SMALL_LOCAL_11_MATCHES_NOT_PRODUCTION_READY,True,False
MID,7717,Rayane Aabid,312935,Amine Azri,95.892946,6.813854,95.892946,4,medium_research_only,SAME_ROLE_ONLY;RESEARCH_ONLY;SAMPLE_TOO_SMALL_LOCAL_11_MATCHES_NOT_PRODUCTION_READY,True,False
MID,7717,Rayane Aabid,313277,Mohamed Chemlal,89.660194,25.897351,89.660194,4,medium_research_only,SAME_ROLE_ONLY;RESEARCH_ONLY;SAMPLE_TOO_SMALL_LOCAL_11_MATCHES_NOT_PRODUCTION_READY,True,False
MID,7717,Rayane Aabid,313284,Achraf Harmach,98.948537,4.69731,98.948537,4,medium_research_only,SAME_ROLE_ONLY;RESEARCH_ONLY;SAMPLE_TOO_SMALL_LOCAL_11_MATCHES_NOT_PRODUCTION_READY,True,False
MID,7717,Rayane Aabid,314460,Ayoub Bouaadli,99.640875,2.234415,99.640875,4,medium_research_only,SAME_ROLE_ONLY;RESEARCH_ONLY;SAMPLE_TOO_SMALL_LOCAL_11_MATCHES_NOT_PRODUCTION_READY,True,False
MID,7717,Rayane Aabid,323979,Zakaria Fatihi,93.166072,9.990825,93.166072,4,medium_research_only,SAME_ROLE_ONLY;RESEARCH_ONLY;SAMPLE_TOO_SMALL_LOCAL_11_MATCHES_NOT_PRODUCTION_READY,True,False
MID,7717,Rayane Aabid,360838,Zakaria Ami,80.816159,13.755639,80.816159,4,medium_research_only,SAME_ROLE_ONLY;RESEARCH_ONLY;SAMPLE_TOO_SMALL_LOCAL_11_MATCHES_NOT_PRODUCTION_READY,True,False
MID,7717,Rayane Aabid,380600,Mouad Goulouss,97.667431,9.569373,97.667431,4,medium_research_only,SAME_ROLE_ONLY;RESEARCH_ONLY;SAMPLE_TOO_SMALL_LOCAL_11_MATCHES_NOT_PRODUCTION_READY,True,False
MID,7717,Rayane Aabid,381935,Ismail Mihrab,94.365833,8.996584,94.365833,4,medium_research_only,SAME_ROLE_ONLY;RESEARCH_ONLY;SAMPLE_TOO_SMALL_LOCAL_11_MATCHES_NOT_PRODUCTION_READY,True,False
MID,7717,Rayane Aabid,396748,Youssef Laghzal,90.566257,11.883603,90.566257,4,medium_research_only,SAME_ROLE_ONLY;RESEARCH_ONLY;SAMPLE_TOO_SMALL_LOCAL_11_MATCHES_NOT_PRODUCTION_READY,True,False
MID,7717,Rayane Aabid,405645,Othmane Chraibi,98.926818,6.818864,98.926818,4,medium_research_only,SAME_ROLE_ONLY;RESEARCH_ONLY;SAMPLE_TOO_SMALL_LOCAL_11_MATCHES_NOT_PRODUCTION_READY,True,False
MID,7717,Rayane Aabid,406269,Danilson Gomes Tavares,95.734231,8.441521,95.734231,4,medium_research_only,SAME_ROLE_ONLY;RESEARCH_ONLY;SAMPLE_TOO_SMALL_LOCAL_11_MATCHES_NOT_PRODUCTION_READY,True,False
MID,7717,Rayane Aabid,407207,Ennaama El Bellali,99.309118,2.838063,99.309118,4,medium_research_only,SAME_ROLE_ONLY;RESEARCH_ONLY;SAMPLE_TOO_SMALL_LOCAL_11_MATCHES_NOT_PRODUCTION_READY,True,False
MID,7717,Rayane Aabid,407506,Oussama Nourdine,94.420551,8.010624,94.420551,4,medium_research_only,SAME_ROLE_ONLY;RESEARCH_ONLY;SAMPLE_TOO_SMALL_LOCAL_11_MATCHES_NOT_PRODUCTION_READY,True,False
MID,7717,Rayane Aabid,407852,Abdessamad Mahir,94.848397,7.581114,94.848397,4,medium_research_only,SAME_ROLE_ONLY;RESEARCH_ONLY;SAMPLE_TOO_SMALL_LOCAL_11_MATCHES_NOT_PRODUCTION_READY,True,False
MID,7717,Rayane Aabid,415853,Claude Gnolou,96.820491,6.046553,96.820491,4,medium_research_only,SAME_ROLE_ONLY;RESEARCH_ONLY;SAMPLE_TOO_SMALL_LOCAL_11_MATCHES_NOT_PRODUCTION_READY,True,False
MID,7717,Rayane Aabid,416303,El Mahdi Akoumi,99.354721,7.39543,99.354721,4,medium_research_only,SAME_ROLE_ONLY;RESEARCH_ONLY;SAMPLE_TOO_SMALL_LOCAL_11_MATCHES_NOT_PRODUCTION_READY,True,False
MID,7717,Rayane Aabid,424979,Soufiane Tazi,99.8641,1.651226,99.8641,4,medium_research_only,SAME_ROLE_ONLY;RESEARCH_ONLY;SAMPLE_TOO_SMALL_LOCAL_11_MATCHES_NOT_PRODUCTION_READY,True,False
MID,7717,Rayane Aabid,442288,Adnane Berdad,98.598995,5.123054,98.598995,4,medium_research_only,SAME_ROLE_ONLY;RESEARCH_ONLY;SAMPLE_TOO_SMALL_LOCAL_11_MATCHES_NOT_PRODUCTION_READY,True,False
MID,7717,Rayane Aabid,442292,Abdellatif El Bajjani,99.045662,3.335479,99.045662,4,medium_research_only,SAME_ROLE_ONLY;RESEARCH_ONLY;SAMPLE_TOO_SMALL_LOCAL_11_MATCHES_NOT_PRODUCTION_READY,True,False
MID,7717,Rayane Aabid,443951,Youness Akharraz,98.367303,7.08239,98.367303,4,medium_research_only,SAME_ROLE_ONLY;RESEARCH_ONLY;SAMPLE_TOO_SMALL_LOCAL_11_MATCHES_NOT_PRODUCTION_READY,True,False
MID,7717,Rayane Aabid,445163,Ayoub Maamouri,92.567705,11.419439,92.567705,4,medium_research_only,SAME_ROLE_ONLY;RESEARCH_ONLY;SAMPLE_TOO_SMALL_LOCAL_11_MATCHES_NOT_PRODUCTION_READY,True,False
MID,7717,Rayane Aabid,446355,Ishak Zidani,99.845178,2.168461,99.845178,4,medium_research_only,SAME_ROLE_ONLY;RESEARCH_ONLY;SAMPLE_TOO_SMALL_LOCAL_11_MATCHES_NOT_PRODUCTION_READY,True,False
MID,7717,Rayane Aabid,449373,Marouane Oujeddou,97.874707,6.557293,97.874707,4,medium_research_only,SAME_ROLE_ONLY;RESEARCH_ONLY;SAMPLE_TOO_SMALL_LOCAL_11_MATCHES_NOT_PRODUCTION_READY,True,False
MID,7717,Rayane Aabid,449471,Ayman Tarrazi,95.7323,7.941453,95.7323,4,medium_research_only,SAME_ROLE_ONLY;RESEARCH_ONLY;SAMPLE_TOO_SMALL_LOCAL_11_MATCHES_NOT_PRODUCTION_READY,True,False
MID,7717,Rayane Aabid,450709,Joseph Bakasu       ,98.412788,4.485889,98.412788,4,medium_research_only,SAME_ROLE_ONLY;RESEARCH_ONLY;SAMPLE_TOO_SMALL_LOCAL_11_MATCHES_NOT_PRODUCTION_READY,True,False
MID,7717,Rayane Aabid,460266,Youness Dahmani,74.739983,14.97917,74.739983,4,medium_research_only,SAME_ROLE_ONLY;RESEARCH_ONLY;SAMPLE_TOO_SMALL_LOCAL_11_MATCHES_NOT_PRODUCTION_READY,True,False
MID,7717,Rayane Aabid,477679,Redouane Oubidar,92.213042,9.460866,92.213042,4,medium_research_only,SAME_ROLE_ONLY;RESEARCH_ONLY;SAMPLE_TOO_SMALL_LOCAL_11_MATCHES_NOT_PRODUCTION_READY,True,False
MID,7717,Rayane Aabid,477680,Hamza Saoud,99.469867,5.634222,99.469867,4,medium_research_only,SAME_ROLE_ONLY;RESEARCH_ONLY;SAMPLE_TOO_SMALL_LOCAL_11_MATCHES_NOT_PRODUCTION_READY,True,False
MID,7717,Rayane Aabid,477682,Ayoub Benaadi,97.485955,5.595568,97.485955,4,medium_research_only,SAME_ROLE_ONLY;RESEARCH_ONLY;SAMPLE_TOO_SMALL_LOCAL_11_MATCHES_NOT_PRODUCTION_READY,True,False
MID,7717,Rayane Aabid,477688,Ayoub El Khaffi,98.258595,9.048483,98.258595,4,medium_research_only,SAME_ROLE_ONLY;RESEARCH_ONLY;SAMPLE_TOO_SMALL_LOCAL_11_MATCHES_NOT_PRODUCTION_READY,True,False
MID,7717,Rayane Aabid,523298,Mohamed Ahayaoui,97.713583,5.749558,97.713583,4,medium_research_only,SAME_ROLE_ONLY;RESEARCH_ONLY;SAMPLE_TOO_SMALL_LOCAL_11_MATCHES_NOT_PRODUCTION_READY,True,False
MID,7717,Rayane Aabid,523308,Adil Khalloufi,96.028832,7.009854,96.028832,4,medium_research_only,SAME_ROLE_ONLY;RESEARCH_ONLY;SAMPLE_TOO_SMALL_LOCAL_11_MATCHES_NOT_PRODUCTION_READY,True,False
MID,7717,Rayane Aabid,523312,Brahim Mansouri,92.851656,8.867144,92.851656,4,medium_research_only,SAME_ROLE_ONLY;RESEARCH_ONLY;SAMPLE_TOO_SMALL_LOCAL_11_MATCHES_NOT_PRODUCTION_READY,True,False
MID,7717,Rayane Aabid,523319,Omar Ouddah,94.198965,9.087027,94.198965,4,medium_research_only,SAME_ROLE_ONLY;RESEARCH_ONLY;SAMPLE_TOO_SMALL_LOCAL_11_MATCHES_NOT_PRODUCTION_READY,True,False
MID,7717,Rayane Aabid,523973,Hamza Rafa,98.61929,3.998237,98.61929,4,medium_research_only,SAME_ROLE_ONLY;RESEARCH_ONLY;SAMPLE_TOO_SMALL_LOCAL_11_MATCHES_NOT_PRODUCTION_READY,True,False
MID,7717,Rayane Aabid,523996,Fred Duval Ngoma,98.489431,4.178611,98.489431,4,medium_research_only,SAME_ROLE_ONLY;RESEARCH_ONLY;SAMPLE_TOO_SMALL_LOCAL_11_MATCHES_NOT_PRODUCTION_READY,True,False
MID,7717,Rayane Aabid,523997,Karim L'Koucha,97.813588,8.111779,97.813588,4,medium_research_only,SAME_ROLE_ONLY;RESEARCH_ONLY;SAMPLE_TOO_SMALL_LOCAL_11_MATCHES_NOT_PRODUCTION_READY,True,False
MID,7717,Rayane Aabid,523999,Zakaria Kessary,99.773464,1.730463,99.773464,4,medium_research_only,SAME_ROLE_ONLY;RESEARCH_ONLY;SAMPLE_TOO_SMALL_LOCAL_11_MATCHES_NOT_PRODUCTION_READY,True,False
MID,7717,Rayane Aabid,524000,Ahmed Aboulfath,88.173119,11.179682,88.173119,4,medium_research_only,SAME_ROLE_ONLY;RESEARCH_ONLY;SAMPLE_TOO_SMALL_LOCAL_11_MATCHES_NOT_PRODUCTION_READY,True,False
MID,7717,Rayane Aabid,524002,Salim Ghazzani,90.938798,13.729297,90.938798,4,medium_research_only,SAME_ROLE_ONLY;RESEARCH_ONLY;SAMPLE_TOO_SMALL_LOCAL_11_MATCHES_NOT_PRODUCTION_READY,True,False
MID,7717,Rayane Aabid,524003,Mohammed Es-Sahel,94.334881,8.015225,94.334881,4,medium_research_only,SAME_ROLE_ONLY;RESEARCH_ONLY;SAMPLE_TOO_SMALL_LOCAL_11_MATCHES_NOT_PRODUCTION_READY,True,False
MID,7717,Rayane Aabid,524511,Saad Nassik,98.397941,4.801947,98.397941,4,medium_research_only,SAME_ROLE_ONLY;RESEARCH_ONLY;SAMPLE_TOO_SMALL_LOCAL_11_MATCHES_NOT_PRODUCTION_READY,True,False
MID,7797,Rodrigo Javier De Paul,10689,Sabir Bougrine,99.339222,3.130216,99.339222,4,medium_research_only,SAME_ROLE_ONLY;RESEARCH_ONLY;SAMPLE_TOO_SMALL_LOCAL_11_MATCHES_NOT_PRODUCTION_READY,True,False
MID,7797,Rodrigo Javier De Paul,16308,Leandro Daniel Paredes,99.673271,3.442538,99.673271,4,medium_research_only,SAME_ROLE_ONLY;RESEARCH_ONLY;SAMPLE_TOO_SMALL_LOCAL_11_MATCHES_NOT_PRODUCTION_READY,True,False
MID,7797,Rodrigo Javier De Paul,21648,Anas Tahiri,99.378312,2.967614,99.378312,4,medium_research_only,SAME_ROLE_ONLY;RESEARCH_ONLY;SAMPLE_TOO_SMALL_LOCAL_11_MATCHES_NOT_PRODUCTION_READY,True,False
MID,7797,Rodrigo Javier De Paul,27277,Jhon Adolfo Arias Andrade,98.673721,6.615352,98.673721,4,medium_research_only,SAME_ROLE_ONLY;RESEARCH_ONLY;SAMPLE_TOO_SMALL_LOCAL_11_MATCHES_NOT_PRODUCTION_READY,True,False
MID,7797,Rodrigo Javier De Paul,27886,Alexis Mac Allister,99.597589,5.49411,99.597589,4,medium_research_only,SAME_ROLE_ONLY;RESEARCH_ONLY;SAMPLE_TOO_SMALL_LOCAL_11_MATCHES_NOT_PRODUCTION_READY,True,False
MID,7797,Rodrigo Javier De Paul,30155,Bilal Ould-Chikh,97.660209,10.130252,97.660209,4,medium_research_only,SAME_ROLE_ONLY;RESEARCH_ONLY;SAMPLE_TOO_SMALL_LOCAL_11_MATCHES_NOT_PRODUCTION_READY,True,False
MID,7797,Rodrigo Javier De Paul,38718,Enzo Fernandez,98.373775,7.438466,98.373775,4,medium_research_only,SAME_ROLE_ONLY;RESEARCH_ONLY;SAMPLE_TOO_SMALL_LOCAL_11_MATCHES_NOT_PRODUCTION_READY,True,False
MID,7797,Rodrigo Javier De Paul,46646,José Dembi,99.228621,4.947053,99.228621,4,medium_research_only,SAME_ROLE_ONLY;RESEARCH_ONLY;SAMPLE_TOO_SMALL_LOCAL_11_MATCHES_NOT_PRODUCTION_READY,True,False
MID,7797,Rodrigo Javier De Paul,49000,Amine Oudrhiri Idrissi,97.929492,4.356228,97.929492,4,medium_research_only,SAME_ROLE_ONLY;RESEARCH_ONLY;SAMPLE_TOO_SMALL_LOCAL_11_MATCHES_NOT_PRODUCTION_READY,True,False
MID,7797,Rodrigo Javier De Paul,49395,Richard Rios Montoya,99.721322,5.180974,99.721322,4,medium_research_only,SAME_ROLE_ONLY;RESEARCH_ONLY;SAMPLE_TOO_SMALL_LOCAL_11_MATCHES_NOT_PRODUCTION_READY,True,False
MID,7797,Rodrigo Javier De Paul,60138,Kevin Duvan Castaño Gil,87.927276,87.265057,87.927276,4,medium_research_only,SAME_ROLE_ONLY;RESEARCH_ONLY;SAMPLE_TOO_SMALL_LOCAL_11_MATCHES_NOT_PRODUCTION_READY,True,False
MID,7797,Rodrigo Javier De Paul,134249,Adam Ennaffati,91.012951,8.248775,91.012951,4,medium_research_only,SAME_ROLE_ONLY;RESEARCH_ONLY;SAMPLE_TOO_SMALL_LOCAL_11_MATCHES_NOT_PRODUCTION_READY,True,False
MID,7797,Rodrigo Javier De Paul,135202,Walid Sabbar,97.784666,4.340529,97.784666,4,medium_research_only,SAME_ROLE_ONLY;RESEARCH_ONLY;SAMPLE_TOO_SMALL_LOCAL_11_MATCHES_NOT_PRODUCTION_READY,True,False
MID,7797,Rodrigo Javier De Paul,138827,Achraf El Idrissi,99.297926,2.434487,99.297926,4,medium_research_only,SAME_ROLE_ONLY;RESEARCH_ONLY;SAMPLE_TOO_SMALL_LOCAL_11_MATCHES_NOT_PRODUCTION_READY,True,False
MID,7797,Rodrigo Javier De Paul,138845,Mohsine Moutouali,93.097708,8.486414,93.097708,4,medium_research_only,SAME_ROLE_ONLY;RESEARCH_ONLY;SAMPLE_TOO_SMALL_LOCAL_11_MATCHES_NOT_PRODUCTION_READY,True,False
MID,7797,Rodrigo Javier De Paul,138853,Abdellah Farah,69.897116,13.676209,69.897116,4,medium_research_only,SAME_ROLE_ONLY;RESEARCH_ONLY;SAMPLE_TOO_SMALL_LOCAL_11_MATCHES_NOT_PRODUCTION_READY,True,False
MID,7797,Rodrigo Javier De Paul,138860,Youssef Michte,98.364691,3.684253,98.364691,4,medium_research_only,SAME_ROLE_ONLY;RESEARCH_ONLY;SAMPLE_TOO_SMALL_LOCAL_11_MATCHES_NOT_PRODUCTION_READY,True,False
MID,7797,Rodrigo Javier De Paul,138862,Abderrahmane Kassak,96.162704,6.208469,96.162704,4,medium_research_only,SAME_ROLE_ONLY;RESEARCH_ONLY;SAMPLE_TOO_SMALL_LOCAL_11_MATCHES_NOT_PRODUCTION_READY,True,False
MID,7797,Rodrigo Javier De Paul,138872,Oussama Mahrous,98.980295,2.886914,98.980295,4,medium_research_only,SAME_ROLE_ONLY;RESEARCH_ONLY;SAMPLE_TOO_SMALL_LOCAL_11_MATCHES_NOT_PRODUCTION_READY,True,False
MID,7797,Rodrigo Javier De Paul,138873,Abdelghafour Lamirat,98.467326,5.408778,98.467326,4,medium_research_only,SAME_ROLE_ONLY;RESEARCH_ONLY;SAMPLE_TOO_SMALL_LOCAL_11_MATCHES_NOT_PRODUCTION_READY,True,False
MID,7797,Rodrigo Javier De Paul,138877,Saleh Al Sellami,99.140813,2.790046,99.140813,4,medium_research_only,SAME_ROLE_ONLY;RESEARCH_ONLY;SAMPLE_TOO_SMALL_LOCAL_11_MATCHES_NOT_PRODUCTION_READY,True,False
MID,7797,Rodrigo Javier De Paul,138895,Abdelfattah Hadraf,77.149571,18.876983,77.149571,4,medium_research_only,SAME_ROLE_ONLY;RESEARCH_ONLY;SAMPLE_TOO_SMALL_LOCAL_11_MATCHES_NOT_PRODUCTION_READY,True,False
MID,7797,Rodrigo Javier De Paul,138898,Ahmed Chentouf,77.296956,23.987764,77.296956,4,medium_research_only,SAME_ROLE_ONLY;RESEARCH_ONLY;SAMPLE_TOO_SMALL_LOCAL_11_MATCHES_NOT_PRODUCTION_READY,True,False
MID,7797,Rodrigo Javier De Paul,138983,Zine Eddine Derrag,98.686777,5.408139,98.686777,4,medium_research_only,SAME_ROLE_ONLY;RESEARCH_ONLY;SAMPLE_TOO_SMALL_LOCAL_11_MATCHES_NOT_PRODUCTION_READY,True,False
MID,7797,Rodrigo Javier De Paul,139545,Mohammad El Fakih,94.58892,8.962705,94.58892,4,medium_research_only,SAME_ROLE_ONLY;RESEARCH_ONLY;SAMPLE_TOO_SMALL_LOCAL_11_MATCHES_NOT_PRODUCTION_READY,True,False
MID,7797,Rodrigo Javier De Paul,139554,Abdoulaye Diarra,98.812767,4.458673,98.812767,4,medium_research_only,SAME_ROLE_ONLY;RESEARCH_ONLY;SAMPLE_TOO_SMALL_LOCAL_11_MATCHES_NOT_PRODUCTION_READY,True,False
MID,7797,Rodrigo Javier De Paul,139565,Larbi Naji,99.955981,0.608526,99.955981,4,medium_research_only,SAME_ROLE_ONLY;RESEARCH_ONLY;SAMPLE_TOO_SMALL_LOCAL_11_MATCHES_NOT_PRODUCTION_READY,True,False
MID,7797,Rodrigo Javier De Paul,139568,Youssef Zghoudi,98.929445,6.398817,98.929445,4,medium_research_only,SAME_ROLE_ONLY;RESEARCH_ONLY;SAMPLE_TOO_SMALL_LOCAL_11_MATCHES_NOT_PRODUCTION_READY,True,False
MID,7797,Rodrigo Javier De Paul,139570,Brahim El Bahraoui,97.563418,11.430852,97.563418,4,medium_research_only,SAME_ROLE_ONLY;RESEARCH_ONLY;SAMPLE_TOO_SMALL_LOCAL_11_MATCHES_NOT_PRODUCTION_READY,True,False
MID,7797,Rodrigo Javier De Paul,140871,Khalid Ait Ouarkhane,96.180654,5.528798,96.180654,4,medium_research_only,SAME_ROLE_ONLY;RESEARCH_ONLY;SAMPLE_TOO_SMALL_LOCAL_11_MATCHES_NOT_PRODUCTION_READY,True,False
MID,7797,Rodrigo Javier De Paul,140872,Mohamed Rabie Hrimat,98.709648,4.638103,98.709648,4,medium_research_only,SAME_ROLE_ONLY;RESEARCH_ONLY;SAMPLE_TOO_SMALL_LOCAL_11_MATCHES_NOT_PRODUCTION_READY,True,False
MID,7797,Rodrigo Javier De Paul,141254,Hamza Afsal,90.094863,8.7609,90.094863,4,medium_research_only,SAME_ROLE_ONLY;RESEARCH_ONLY;SAMPLE_TOO_SMALL_LOCAL_11_MATCHES_NOT_PRODUCTION_READY,True,False
MID,7797,Rodrigo Javier De Paul,143166,Zakaria Fati,99.650553,1.893605,99.650553,4,medium_research_only,SAME_ROLE_ONLY;RESEARCH_ONLY;SAMPLE_TOO_SMALL_LOCAL_11_MATCHES_NOT_PRODUCTION_READY,True,False
MID,7797,Rodrigo Javier De Paul,143490,Ahmed Hammoudan,97.490656,4.65327,97.490656,4,medium_research_only,SAME_ROLE_ONLY;RESEARCH_ONLY;SAMPLE_TOO_SMALL_LOCAL_11_MATCHES_NOT_PRODUCTION_READY,True,False
MID,7797,Rodrigo Javier De Paul,143505,Mohamed Morabit,90.620472,9.4481,90.620472,4,medium_research_only,SAME_ROLE_ONLY;RESEARCH_ONLY;SAMPLE_TOO_SMALL_LOCAL_11_MATCHES_NOT_PRODUCTION_READY,True,False
MID,7797,Rodrigo Javier De Paul,144434,Ismail Moutaraji,98.661631,8.964144,98.661631,4,medium_research_only,SAME_ROLE_ONLY;RESEARCH_ONLY;SAMPLE_TOO_SMALL_LOCAL_11_MATCHES_NOT_PRODUCTION_READY,True,False
MID,7797,Rodrigo Javier De Paul,144436,Anas Serrhat,98.965688,6.221797,98.965688,4,medium_research_only,SAME_ROLE_ONLY;RESEARCH_ONLY;SAMPLE_TOO_SMALL_LOCAL_11_MATCHES_NOT_PRODUCTION_READY,True,False
MID,7797,Rodrigo Javier De Paul,149135,Moses Orkuma,97.647052,5.153756,97.647052,4,medium_research_only,SAME_ROLE_ONLY;RESEARCH_ONLY;SAMPLE_TOO_SMALL_LOCAL_11_MATCHES_NOT_PRODUCTION_READY,True,False
MID,7797,Rodrigo Javier De Paul,151743,Mohamed Al Makahasi,99.799213,1.900624,99.799213,4,medium_research_only,SAME_ROLE_ONLY;RESEARCH_ONLY;SAMPLE_TOO_SMALL_LOCAL_11_MATCHES_NOT_PRODUCTION_READY,True,False
MID,7797,Rodrigo Javier De Paul,154668,Mamadou Lamine Camara,99.078626,4.029398,99.078626,4,medium_research_only,SAME_ROLE_ONLY;RESEARCH_ONLY;SAMPLE_TOO_SMALL_LOCAL_11_MATCHES_NOT_PRODUCTION_READY,True,False
MID,7797,Rodrigo Javier De Paul,161352,Salaheddine Errahouli,94.881272,6.458296,94.881272,4,medium_research_only,SAME_ROLE_ONLY;RESEARCH_ONLY;SAMPLE_TOO_SMALL_LOCAL_11_MATCHES_NOT_PRODUCTION_READY,True,False
MID,7797,Rodrigo Javier De Paul,183765,Mohammed Amine Essahel,94.57457,6.970645,94.57457,4,medium_research_only,SAME_ROLE_ONLY;RESEARCH_ONLY;SAMPLE_TOO_SMALL_LOCAL_11_MATCHES_NOT_PRODUCTION_READY,True,False
MID,7797,Rodrigo Javier De Paul,194809,Oussama Zemraoui,98.529127,5.162824,98.529127,4,medium_research_only,SAME_ROLE_ONLY;RESEARCH_ONLY;SAMPLE_TOO_SMALL_LOCAL_11_MATCHES_NOT_PRODUCTION_READY,True,False
MID,7797,Rodrigo Javier De Paul,194912,Faouzi Abd El Mouttalib,99.143689,2.648997,99.143689,4,medium_research_only,SAME_ROLE_ONLY;RESEARCH_ONLY;SAMPLE_TOO_SMALL_LOCAL_11_MATCHES_NOT_PRODUCTION_READY,True,False
MID,7797,Rodrigo Javier De Paul,195016,Mouad Mouchtanim,98.393729,5.037738,98.393729,4,medium_research_only,SAME_ROLE_ONLY;RESEARCH_ONLY;SAMPLE_TOO_SMALL_LOCAL_11_MATCHES_NOT_PRODUCTION_READY,True,False
MID,7797,Rodrigo Javier De Paul,199611,Youssef Mehri,97.364574,5.035158,97.364574,4,medium_research_only,SAME_ROLE_ONLY;RESEARCH_ONLY;SAMPLE_TOO_SMALL_LOCAL_11_MATCHES_NOT_PRODUCTION_READY,True,False
MID,7797,Rodrigo Javier De Paul,203027,Walid Rhailouf,99.951233,3.784348,99.951233,4,medium_research_only,SAME_ROLE_ONLY;RESEARCH_ONLY;SAMPLE_TOO_SMALL_LOCAL_11_MATCHES_NOT_PRODUCTION_READY,True,False
MID,7797,Rodrigo Javier De Paul,225437,Stephane Aziz Ki,97.965155,6.5642,97.965155,4,medium_research_only,SAME_ROLE_ONLY;RESEARCH_ONLY;SAMPLE_TOO_SMALL_LOCAL_11_MATCHES_NOT_PRODUCTION_READY,True,False
MID,7797,Rodrigo Javier De Paul,261620,Nadir Lougmani,99.599546,4.528431,99.599546,4,medium_research_only,SAME_ROLE_ONLY;RESEARCH_ONLY;SAMPLE_TOO_SMALL_LOCAL_11_MATCHES_NOT_PRODUCTION_READY,True,False
MID,7797,Rodrigo Javier De Paul,275341,Yazid Faffa,97.16155,5.010541,97.16155,4,medium_research_only,SAME_ROLE_ONLY;RESEARCH_ONLY;SAMPLE_TOO_SMALL_LOCAL_11_MATCHES_NOT_PRODUCTION_READY,True,False
MID,7797,Rodrigo Javier De Paul,312935,Amine Azri,96.075089,6.307118,96.075089,4,medium_research_only,SAME_ROLE_ONLY;RESEARCH_ONLY;SAMPLE_TOO_SMALL_LOCAL_11_MATCHES_NOT_PRODUCTION_READY,True,False
MID,7797,Rodrigo Javier De Paul,313277,Mohamed Chemlal,89.735492,27.304795,89.735492,4,medium_research_only,SAME_ROLE_ONLY;RESEARCH_ONLY;SAMPLE_TOO_SMALL_LOCAL_11_MATCHES_NOT_PRODUCTION_READY,True,False
MID,7797,Rodrigo Javier De Paul,313284,Achraf Harmach,99.094517,2.762263,99.094517,4,medium_research_only,SAME_ROLE_ONLY;RESEARCH_ONLY;SAMPLE_TOO_SMALL_LOCAL_11_MATCHES_NOT_PRODUCTION_READY,True,False
MID,7797,Rodrigo Javier De Paul,314460,Ayoub Bouaadli,99.61944,2.567206,99.61944,4,medium_research_only,SAME_ROLE_ONLY;RESEARCH_ONLY;SAMPLE_TOO_SMALL_LOCAL_11_MATCHES_NOT_PRODUCTION_READY,True,False
MID,7797,Rodrigo Javier De Paul,323979,Zakaria Fatihi,92.631515,10.645903,92.631515,4,medium_research_only,SAME_ROLE_ONLY;RESEARCH_ONLY;SAMPLE_TOO_SMALL_LOCAL_11_MATCHES_NOT_PRODUCTION_READY,True,False
MID,7797,Rodrigo Javier De Paul,360838,Zakaria Ami,81.254896,11.267256,81.254896,4,medium_research_only,SAME_ROLE_ONLY;RESEARCH_ONLY;SAMPLE_TOO_SMALL_LOCAL_11_MATCHES_NOT_PRODUCTION_READY,True,False
MID,7797,Rodrigo Javier De Paul,380600,Mouad Goulouss,97.574036,6.969987,97.574036,4,medium_research_only,SAME_ROLE_ONLY;RESEARCH_ONLY;SAMPLE_TOO_SMALL_LOCAL_11_MATCHES_NOT_PRODUCTION_READY,True,False
MID,7797,Rodrigo Javier De Paul,381935,Ismail Mihrab,94.601615,6.770143,94.601615,4,medium_research_only,SAME_ROLE_ONLY;RESEARCH_ONLY;SAMPLE_TOO_SMALL_LOCAL_11_MATCHES_NOT_PRODUCTION_READY,True,False
MID,7797,Rodrigo Javier De Paul,396748,Youssef Laghzal,91.035675,9.260746,91.035675,4,medium_research_only,SAME_ROLE_ONLY;RESEARCH_ONLY;SAMPLE_TOO_SMALL_LOCAL_11_MATCHES_NOT_PRODUCTION_READY,True,False
MID,7797,Rodrigo Javier De Paul,405645,Othmane Chraibi,98.752088,9.162809,98.752088,4,medium_research_only,SAME_ROLE_ONLY;RESEARCH_ONLY;SAMPLE_TOO_SMALL_LOCAL_11_MATCHES_NOT_PRODUCTION_READY,True,False
MID,7797,Rodrigo Javier De Paul,406269,Danilson Gomes Tavares,95.831577,6.196199,95.831577,4,medium_research_only,SAME_ROLE_ONLY;RESEARCH_ONLY;SAMPLE_TOO_SMALL_LOCAL_11_MATCHES_NOT_PRODUCTION_READY,True,False
MID,7797,Rodrigo Javier De Paul,407207,Ennaama El Bellali,99.375358,3.489712,99.375358,4,medium_research_only,SAME_ROLE_ONLY;RESEARCH_ONLY;SAMPLE_TOO_SMALL_LOCAL_11_MATCHES_NOT_PRODUCTION_READY,True,False
MID,7797,Rodrigo Javier De Paul,407506,Oussama Nourdine,94.803312,7.462892,94.803312,4,medium_research_only,SAME_ROLE_ONLY;RESEARCH_ONLY;SAMPLE_TOO_SMALL_LOCAL_11_MATCHES_NOT_PRODUCTION_READY,True,False
MID,7797,Rodrigo Javier De Paul,407852,Abdessamad Mahir,95.251896,6.429373,95.251896,4,medium_research_only,SAME_ROLE_ONLY;RESEARCH_ONLY;SAMPLE_TOO_SMALL_LOCAL_11_MATCHES_NOT_PRODUCTION_READY,True,False
MID,7797,Rodrigo Javier De Paul,415853,Claude Gnolou,97.037747,5.819563,97.037747,4,medium_research_only,SAME_ROLE_ONLY;RESEARCH_ONLY;SAMPLE_TOO_SMALL_LOCAL_11_MATCHES_NOT_PRODUCTION_READY,True,False
MID,7797,Rodrigo Javier De Paul,416303,El Mahdi Akoumi,99.570013,4.601949,99.570013,4,medium_research_only,SAME_ROLE_ONLY;RESEARCH_ONLY;SAMPLE_TOO_SMALL_LOCAL_11_MATCHES_NOT_PRODUCTION_READY,True,False
MID,7797,Rodrigo Javier De Paul,424979,Soufiane Tazi,99.90387,3.913395,99.90387,4,medium_research_only,SAME_ROLE_ONLY;RESEARCH_ONLY;SAMPLE_TOO_SMALL_LOCAL_11_MATCHES_NOT_PRODUCTION_READY,True,False
MID,7797,Rodrigo Javier De Paul,442288,Adnane Berdad,98.723381,3.266087,98.723381,4,medium_research_only,SAME_ROLE_ONLY;RESEARCH_ONLY;SAMPLE_TOO_SMALL_LOCAL_11_MATCHES_NOT_PRODUCTION_READY,True,False
MID,7797,Rodrigo Javier De Paul,442292,Abdellatif El Bajjani,98.759174,4.35455,98.759174,4,medium_research_only,SAME_ROLE_ONLY;RESEARCH_ONLY;SAMPLE_TOO_SMALL_LOCAL_11_MATCHES_NOT_PRODUCTION_READY,True,False
MID,7797,Rodrigo Javier De Paul,443951,Youness Akharraz,98.441986,4.616951,98.441986,4,medium_research_only,SAME_ROLE_ONLY;RESEARCH_ONLY;SAMPLE_TOO_SMALL_LOCAL_11_MATCHES_NOT_PRODUCTION_READY,True,False
MID,7797,Rodrigo Javier De Paul,445163,Ayoub Maamouri,93.157504,8.73221,93.157504,4,medium_research_only,SAME_ROLE_ONLY;RESEARCH_ONLY;SAMPLE_TOO_SMALL_LOCAL_11_MATCHES_NOT_PRODUCTION_READY,True,False
MID,7797,Rodrigo Javier De Paul,446355,Ishak Zidani,99.894772,1.398086,99.894772,4,medium_research_only,SAME_ROLE_ONLY;RESEARCH_ONLY;SAMPLE_TOO_SMALL_LOCAL_11_MATCHES_NOT_PRODUCTION_READY,True,False
MID,7797,Rodrigo Javier De Paul,449373,Marouane Oujeddou,98.011682,4.357009,98.011682,4,medium_research_only,SAME_ROLE_ONLY;RESEARCH_ONLY;SAMPLE_TOO_SMALL_LOCAL_11_MATCHES_NOT_PRODUCTION_READY,True,False
MID,7797,Rodrigo Javier De Paul,449471,Ayman Tarrazi,95.964209,5.830602,95.964209,4,medium_research_only,SAME_ROLE_ONLY;RESEARCH_ONLY;SAMPLE_TOO_SMALL_LOCAL_11_MATCHES_NOT_PRODUCTION_READY,True,False
MID,7797,Rodrigo Javier De Paul,450709,Joseph Bakasu       ,98.502057,3.728353,98.502057,4,medium_research_only,SAME_ROLE_ONLY;RESEARCH_ONLY;SAMPLE_TOO_SMALL_LOCAL_11_MATCHES_NOT_PRODUCTION_READY,True,False
MID,7797,Rodrigo Javier De Paul,460266,Youness Dahmani,75.348677,12.390487,75.348677,4,medium_research_only,SAME_ROLE_ONLY;RESEARCH_ONLY;SAMPLE_TOO_SMALL_LOCAL_11_MATCHES_NOT_PRODUCTION_READY,True,False
MID,7797,Rodrigo Javier De Paul,477679,Redouane Oubidar,92.737414,8.694064,92.737414,4,medium_research_only,SAME_ROLE_ONLY;RESEARCH_ONLY;SAMPLE_TOO_SMALL_LOCAL_11_MATCHES_NOT_PRODUCTION_READY,True,False
MID,7797,Rodrigo Javier De Paul,477680,Hamza Saoud,99.671394,7.905831,99.671394,4,medium_research_only,SAME_ROLE_ONLY;RESEARCH_ONLY;SAMPLE_TOO_SMALL_LOCAL_11_MATCHES_NOT_PRODUCTION_READY,True,False
MID,7797,Rodrigo Javier De Paul,477682,Ayoub Benaadi,97.348828,4.737307,97.348828,4,medium_research_only,SAME_ROLE_ONLY;RESEARCH_ONLY;SAMPLE_TOO_SMALL_LOCAL_11_MATCHES_NOT_PRODUCTION_READY,True,False
MID,7797,Rodrigo Javier De Paul,477688,Ayoub El Khaffi,98.362822,11.114487,98.362822,4,medium_research_only,SAME_ROLE_ONLY;RESEARCH_ONLY;SAMPLE_TOO_SMALL_LOCAL_11_MATCHES_NOT_PRODUCTION_READY,True,False
MID,7797,Rodrigo Javier De Paul,523298,Mohamed Ahayaoui,98.032424,6.52407,98.032424,4,medium_research_only,SAME_ROLE_ONLY;RESEARCH_ONLY;SAMPLE_TOO_SMALL_LOCAL_11_MATCHES_NOT_PRODUCTION_READY,True,False
MID,7797,Rodrigo Javier De Paul,523308,Adil Khalloufi,96.154648,7.190455,96.154648,4,medium_research_only,SAME_ROLE_ONLY;RESEARCH_ONLY;SAMPLE_TOO_SMALL_LOCAL_11_MATCHES_NOT_PRODUCTION_READY,True,False
MID,7797,Rodrigo Javier De Paul,523312,Brahim Mansouri,93.255699,7.846858,93.255699,4,medium_research_only,SAME_ROLE_ONLY;RESEARCH_ONLY;SAMPLE_TOO_SMALL_LOCAL_11_MATCHES_NOT_PRODUCTION_READY,True,False
MID,7797,Rodrigo Javier De Paul,523319,Omar Ouddah,94.678366,9.227954,94.678366,4,medium_research_only,SAME_ROLE_ONLY;RESEARCH_ONLY;SAMPLE_TOO_SMALL_LOCAL_11_MATCHES_NOT_PRODUCTION_READY,True,False
MID,7797,Rodrigo Javier De Paul,523973,Hamza Rafa,98.622642,4.245129,98.622642,4,medium_research_only,SAME_ROLE_ONLY;RESEARCH_ONLY;SAMPLE_TOO_SMALL_LOCAL_11_MATCHES_NOT_PRODUCTION_READY,True,False
MID,7797,Rodrigo Javier De Paul,523996,Fred Duval Ngoma,98.554768,4.360733,98.554768,4,medium_research_only,SAME_ROLE_ONLY;RESEARCH_ONLY;SAMPLE_TOO_SMALL_LOCAL_11_MATCHES_NOT_PRODUCTION_READY,True,False
MID,7797,Rodrigo Javier De Paul,523997,Karim L'Koucha,98.044372,5.502744,98.044372,4,medium_research_only,SAME_ROLE_ONLY;RESEARCH_ONLY;SAMPLE_TOO_SMALL_LOCAL_11_MATCHES_NOT_PRODUCTION_READY,True,False
MID,7797,Rodrigo Javier De Paul,523999,Zakaria Kessary,99.529505,3.933694,99.529505,4,medium_research_only,SAME_ROLE_ONLY;RESEARCH_ONLY;SAMPLE_TOO_SMALL_LOCAL_11_MATCHES_NOT_PRODUCTION_READY,True,False
MID,7797,Rodrigo Javier De Paul,524000,Ahmed Aboulfath,87.438669,9.546983,87.438669,4,medium_research_only,SAME_ROLE_ONLY;RESEARCH_ONLY;SAMPLE_TOO_SMALL_LOCAL_11_MATCHES_NOT_PRODUCTION_READY,True,False
MID,7797,Rodrigo Javier De Paul,524002,Salim Ghazzani,90.539678,14.618823,90.539678,4,medium_research_only,SAME_ROLE_ONLY;RESEARCH_ONLY;SAMPLE_TOO_SMALL_LOCAL_11_MATCHES_NOT_PRODUCTION_READY,True,False
MID,7797,Rodrigo Javier De Paul,524003,Mohammed Es-Sahel,94.836032,6.447154,94.836032,4,medium_research_only,SAME_ROLE_ONLY;RESEARCH_ONLY;SAMPLE_TOO_SMALL_LOCAL_11_MATCHES_NOT_PRODUCTION_READY,True,False
MID,7797,Rodrigo Javier De Paul,524511,Saad Nassik,98.595829,3.414692,98.595829,4,medium_research_only,SAME_ROLE_ONLY;RESEARCH_ONLY;SAMPLE_TOO_SMALL_LOCAL_11_MATCHES_NOT_PRODUCTION_READY,True,False
MID,10689,Sabir Bougrine,16308,Leandro Daniel Paredes,98.424541,4.335027,98.424541,4,medium_research_only,SAME_ROLE_ONLY;RESEARCH_ONLY;SAMPLE_TOO_SMALL_LOCAL_11_MATCHES_NOT_PRODUCTION_READY,True,False
MID,10689,Sabir Bougrine,21648,Anas Tahiri,98.929292,4.95995,98.929292,4,medium_research_only,SAME_ROLE_ONLY;RESEARCH_ONLY;SAMPLE_TOO_SMALL_LOCAL_11_MATCHES_NOT_PRODUCTION_READY,True,False
MID,10689,Sabir Bougrine,27277,Jhon Adolfo Arias Andrade,96.283752,7.723065,96.283752,4,medium_research_only,SAME_ROLE_ONLY;RESEARCH_ONLY;SAMPLE_TOO_SMALL_LOCAL_11_MATCHES_NOT_PRODUCTION_READY,True,False
MID,10689,Sabir Bougrine,27886,Alexis Mac Allister,98.315175,5.596775,98.315175,4,medium_research_only,SAME_ROLE_ONLY;RESEARCH_ONLY;SAMPLE_TOO_SMALL_LOCAL_11_MATCHES_NOT_PRODUCTION_READY,True,False
MID,10689,Sabir Bougrine,30155,Bilal Ould-Chikh,99.059576,7.565271,99.059576,4,medium_research_only,SAME_ROLE_ONLY;RESEARCH_ONLY;SAMPLE_TOO_SMALL_LOCAL_11_MATCHES_NOT_PRODUCTION_READY,True,False
MID,10689,Sabir Bougrine,38718,Enzo Fernandez,95.969987,8.39264,95.969987,4,medium_research_only,SAME_ROLE_ONLY;RESEARCH_ONLY;SAMPLE_TOO_SMALL_LOCAL_11_MATCHES_NOT_PRODUCTION_READY,True,False
MID,10689,Sabir Bougrine,46646,José Dembi,97.889217,7.372323,97.889217,4,medium_research_only,SAME_ROLE_ONLY;RESEARCH_ONLY;SAMPLE_TOO_SMALL_LOCAL_11_MATCHES_NOT_PRODUCTION_READY,True,False
MID,10689,Sabir Bougrine,49000,Amine Oudrhiri Idrissi,95.23302,6.953759,95.23302,4,medium_research_only,SAME_ROLE_ONLY;RESEARCH_ONLY;SAMPLE_TOO_SMALL_LOCAL_11_MATCHES_NOT_PRODUCTION_READY,True,False
MID,10689,Sabir Bougrine,49395,Richard Rios Montoya,98.720531,4.984528,98.720531,4,medium_research_only,SAME_ROLE_ONLY;RESEARCH_ONLY;SAMPLE_TOO_SMALL_LOCAL_11_MATCHES_NOT_PRODUCTION_READY,True,False
MID,10689,Sabir Bougrine,60138,Kevin Duvan Castaño Gil,89.184066,85.508176,89.184066,4,medium_research_only,SAME_ROLE_ONLY;RESEARCH_ONLY;SAMPLE_TOO_SMALL_LOCAL_11_MATCHES_NOT_PRODUCTION_READY,True,False
MID,10689,Sabir Bougrine,134249,Adam Ennaffati,94.639276,8.110605,94.639276,4,medium_research_only,SAME_ROLE_ONLY;RESEARCH_ONLY;SAMPLE_TOO_SMALL_LOCAL_11_MATCHES_NOT_PRODUCTION_READY,True,False
MID,10689,Sabir Bougrine,135202,Walid Sabbar,98.666915,4.842792,98.666915,4,medium_research_only,SAME_ROLE_ONLY;RESEARCH_ONLY;SAMPLE_TOO_SMALL_LOCAL_11_MATCHES_NOT_PRODUCTION_READY,True,False
MID,10689,Sabir Bougrine,138827,Achraf El Idrissi,98.00397,4.920357,98.00397,4,medium_research_only,SAME_ROLE_ONLY;RESEARCH_ONLY;SAMPLE_TOO_SMALL_LOCAL_11_MATCHES_NOT_PRODUCTION_READY,True,False
MID,10689,Sabir Bougrine,138845,Mohsine Moutouali,95.586784,6.948987,95.586784,4,medium_research_only,SAME_ROLE_ONLY;RESEARCH_ONLY;SAMPLE_TOO_SMALL_LOCAL_11_MATCHES_NOT_PRODUCTION_READY,True,False
MID,10689,Sabir Bougrine,138853,Abdellah Farah,69.968252,15.560448,69.968252,4,medium_research_only,SAME_ROLE_ONLY;RESEARCH_ONLY;SAMPLE_TOO_SMALL_LOCAL_11_MATCHES_NOT_PRODUCTION_READY,True,False
MID,10689,Sabir Bougrine,138860,Youssef Michte,95.826689,6.522993,95.826689,4,medium_research_only,SAME_ROLE_ONLY;RESEARCH_ONLY;SAMPLE_TOO_SMALL_LOCAL_11_MATCHES_NOT_PRODUCTION_READY,True,False
MID,10689,Sabir Bougrine,138862,Abderrahmane Kassak,98.532011,3.925602,98.532011,4,medium_research_only,SAME_ROLE_ONLY;RESEARCH_ONLY;SAMPLE_TOO_SMALL_LOCAL_11_MATCHES_NOT_PRODUCTION_READY,True,False
MID,10689,Sabir Bougrine,138872,Oussama Mahrous,98.184936,4.607049,98.184936,4,medium_research_only,SAME_ROLE_ONLY;RESEARCH_ONLY;SAMPLE_TOO_SMALL_LOCAL_11_MATCHES_NOT_PRODUCTION_READY,True,False
MID,10689,Sabir Bougrine,138873,Abdelghafour Lamirat,95.99224,7.076635,95.99224,4,medium_research_only,SAME_ROLE_ONLY;RESEARCH_ONLY;SAMPLE_TOO_SMALL_LOCAL_11_MATCHES_NOT_PRODUCTION_READY,True,False
MID,10689,Sabir Bougrine,138877,Saleh Al Sellami,98.852275,4.359705,98.852275,4,medium_research_only,SAME_ROLE_ONLY;RESEARCH_ONLY;SAMPLE_TOO_SMALL_LOCAL_11_MATCHES_NOT_PRODUCTION_READY,True,False
MID,10689,Sabir Bougrine,138895,Abdelfattah Hadraf,76.599105,19.403604,76.599105,4,medium_research_only,SAME_ROLE_ONLY;RESEARCH_ONLY;SAMPLE_TOO_SMALL_LOCAL_11_MATCHES_NOT_PRODUCTION_READY,True,False
MID,10689,Sabir Bougrine,138898,Ahmed Chentouf,74.447314,25.046135,74.447314,4,medium_research_only,SAME_ROLE_ONLY;RESEARCH_ONLY;SAMPLE_TOO_SMALL_LOCAL_11_MATCHES_NOT_PRODUCTION_READY,True,False
MID,10689,Sabir Bougrine,138983,Zine Eddine Derrag,96.416114,6.838732,96.416114,4,medium_research_only,SAME_ROLE_ONLY;RESEARCH_ONLY;SAMPLE_TOO_SMALL_LOCAL_11_MATCHES_NOT_PRODUCTION_READY,True,False
MID,10689,Sabir Bougrine,139545,Mohammad El Fakih,97.490492,6.193522,97.490492,4,medium_research_only,SAME_ROLE_ONLY;RESEARCH_ONLY;SAMPLE_TOO_SMALL_LOCAL_11_MATCHES_NOT_PRODUCTION_READY,True,False
MID,10689,Sabir Bougrine,139554,Abdoulaye Diarra,97.142001,7.050409,97.142001,4,medium_research_only,SAME_ROLE_ONLY;RESEARCH_ONLY;SAMPLE_TOO_SMALL_LOCAL_11_MATCHES_NOT_PRODUCTION_READY,True,False
MID,10689,Sabir Bougrine,139565,Larbi Naji,98.994449,3.652007,98.994449,4,medium_research_only,SAME_ROLE_ONLY;RESEARCH_ONLY;SAMPLE_TOO_SMALL_LOCAL_11_MATCHES_NOT_PRODUCTION_READY,True,False
MID,10689,Sabir Bougrine,139568,Youssef Zghoudi,96.693751,8.956308,96.693751,4,medium_research_only,SAME_ROLE_ONLY;RESEARCH_ONLY;SAMPLE_TOO_SMALL_LOCAL_11_MATCHES_NOT_PRODUCTION_READY,True,False
MID,10689,Sabir Bougrine,139570,Brahim El Bahraoui,98.133456,13.284748,98.133456,4,medium_research_only,SAME_ROLE_ONLY;RESEARCH_ONLY;SAMPLE_TOO_SMALL_LOCAL_11_MATCHES_NOT_PRODUCTION_READY,True,False
MID,10689,Sabir Bougrine,140871,Khalid Ait Ouarkhane,98.093578,4.829484,98.093578,4,medium_research_only,SAME_ROLE_ONLY;RESEARCH_ONLY;SAMPLE_TOO_SMALL_LOCAL_11_MATCHES_NOT_PRODUCTION_READY,True,False
MID,10689,Sabir Bougrine,140872,Mohamed Rabie Hrimat,99.621188,2.313855,99.621188,4,medium_research_only,SAME_ROLE_ONLY;RESEARCH_ONLY;SAMPLE_TOO_SMALL_LOCAL_11_MATCHES_NOT_PRODUCTION_READY,True,False
MID,10689,Sabir Bougrine,141254,Hamza Afsal,89.892291,9.811429,89.892291,4,medium_research_only,SAME_ROLE_ONLY;RESEARCH_ONLY;SAMPLE_TOO_SMALL_LOCAL_11_MATCHES_NOT_PRODUCTION_READY,True,False
MID,10689,Sabir Bougrine,143166,Zakaria Fati,98.509311,3.999847,98.509311,4,medium_research_only,SAME_ROLE_ONLY;RESEARCH_ONLY;SAMPLE_TOO_SMALL_LOCAL_11_MATCHES_NOT_PRODUCTION_READY,True,False
MID,10689,Sabir Bougrine,143490,Ahmed Hammoudan,98.535966,4.018622,98.535966,4,medium_research_only,SAME_ROLE_ONLY;RESEARCH_ONLY;SAMPLE_TOO_SMALL_LOCAL_11_MATCHES_NOT_PRODUCTION_READY,True,False
MID,10689,Sabir Bougrine,143505,Mohamed Morabit,93.16515,8.449512,93.16515,4,medium_research_only,SAME_ROLE_ONLY;RESEARCH_ONLY;SAMPLE_TOO_SMALL_LOCAL_11_MATCHES_NOT_PRODUCTION_READY,True,False
MID,10689,Sabir Bougrine,144434,Ismail Moutaraji,96.424945,9.405601,96.424945,4,medium_research_only,SAME_ROLE_ONLY;RESEARCH_ONLY;SAMPLE_TOO_SMALL_LOCAL_11_MATCHES_NOT_PRODUCTION_READY,True,False
MID,10689,Sabir Bougrine,144436,Anas Serrhat,98.393012,5.599649,98.393012,4,medium_research_only,SAME_ROLE_ONLY;RESEARCH_ONLY;SAMPLE_TOO_SMALL_LOCAL_11_MATCHES_NOT_PRODUCTION_READY,True,False
MID,10689,Sabir Bougrine,149135,Moses Orkuma,95.040319,7.287057,95.040319,4,medium_research_only,SAME_ROLE_ONLY;RESEARCH_ONLY;SAMPLE_TOO_SMALL_LOCAL_11_MATCHES_NOT_PRODUCTION_READY,True,False
MID,10689,Sabir Bougrine,151743,Mohamed Al Makahasi,99.12544,3.041817,99.12544,4,medium_research_only,SAME_ROLE_ONLY;RESEARCH_ONLY;SAMPLE_TOO_SMALL_LOCAL_11_MATCHES_NOT_PRODUCTION_READY,True,False
MID,10689,Sabir Bougrine,154668,Mamadou Lamine Camara,98.592664,4.027879,98.592664,4,medium_research_only,SAME_ROLE_ONLY;RESEARCH_ONLY;SAMPLE_TOO_SMALL_LOCAL_11_MATCHES_NOT_PRODUCTION_READY,True,False
MID,10689,Sabir Bougrine,161352,Salaheddine Errahouli,97.285875,5.424364,97.285875,4,medium_research_only,SAME_ROLE_ONLY;RESEARCH_ONLY;SAMPLE_TOO_SMALL_LOCAL_11_MATCHES_NOT_PRODUCTION_READY,True,False
MID,10689,Sabir Bougrine,183765,Mohammed Amine Essahel,92.970883,8.421634,92.970883,4,medium_research_only,SAME_ROLE_ONLY;RESEARCH_ONLY;SAMPLE_TOO_SMALL_LOCAL_11_MATCHES_NOT_PRODUCTION_READY,True,False
MID,10689,Sabir Bougrine,194809,Oussama Zemraoui,99.642428,2.531439,99.642428,4,medium_research_only,SAME_ROLE_ONLY;RESEARCH_ONLY;SAMPLE_TOO_SMALL_LOCAL_11_MATCHES_NOT_PRODUCTION_READY,True,False
MID,10689,Sabir Bougrine,194912,Faouzi Abd El Mouttalib,97.809227,5.005367,97.809227,4,medium_research_only,SAME_ROLE_ONLY;RESEARCH_ONLY;SAMPLE_TOO_SMALL_LOCAL_11_MATCHES_NOT_PRODUCTION_READY,True,False
MID,10689,Sabir Bougrine,195016,Mouad Mouchtanim,97.320303,5.628612,97.320303,4,medium_research_only,SAME_ROLE_ONLY;RESEARCH_ONLY;SAMPLE_TOO_SMALL_LOCAL_11_MATCHES_NOT_PRODUCTION_READY,True,False
MID,10689,Sabir Bougrine,199611,Youssef Mehri,99.021329,3.2166,99.021329,4,medium_research_only,SAME_ROLE_ONLY;RESEARCH_ONLY;SAMPLE_TOO_SMALL_LOCAL_11_MATCHES_NOT_PRODUCTION_READY,True,False
MID,10689,Sabir Bougrine,203027,Walid Rhailouf,99.535826,2.958004,99.535826,4,medium_research_only,SAME_ROLE_ONLY;RESEARCH_ONLY;SAMPLE_TOO_SMALL_LOCAL_11_MATCHES_NOT_PRODUCTION_READY,True,False
MID,10689,Sabir Bougrine,225437,Stephane Aziz Ki,99.12224,7.964239,99.12224,4,medium_research_only,SAME_ROLE_ONLY;RESEARCH_ONLY;SAMPLE_TOO_SMALL_LOCAL_11_MATCHES_NOT_PRODUCTION_READY,True,False
MID,10689,Sabir Bougrine,261620,Nadir Lougmani,98.28146,7.023586,98.28146,4,medium_research_only,SAME_ROLE_ONLY;RESEARCH_ONLY;SAMPLE_TOO_SMALL_LOCAL_11_MATCHES_NOT_PRODUCTION_READY,True,False
MID,10689,Sabir Bougrine,275341,Yazid Faffa,96.195571,6.91459,96.195571,4,medium_research_only,SAME_ROLE_ONLY;RESEARCH_ONLY;SAMPLE_TOO_SMALL_LOCAL_11_MATCHES_NOT_PRODUCTION_READY,True,False
MID,10689,Sabir Bougrine,312935,Amine Azri,94.688952,7.477916,94.688952,4,medium_research_only,SAME_ROLE_ONLY;RESEARCH_ONLY;SAMPLE_TOO_SMALL_LOCAL_11_MATCHES_NOT_PRODUCTION_READY,True,False
MID,10689,Sabir Bougrine,313277,Mohamed Chemlal,93.790596,24.34439,93.790596,4,medium_research_only,SAME_ROLE_ONLY;RESEARCH_ONLY;SAMPLE_TOO_SMALL_LOCAL_11_MATCHES_NOT_PRODUCTION_READY,True,False
MID,10689,Sabir Bougrine,313284,Achraf Harmach,97.006915,5.788059,97.006915,4,medium_research_only,SAME_ROLE_ONLY;RESEARCH_ONLY;SAMPLE_TOO_SMALL_LOCAL_11_MATCHES_NOT_PRODUCTION_READY,True,False
MID,10689,Sabir Bougrine,314460,Ayoub Bouaadli,98.501991,3.966218,98.501991,4,medium_research_only,SAME_ROLE_ONLY;RESEARCH_ONLY;SAMPLE_TOO_SMALL_LOCAL_11_MATCHES_NOT_PRODUCTION_READY,True,False
MID,10689,Sabir Bougrine,323979,Zakaria Fatihi,91.980597,10.759442,91.980597,4,medium_research_only,SAME_ROLE_ONLY;RESEARCH_ONLY;SAMPLE_TOO_SMALL_LOCAL_11_MATCHES_NOT_PRODUCTION_READY,True,False
MID,10689,Sabir Bougrine,360838,Zakaria Ami,82.350084,12.686438,82.350084,4,medium_research_only,SAME_ROLE_ONLY;RESEARCH_ONLY;SAMPLE_TOO_SMALL_LOCAL_11_MATCHES_NOT_PRODUCTION_READY,True,False
MID,10689,Sabir Bougrine,380600,Mouad Goulouss,96.73411,9.023508,96.73411,4,medium_research_only,SAME_ROLE_ONLY;RESEARCH_ONLY;SAMPLE_TOO_SMALL_LOCAL_11_MATCHES_NOT_PRODUCTION_READY,True,False
MID,10689,Sabir Bougrine,381935,Ismail Mihrab,93.126806,8.80912,93.126806,4,medium_research_only,SAME_ROLE_ONLY;RESEARCH_ONLY;SAMPLE_TOO_SMALL_LOCAL_11_MATCHES_NOT_PRODUCTION_READY,True,False
MID,10689,Sabir Bougrine,396748,Youssef Laghzal,88.062111,11.625146,88.062111,4,medium_research_only,SAME_ROLE_ONLY;RESEARCH_ONLY;SAMPLE_TOO_SMALL_LOCAL_11_MATCHES_NOT_PRODUCTION_READY,True,False
MID,10689,Sabir Bougrine,405645,Othmane Chraibi,96.840439,9.300453,96.840439,4,medium_research_only,SAME_ROLE_ONLY;RESEARCH_ONLY;SAMPLE_TOO_SMALL_LOCAL_11_MATCHES_NOT_PRODUCTION_READY,True,False
MID,10689,Sabir Bougrine,406269,Danilson Gomes Tavares,94.517041,8.255234,94.517041,4,medium_research_only,SAME_ROLE_ONLY;RESEARCH_ONLY;SAMPLE_TOO_SMALL_LOCAL_11_MATCHES_NOT_PRODUCTION_READY,True,False
MID,10689,Sabir Bougrine,407207,Ennaama El Bellali,97.610841,5.148672,97.610841,4,medium_research_only,SAME_ROLE_ONLY;RESEARCH_ONLY;SAMPLE_TOO_SMALL_LOCAL_11_MATCHES_NOT_PRODUCTION_READY,True,False
MID,10689,Sabir Bougrine,407506,Oussama Nourdine,91.822063,9.452786,91.822063,4,medium_research_only,SAME_ROLE_ONLY;RESEARCH_ONLY;SAMPLE_TOO_SMALL_LOCAL_11_MATCHES_NOT_PRODUCTION_READY,True,False
MID,10689,Sabir Bougrine,407852,Abdessamad Mahir,93.184556,8.254165,93.184556,4,medium_research_only,SAME_ROLE_ONLY;RESEARCH_ONLY;SAMPLE_TOO_SMALL_LOCAL_11_MATCHES_NOT_PRODUCTION_READY,True,False
MID,10689,Sabir Bougrine,415853,Claude Gnolou,94.837444,7.501792,94.837444,4,medium_research_only,SAME_ROLE_ONLY;RESEARCH_ONLY;SAMPLE_TOO_SMALL_LOCAL_11_MATCHES_NOT_PRODUCTION_READY,True,False
MID,10689,Sabir Bougrine,416303,El Mahdi Akoumi,98.041199,7.181649,98.041199,4,medium_research_only,SAME_ROLE_ONLY;RESEARCH_ONLY;SAMPLE_TOO_SMALL_LOCAL_11_MATCHES_NOT_PRODUCTION_READY,True,False
MID,10689,Sabir Bougrine,424979,Soufiane Tazi,99.121799,3.728766,99.121799,4,medium_research_only,SAME_ROLE_ONLY;RESEARCH_ONLY;SAMPLE_TOO_SMALL_LOCAL_11_MATCHES_NOT_PRODUCTION_READY,True,False
MID,10689,Sabir Bougrine,442288,Adnane Berdad,96.951306,5.874061,96.951306,4,medium_research_only,SAME_ROLE_ONLY;RESEARCH_ONLY;SAMPLE_TOO_SMALL_LOCAL_11_MATCHES_NOT_PRODUCTION_READY,True,False
MID,10689,Sabir Bougrine,442292,Abdellatif El Bajjani,97.573057,5.227686,97.573057,4,medium_research_only,SAME_ROLE_ONLY;RESEARCH_ONLY;SAMPLE_TOO_SMALL_LOCAL_11_MATCHES_NOT_PRODUCTION_READY,True,False
MID,10689,Sabir Bougrine,443951,Youness Akharraz,95.934776,7.552974,95.934776,4,medium_research_only,SAME_ROLE_ONLY;RESEARCH_ONLY;SAMPLE_TOO_SMALL_LOCAL_11_MATCHES_NOT_PRODUCTION_READY,True,False
MID,10689,Sabir Bougrine,445163,Ayoub Maamouri,95.043029,10.027318,95.043029,4,medium_research_only,SAME_ROLE_ONLY;RESEARCH_ONLY;SAMPLE_TOO_SMALL_LOCAL_11_MATCHES_NOT_PRODUCTION_READY,True,False
MID,10689,Sabir Bougrine,446355,Ishak Zidani,98.754348,3.64093,98.754348,4,medium_research_only,SAME_ROLE_ONLY;RESEARCH_ONLY;SAMPLE_TOO_SMALL_LOCAL_11_MATCHES_NOT_PRODUCTION_READY,True,False
MID,10689,Sabir Bougrine,449373,Marouane Oujeddou,99.193013,4.878593,99.193013,4,medium_research_only,SAME_ROLE_ONLY;RESEARCH_ONLY;SAMPLE_TOO_SMALL_LOCAL_11_MATCHES_NOT_PRODUCTION_READY,True,False
MID,10689,Sabir Bougrine,449471,Ayman Tarrazi,93.281878,8.46382,93.281878,4,medium_research_only,SAME_ROLE_ONLY;RESEARCH_ONLY;SAMPLE_TOO_SMALL_LOCAL_11_MATCHES_NOT_PRODUCTION_READY,True,False
MID,10689,Sabir Bougrine,450709,Joseph Bakasu       ,95.968566,6.405917,95.968566,4,medium_research_only,SAME_ROLE_ONLY;RESEARCH_ONLY;SAMPLE_TOO_SMALL_LOCAL_11_MATCHES_NOT_PRODUCTION_READY,True,False
MID,10689,Sabir Bougrine,460266,Youness Dahmani,75.533973,14.067159,75.533973,4,medium_research_only,SAME_ROLE_ONLY;RESEARCH_ONLY;SAMPLE_TOO_SMALL_LOCAL_11_MATCHES_NOT_PRODUCTION_READY,True,False
MID,10689,Sabir Bougrine,477679,Redouane Oubidar,90.360861,10.261047,90.360861,4,medium_research_only,SAME_ROLE_ONLY;RESEARCH_ONLY;SAMPLE_TOO_SMALL_LOCAL_11_MATCHES_NOT_PRODUCTION_READY,True,False
MID,10689,Sabir Bougrine,477680,Hamza Saoud,98.52302,7.351129,98.52302,4,medium_research_only,SAME_ROLE_ONLY;RESEARCH_ONLY;SAMPLE_TOO_SMALL_LOCAL_11_MATCHES_NOT_PRODUCTION_READY,True,False
MID,10689,Sabir Bougrine,477682,Ayoub Benaadi,99.117417,3.312437,99.117417,4,medium_research_only,SAME_ROLE_ONLY;RESEARCH_ONLY;SAMPLE_TOO_SMALL_LOCAL_11_MATCHES_NOT_PRODUCTION_READY,True,False
MID,10689,Sabir Bougrine,477688,Ayoub El Khaffi,95.819101,11.506167,95.819101,4,medium_research_only,SAME_ROLE_ONLY;RESEARCH_ONLY;SAMPLE_TOO_SMALL_LOCAL_11_MATCHES_NOT_PRODUCTION_READY,True,False
MID,10689,Sabir Bougrine,523298,Mohamed Ahayaoui,96.350838,7.230129,96.350838,4,medium_research_only,SAME_ROLE_ONLY;RESEARCH_ONLY;SAMPLE_TOO_SMALL_LOCAL_11_MATCHES_NOT_PRODUCTION_READY,True,False
MID,10689,Sabir Bougrine,523308,Adil Khalloufi,93.928642,8.550403,93.928642,4,medium_research_only,SAME_ROLE_ONLY;RESEARCH_ONLY;SAMPLE_TOO_SMALL_LOCAL_11_MATCHES_NOT_PRODUCTION_READY,True,False
MID,10689,Sabir Bougrine,523312,Brahim Mansouri,95.894268,6.483738,95.894268,4,medium_research_only,SAME_ROLE_ONLY;RESEARCH_ONLY;SAMPLE_TOO_SMALL_LOCAL_11_MATCHES_NOT_PRODUCTION_READY,True,False
MID,10689,Sabir Bougrine,523319,Omar Ouddah,91.772518,10.681449,91.772518,4,medium_research_only,SAME_ROLE_ONLY;RESEARCH_ONLY;SAMPLE_TOO_SMALL_LOCAL_11_MATCHES_NOT_PRODUCTION_READY,True,False
MID,10689,Sabir Bougrine,523973,Hamza Rafa,96.282812,6.339834,96.282812,4,medium_research_only,SAME_ROLE_ONLY;RESEARCH_ONLY;SAMPLE_TOO_SMALL_LOCAL_11_MATCHES_NOT_PRODUCTION_READY,True,False
MID,10689,Sabir Bougrine,523996,Fred Duval Ngoma,96.07674,6.529041,96.07674,4,medium_research_only,SAME_ROLE_ONLY;RESEARCH_ONLY;SAMPLE_TOO_SMALL_LOCAL_11_MATCHES_NOT_PRODUCTION_READY,True,False
MID,10689,Sabir Bougrine,523997,Karim L'Koucha,95.712457,8.196111,95.712457,4,medium_research_only,SAME_ROLE_ONLY;RESEARCH_ONLY;SAMPLE_TOO_SMALL_LOCAL_11_MATCHES_NOT_PRODUCTION_READY,True,False
MID,10689,Sabir Bougrine,523999,Zakaria Kessary,98.99323,3.664242,98.99323,4,medium_research_only,SAME_ROLE_ONLY;RESEARCH_ONLY;SAMPLE_TOO_SMALL_LOCAL_11_MATCHES_NOT_PRODUCTION_READY,True,False
MID,10689,Sabir Bougrine,524000,Ahmed Aboulfath,87.544089,10.769592,87.544089,4,medium_research_only,SAME_ROLE_ONLY;RESEARCH_ONLY;SAMPLE_TOO_SMALL_LOCAL_11_MATCHES_NOT_PRODUCTION_READY,True,False
MID,10689,Sabir Bougrine,524002,Salim Ghazzani,93.292471,12.524925,93.292471,4,medium_research_only,SAME_ROLE_ONLY;RESEARCH_ONLY;SAMPLE_TOO_SMALL_LOCAL_11_MATCHES_NOT_PRODUCTION_READY,True,False
MID,10689,Sabir Bougrine,524003,Mohammed Es-Sahel,91.963054,8.849955,91.963054,4,medium_research_only,SAME_ROLE_ONLY;RESEARCH_ONLY;SAMPLE_TOO_SMALL_LOCAL_11_MATCHES_NOT_PRODUCTION_READY,True,False
MID,10689,Sabir Bougrine,524511,Saad Nassik,96.186829,6.257837,96.186829,4,medium_research_only,SAME_ROLE_ONLY;RESEARCH_ONLY;SAMPLE_TOO_SMALL_LOCAL_11_MATCHES_NOT_PRODUCTION_READY,True,False
MID,16308,Leandro Daniel Paredes,21648,Anas Tahiri,99.519361,5.427065,99.519361,4,medium_research_only,SAME_ROLE_ONLY;RESEARCH_ONLY;SAMPLE_TOO_SMALL_LOCAL_11_MATCHES_NOT_PRODUCTION_READY,True,False
MID,16308,Leandro Daniel Paredes,27277,Jhon Adolfo Arias Andrade,99.437371,3.683554,99.437371,4,medium_research_only,SAME_ROLE_ONLY;RESEARCH_ONLY;SAMPLE_TOO_SMALL_LOCAL_11_MATCHES_NOT_PRODUCTION_READY,True,False
MID,16308,Leandro Daniel Paredes,27886,Alexis Mac Allister,99.779031,2.744319,99.779031,4,medium_research_only,SAME_ROLE_ONLY;RESEARCH_ONLY;SAMPLE_TOO_SMALL_LOCAL_11_MATCHES_NOT_PRODUCTION_READY,True,False
MID,16308,Leandro Daniel Paredes,30155,Bilal Ould-Chikh,95.691533,9.943037,95.691533,4,medium_research_only,SAME_ROLE_ONLY;RESEARCH_ONLY;SAMPLE_TOO_SMALL_LOCAL_11_MATCHES_NOT_PRODUCTION_READY,True,False
MID,16308,Leandro Daniel Paredes,38718,Enzo Fernandez,99.179037,4.596674,99.179037,4,medium_research_only,SAME_ROLE_ONLY;RESEARCH_ONLY;SAMPLE_TOO_SMALL_LOCAL_11_MATCHES_NOT_PRODUCTION_READY,True,False
MID,16308,Leandro Daniel Paredes,46646,José Dembi,99.773363,7.519642,99.773363,4,medium_research_only,SAME_ROLE_ONLY;RESEARCH_ONLY;SAMPLE_TOO_SMALL_LOCAL_11_MATCHES_NOT_PRODUCTION_READY,True,False
MID,16308,Leandro Daniel Paredes,49000,Amine Oudrhiri Idrissi,98.605708,4.341638,98.605708,4,medium_research_only,SAME_ROLE_ONLY;RESEARCH_ONLY;SAMPLE_TOO_SMALL_LOCAL_11_MATCHES_NOT_PRODUCTION_READY,True,False
MID,16308,Leandro Daniel Paredes,49395,Richard Rios Montoya,99.230336,3.743491,99.230336,4,medium_research_only,SAME_ROLE_ONLY;RESEARCH_ONLY;SAMPLE_TOO_SMALL_LOCAL_11_MATCHES_NOT_PRODUCTION_READY,True,False
MID,16308,Leandro Daniel Paredes,60138,Kevin Duvan Castaño Gil,88.29457,85.139094,88.29457,4,medium_research_only,SAME_ROLE_ONLY;RESEARCH_ONLY;SAMPLE_TOO_SMALL_LOCAL_11_MATCHES_NOT_PRODUCTION_READY,True,False
MID,16308,Leandro Daniel Paredes,134249,Adam Ennaffati,88.095892,11.403876,88.095892,4,medium_research_only,SAME_ROLE_ONLY;RESEARCH_ONLY;SAMPLE_TOO_SMALL_LOCAL_11_MATCHES_NOT_PRODUCTION_READY,True,False
MID,16308,Leandro Daniel Paredes,135202,Walid Sabbar,96.870791,6.950264,96.870791,4,medium_research_only,SAME_ROLE_ONLY;RESEARCH_ONLY;SAMPLE_TOO_SMALL_LOCAL_11_MATCHES_NOT_PRODUCTION_READY,True,False
MID,16308,Leandro Daniel Paredes,138827,Achraf El Idrissi,99.753279,3.867625,99.753279,4,medium_research_only,SAME_ROLE_ONLY;RESEARCH_ONLY;SAMPLE_TOO_SMALL_LOCAL_11_MATCHES_NOT_PRODUCTION_READY,True,False
MID,16308,Leandro Daniel Paredes,138845,Mohsine Moutouali,90.660023,10.415306,90.660023,4,medium_research_only,SAME_ROLE_ONLY;RESEARCH_ONLY;SAMPLE_TOO_SMALL_LOCAL_11_MATCHES_NOT_PRODUCTION_READY,True,False
MID,16308,Leandro Daniel Paredes,138853,Abdellah Farah,71.178641,16.531313,71.178641,4,medium_research_only,SAME_ROLE_ONLY;RESEARCH_ONLY;SAMPLE_TOO_SMALL_LOCAL_11_MATCHES_NOT_PRODUCTION_READY,True,False
MID,16308,Leandro Daniel Paredes,138860,Youssef Michte,99.052905,4.197896,99.052905,4,medium_research_only,SAME_ROLE_ONLY;RESEARCH_ONLY;SAMPLE_TOO_SMALL_LOCAL_11_MATCHES_NOT_PRODUCTION_READY,True,False
MID,16308,Leandro Daniel Paredes,138862,Abderrahmane Kassak,94.520437,7.904422,94.520437,4,medium_research_only,SAME_ROLE_ONLY;RESEARCH_ONLY;SAMPLE_TOO_SMALL_LOCAL_11_MATCHES_NOT_PRODUCTION_READY,True,False
MID,16308,Leandro Daniel Paredes,138872,Oussama Mahrous,98.97449,4.472259,98.97449,4,medium_research_only,SAME_ROLE_ONLY;RESEARCH_ONLY;SAMPLE_TOO_SMALL_LOCAL_11_MATCHES_NOT_PRODUCTION_READY,True,False
MID,16308,Leandro Daniel Paredes,138873,Abdelghafour Lamirat,99.183725,3.271742,99.183725,4,medium_research_only,SAME_ROLE_ONLY;RESEARCH_ONLY;SAMPLE_TOO_SMALL_LOCAL_11_MATCHES_NOT_PRODUCTION_READY,True,False
MID,16308,Leandro Daniel Paredes,138877,Saleh Al Sellami,98.204643,5.731435,98.204643,4,medium_research_only,SAME_ROLE_ONLY;RESEARCH_ONLY;SAMPLE_TOO_SMALL_LOCAL_11_MATCHES_NOT_PRODUCTION_READY,True,False
MID,16308,Leandro Daniel Paredes,138895,Abdelfattah Hadraf,76.155767,19.835746,76.155767,4,medium_research_only,SAME_ROLE_ONLY;RESEARCH_ONLY;SAMPLE_TOO_SMALL_LOCAL_11_MATCHES_NOT_PRODUCTION_READY,True,False
MID,16308,Leandro Daniel Paredes,138898,Ahmed Chentouf,78.171609,23.65174,78.171609,4,medium_research_only,SAME_ROLE_ONLY;RESEARCH_ONLY;SAMPLE_TOO_SMALL_LOCAL_11_MATCHES_NOT_PRODUCTION_READY,True,False
MID,16308,Leandro Daniel Paredes,138983,Zine Eddine Derrag,99.538892,2.613395,99.538892,4,medium_research_only,SAME_ROLE_ONLY;RESEARCH_ONLY;SAMPLE_TOO_SMALL_LOCAL_11_MATCHES_NOT_PRODUCTION_READY,True,False
MID,16308,Leandro Daniel Paredes,139545,Mohammad El Fakih,92.44846,10.099873,92.44846,4,medium_research_only,SAME_ROLE_ONLY;RESEARCH_ONLY;SAMPLE_TOO_SMALL_LOCAL_11_MATCHES_NOT_PRODUCTION_READY,True,False
MID,16308,Leandro Daniel Paredes,139554,Abdoulaye Diarra,99.452119,6.777705,99.452119,4,medium_research_only,SAME_ROLE_ONLY;RESEARCH_ONLY;SAMPLE_TOO_SMALL_LOCAL_11_MATCHES_NOT_PRODUCTION_READY,True,False
MID,16308,Leandro Daniel Paredes,139565,Larbi Naji,99.693058,3.494955,99.693058,4,medium_research_only,SAME_ROLE_ONLY;RESEARCH_ONLY;SAMPLE_TOO_SMALL_LOCAL_11_MATCHES_NOT_PRODUCTION_READY,True,False
MID,16308,Leandro Daniel Paredes,139568,Youssef Zghoudi,99.578271,9.051814,99.578271,4,medium_research_only,SAME_ROLE_ONLY;RESEARCH_ONLY;SAMPLE_TOO_SMALL_LOCAL_11_MATCHES_NOT_PRODUCTION_READY,True,False
MID,16308,Leandro Daniel Paredes,139570,Brahim El Bahraoui,96.923667,14.403909,96.923667,4,medium_research_only,SAME_ROLE_ONLY;RESEARCH_ONLY;SAMPLE_TOO_SMALL_LOCAL_11_MATCHES_NOT_PRODUCTION_READY,True,False
MID,16308,Leandro Daniel Paredes,140871,Khalid Ait Ouarkhane,94.20677,8.224307,94.20677,4,medium_research_only,SAME_ROLE_ONLY;RESEARCH_ONLY;SAMPLE_TOO_SMALL_LOCAL_11_MATCHES_NOT_PRODUCTION_READY,True,False
MID,16308,Leandro Daniel Paredes,140872,Mohamed Rabie Hrimat,97.183966,5.807399,97.183966,4,medium_research_only,SAME_ROLE_ONLY;RESEARCH_ONLY;SAMPLE_TOO_SMALL_LOCAL_11_MATCHES_NOT_PRODUCTION_READY,True,False
MID,16308,Leandro Daniel Paredes,141254,Hamza Afsal,89.281836,10.705917,89.281836,4,medium_research_only,SAME_ROLE_ONLY;RESEARCH_ONLY;SAMPLE_TOO_SMALL_LOCAL_11_MATCHES_NOT_PRODUCTION_READY,True,False
MID,16308,Leandro Daniel Paredes,143166,Zakaria Fati,99.984497,2.226583,99.984497,4,medium_research_only,SAME_ROLE_ONLY;RESEARCH_ONLY;SAMPLE_TOO_SMALL_LOCAL_11_MATCHES_NOT_PRODUCTION_READY,True,False
MID,16308,Leandro Daniel Paredes,143490,Ahmed Hammoudan,95.523188,7.209704,95.523188,4,medium_research_only,SAME_ROLE_ONLY;RESEARCH_ONLY;SAMPLE_TOO_SMALL_LOCAL_11_MATCHES_NOT_PRODUCTION_READY,True,False
MID,16308,Leandro Daniel Paredes,143505,Mohamed Morabit,87.699527,11.751585,87.699527,4,medium_research_only,SAME_ROLE_ONLY;RESEARCH_ONLY;SAMPLE_TOO_SMALL_LOCAL_11_MATCHES_NOT_PRODUCTION_READY,True,False
MID,16308,Leandro Daniel Paredes,144434,Ismail Moutaraji,99.573822,5.634187,99.573822,4,medium_research_only,SAME_ROLE_ONLY;RESEARCH_ONLY;SAMPLE_TOO_SMALL_LOCAL_11_MATCHES_NOT_PRODUCTION_READY,True,False
MID,16308,Leandro Daniel Paredes,144436,Anas Serrhat,98.833095,4.577644,98.833095,4,medium_research_only,SAME_ROLE_ONLY;RESEARCH_ONLY;SAMPLE_TOO_SMALL_LOCAL_11_MATCHES_NOT_PRODUCTION_READY,True,False
MID,16308,Leandro Daniel Paredes,149135,Moses Orkuma,98.383069,4.373055,98.383069,4,medium_research_only,SAME_ROLE_ONLY;RESEARCH_ONLY;SAMPLE_TOO_SMALL_LOCAL_11_MATCHES_NOT_PRODUCTION_READY,True,False
MID,16308,Leandro Daniel Paredes,151743,Mohamed Al Makahasi,99.251015,3.266713,99.251015,4,medium_research_only,SAME_ROLE_ONLY;RESEARCH_ONLY;SAMPLE_TOO_SMALL_LOCAL_11_MATCHES_NOT_PRODUCTION_READY,True,False
MID,16308,Leandro Daniel Paredes,154668,Mamadou Lamine Camara,98.755865,3.838907,98.755865,4,medium_research_only,SAME_ROLE_ONLY;RESEARCH_ONLY;SAMPLE_TOO_SMALL_LOCAL_11_MATCHES_NOT_PRODUCTION_READY,True,False
MID,16308,Leandro Daniel Paredes,161352,Salaheddine Errahouli,92.635825,9.054122,92.635825,4,medium_research_only,SAME_ROLE_ONLY;RESEARCH_ONLY;SAMPLE_TOO_SMALL_LOCAL_11_MATCHES_NOT_PRODUCTION_READY,True,False
MID,16308,Leandro Daniel Paredes,183765,Mohammed Amine Essahel,95.248891,7.367463,95.248891,4,medium_research_only,SAME_ROLE_ONLY;RESEARCH_ONLY;SAMPLE_TOO_SMALL_LOCAL_11_MATCHES_NOT_PRODUCTION_READY,True,False
MID,16308,Leandro Daniel Paredes,194809,Oussama Zemraoui,97.071478,6.020193,97.071478,4,medium_research_only,SAME_ROLE_ONLY;RESEARCH_ONLY;SAMPLE_TOO_SMALL_LOCAL_11_MATCHES_NOT_PRODUCTION_READY,True,False
MID,16308,Leandro Daniel Paredes,194912,Faouzi Abd El Mouttalib,99.806204,3.557885,99.806204,4,medium_research_only,SAME_ROLE_ONLY;RESEARCH_ONLY;SAMPLE_TOO_SMALL_LOCAL_11_MATCHES_NOT_PRODUCTION_READY,True,False
MID,16308,Leandro Daniel Paredes,195016,Mouad Mouchtanim,97.995061,4.916392,97.995061,4,medium_research_only,SAME_ROLE_ONLY;RESEARCH_ONLY;SAMPLE_TOO_SMALL_LOCAL_11_MATCHES_NOT_PRODUCTION_READY,True,False
MID,16308,Leandro Daniel Paredes,199611,Youssef Mehri,95.411689,7.238416,95.411689,4,medium_research_only,SAME_ROLE_ONLY;RESEARCH_ONLY;SAMPLE_TOO_SMALL_LOCAL_11_MATCHES_NOT_PRODUCTION_READY,True,False
MID,16308,Leandro Daniel Paredes,203027,Walid Rhailouf,99.614537,2.331511,99.614537,4,medium_research_only,SAME_ROLE_ONLY;RESEARCH_ONLY;SAMPLE_TOO_SMALL_LOCAL_11_MATCHES_NOT_PRODUCTION_READY,True,False
MID,16308,Leandro Daniel Paredes,225437,Stephane Aziz Ki,96.313285,9.864442,96.313285,4,medium_research_only,SAME_ROLE_ONLY;RESEARCH_ONLY;SAMPLE_TOO_SMALL_LOCAL_11_MATCHES_NOT_PRODUCTION_READY,True,False
MID,16308,Leandro Daniel Paredes,261620,Nadir Lougmani,99.804504,7.291694,99.804504,4,medium_research_only,SAME_ROLE_ONLY;RESEARCH_ONLY;SAMPLE_TOO_SMALL_LOCAL_11_MATCHES_NOT_PRODUCTION_READY,True,False
MID,16308,Leandro Daniel Paredes,275341,Yazid Faffa,97.10617,7.206961,97.10617,4,medium_research_only,SAME_ROLE_ONLY;RESEARCH_ONLY;SAMPLE_TOO_SMALL_LOCAL_11_MATCHES_NOT_PRODUCTION_READY,True,False
MID,16308,Leandro Daniel Paredes,312935,Amine Azri,96.409105,6.43788,96.409105,4,medium_research_only,SAME_ROLE_ONLY;RESEARCH_ONLY;SAMPLE_TOO_SMALL_LOCAL_11_MATCHES_NOT_PRODUCTION_READY,True,False
MID,16308,Leandro Daniel Paredes,313277,Mohamed Chemlal,86.57036,27.317184,86.57036,4,medium_research_only,SAME_ROLE_ONLY;RESEARCH_ONLY;SAMPLE_TOO_SMALL_LOCAL_11_MATCHES_NOT_PRODUCTION_READY,True,False
MID,16308,Leandro Daniel Paredes,313284,Achraf Harmach,99.579935,4.172994,99.579935,4,medium_research_only,SAME_ROLE_ONLY;RESEARCH_ONLY;SAMPLE_TOO_SMALL_LOCAL_11_MATCHES_NOT_PRODUCTION_READY,True,False
MID,16308,Leandro Daniel Paredes,314460,Ayoub Bouaadli,99.833719,1.803071,99.833719,4,medium_research_only,SAME_ROLE_ONLY;RESEARCH_ONLY;SAMPLE_TOO_SMALL_LOCAL_11_MATCHES_NOT_PRODUCTION_READY,True,False
MID,16308,Leandro Daniel Paredes,323979,Zakaria Fatihi,93.984848,9.415011,93.984848,4,medium_research_only,SAME_ROLE_ONLY;RESEARCH_ONLY;SAMPLE_TOO_SMALL_LOCAL_11_MATCHES_NOT_PRODUCTION_READY,True,False
MID,16308,Leandro Daniel Paredes,360838,Zakaria Ami,80.066741,14.051963,80.066741,4,medium_research_only,SAME_ROLE_ONLY;RESEARCH_ONLY;SAMPLE_TOO_SMALL_LOCAL_11_MATCHES_NOT_PRODUCTION_READY,True,False
MID,16308,Leandro Daniel Paredes,380600,Mouad Goulouss,97.985297,9.638002,97.985297,4,medium_research_only,SAME_ROLE_ONLY;RESEARCH_ONLY;SAMPLE_TOO_SMALL_LOCAL_11_MATCHES_NOT_PRODUCTION_READY,True,False
MID,16308,Leandro Daniel Paredes,381935,Ismail Mihrab,94.971682,8.883361,94.971682,4,medium_research_only,SAME_ROLE_ONLY;RESEARCH_ONLY;SAMPLE_TOO_SMALL_LOCAL_11_MATCHES_NOT_PRODUCTION_READY,True,False
MID,16308,Leandro Daniel Paredes,396748,Youssef Laghzal,92.003297,11.726597,92.003297,4,medium_research_only,SAME_ROLE_ONLY;RESEARCH_ONLY;SAMPLE_TOO_SMALL_LOCAL_11_MATCHES_NOT_PRODUCTION_READY,True,False
MID,16308,Leandro Daniel Paredes,405645,Othmane Chraibi,99.675019,5.757703,99.675019,4,medium_research_only,SAME_ROLE_ONLY;RESEARCH_ONLY;SAMPLE_TOO_SMALL_LOCAL_11_MATCHES_NOT_PRODUCTION_READY,True,False
MID,16308,Leandro Daniel Paredes,406269,Danilson Gomes Tavares,96.299569,8.335381,96.299569,4,medium_research_only,SAME_ROLE_ONLY;RESEARCH_ONLY;SAMPLE_TOO_SMALL_LOCAL_11_MATCHES_NOT_PRODUCTION_READY,True,False
MID,16308,Leandro Daniel Paredes,407207,Ennaama El Bellali,99.805534,1.572978,99.805534,4,medium_research_only,SAME_ROLE_ONLY;RESEARCH_ONLY;SAMPLE_TOO_SMALL_LOCAL_11_MATCHES_NOT_PRODUCTION_READY,True,False
MID,16308,Leandro Daniel Paredes,407506,Oussama Nourdine,95.736982,7.049882,95.736982,4,medium_research_only,SAME_ROLE_ONLY;RESEARCH_ONLY;SAMPLE_TOO_SMALL_LOCAL_11_MATCHES_NOT_PRODUCTION_READY,True,False
MID,16308,Leandro Daniel Paredes,407852,Abdessamad Mahir,95.605371,7.133043,95.605371,4,medium_research_only,SAME_ROLE_ONLY;RESEARCH_ONLY;SAMPLE_TOO_SMALL_LOCAL_11_MATCHES_NOT_PRODUCTION_READY,True,False
MID,16308,Leandro Daniel Paredes,415853,Claude Gnolou,97.708435,5.180091,97.708435,4,medium_research_only,SAME_ROLE_ONLY;RESEARCH_ONLY;SAMPLE_TOO_SMALL_LOCAL_11_MATCHES_NOT_PRODUCTION_READY,True,False
MID,16308,Leandro Daniel Paredes,416303,El Mahdi Akoumi,99.566144,7.462081,99.566144,4,medium_research_only,SAME_ROLE_ONLY;RESEARCH_ONLY;SAMPLE_TOO_SMALL_LOCAL_11_MATCHES_NOT_PRODUCTION_READY,True,False
MID,16308,Leandro Daniel Paredes,424979,Soufiane Tazi,99.747671,1.972426,99.747671,4,medium_research_only,SAME_ROLE_ONLY;RESEARCH_ONLY;SAMPLE_TOO_SMALL_LOCAL_11_MATCHES_NOT_PRODUCTION_READY,True,False
MID,16308,Leandro Daniel Paredes,442288,Adnane Berdad,99.171177,4.721493,99.171177,4,medium_research_only,SAME_ROLE_ONLY;RESEARCH_ONLY;SAMPLE_TOO_SMALL_LOCAL_11_MATCHES_NOT_PRODUCTION_READY,True,False
MID,16308,Leandro Daniel Paredes,442292,Abdellatif El Bajjani,99.555397,2.307188,99.555397,4,medium_research_only,SAME_ROLE_ONLY;RESEARCH_ONLY;SAMPLE_TOO_SMALL_LOCAL_11_MATCHES_NOT_PRODUCTION_READY,True,False
MID,16308,Leandro Daniel Paredes,443951,Youness Akharraz,99.216068,6.777719,99.216068,4,medium_research_only,SAME_ROLE_ONLY;RESEARCH_ONLY;SAMPLE_TOO_SMALL_LOCAL_11_MATCHES_NOT_PRODUCTION_READY,True,False
MID,16308,Leandro Daniel Paredes,445163,Ayoub Maamouri,90.495309,12.035107,90.495309,4,medium_research_only,SAME_ROLE_ONLY;RESEARCH_ONLY;SAMPLE_TOO_SMALL_LOCAL_11_MATCHES_NOT_PRODUCTION_READY,True,False
MID,16308,Leandro Daniel Paredes,446355,Ishak Zidani,99.875686,2.238772,99.875686,4,medium_research_only,SAME_ROLE_ONLY;RESEARCH_ONLY;SAMPLE_TOO_SMALL_LOCAL_11_MATCHES_NOT_PRODUCTION_READY,True,False
MID,16308,Leandro Daniel Paredes,449373,Marouane Oujeddou,96.509682,7.504256,96.509682,4,medium_research_only,SAME_ROLE_ONLY;RESEARCH_ONLY;SAMPLE_TOO_SMALL_LOCAL_11_MATCHES_NOT_PRODUCTION_READY,True,False
MID,16308,Leandro Daniel Paredes,449471,Ayman Tarrazi,96.949174,7.437642,96.949174,4,medium_research_only,SAME_ROLE_ONLY;RESEARCH_ONLY;SAMPLE_TOO_SMALL_LOCAL_11_MATCHES_NOT_PRODUCTION_READY,True,False
MID,16308,Leandro Daniel Paredes,450709,Joseph Bakasu       ,99.315255,3.380603,99.315255,4,medium_research_only,SAME_ROLE_ONLY;RESEARCH_ONLY;SAMPLE_TOO_SMALL_LOCAL_11_MATCHES_NOT_PRODUCTION_READY,True,False
MID,16308,Leandro Daniel Paredes,460266,Youness Dahmani,74.589232,15.15743,74.589232,4,medium_research_only,SAME_ROLE_ONLY;RESEARCH_ONLY;SAMPLE_TOO_SMALL_LOCAL_11_MATCHES_NOT_PRODUCTION_READY,True,False
MID,16308,Leandro Daniel Paredes,477679,Redouane Oubidar,93.167819,8.915004,93.167819,4,medium_research_only,SAME_ROLE_ONLY;RESEARCH_ONLY;SAMPLE_TOO_SMALL_LOCAL_11_MATCHES_NOT_PRODUCTION_READY,True,False
MID,16308,Leandro Daniel Paredes,477680,Hamza Saoud,99.292338,5.736976,99.292338,4,medium_research_only,SAME_ROLE_ONLY;RESEARCH_ONLY;SAMPLE_TOO_SMALL_LOCAL_11_MATCHES_NOT_PRODUCTION_READY,True,False
MID,16308,Leandro Daniel Paredes,477682,Ayoub Benaadi,96.009244,6.885072,96.009244,4,medium_research_only,SAME_ROLE_ONLY;RESEARCH_ONLY;SAMPLE_TOO_SMALL_LOCAL_11_MATCHES_NOT_PRODUCTION_READY,True,False
MID,16308,Leandro Daniel Paredes,477688,Ayoub El Khaffi,99.239514,7.949115,99.239514,4,medium_research_only,SAME_ROLE_ONLY;RESEARCH_ONLY;SAMPLE_TOO_SMALL_LOCAL_11_MATCHES_NOT_PRODUCTION_READY,True,False
MID,16308,Leandro Daniel Paredes,523298,Mohamed Ahayaoui,98.122979,5.233577,98.122979,4,medium_research_only,SAME_ROLE_ONLY;RESEARCH_ONLY;SAMPLE_TOO_SMALL_LOCAL_11_MATCHES_NOT_PRODUCTION_READY,True,False
MID,16308,Leandro Daniel Paredes,523308,Adil Khalloufi,97.078155,6.035647,97.078155,4,medium_research_only,SAME_ROLE_ONLY;RESEARCH_ONLY;SAMPLE_TOO_SMALL_LOCAL_11_MATCHES_NOT_PRODUCTION_READY,True,False
MID,16308,Leandro Daniel Paredes,523312,Brahim Mansouri,90.334379,10.343918,90.334379,4,medium_research_only,SAME_ROLE_ONLY;RESEARCH_ONLY;SAMPLE_TOO_SMALL_LOCAL_11_MATCHES_NOT_PRODUCTION_READY,True,False
MID,16308,Leandro Daniel Paredes,523319,Omar Ouddah,95.387008,8.161408,95.387008,4,medium_research_only,SAME_ROLE_ONLY;RESEARCH_ONLY;SAMPLE_TOO_SMALL_LOCAL_11_MATCHES_NOT_PRODUCTION_READY,True,False
MID,16308,Leandro Daniel Paredes,523973,Hamza Rafa,99.446385,2.620527,99.446385,4,medium_research_only,SAME_ROLE_ONLY;RESEARCH_ONLY;SAMPLE_TOO_SMALL_LOCAL_11_MATCHES_NOT_PRODUCTION_READY,True,False
MID,16308,Leandro Daniel Paredes,523996,Fred Duval Ngoma,99.380439,2.749866,99.380439,4,medium_research_only,SAME_ROLE_ONLY;RESEARCH_ONLY;SAMPLE_TOO_SMALL_LOCAL_11_MATCHES_NOT_PRODUCTION_READY,True,False
MID,16308,Leandro Daniel Paredes,523997,Karim L'Koucha,98.660171,7.906936,98.660171,4,medium_research_only,SAME_ROLE_ONLY;RESEARCH_ONLY;SAMPLE_TOO_SMALL_LOCAL_11_MATCHES_NOT_PRODUCTION_READY,True,False
MID,16308,Leandro Daniel Paredes,523999,Zakaria Kessary,99.746539,1.790953,99.746539,4,medium_research_only,SAME_ROLE_ONLY;RESEARCH_ONLY;SAMPLE_TOO_SMALL_LOCAL_11_MATCHES_NOT_PRODUCTION_READY,True,False
MID,16308,Leandro Daniel Paredes,524000,Ahmed Aboulfath,88.887273,11.053054,88.887273,4,medium_research_only,SAME_ROLE_ONLY;RESEARCH_ONLY;SAMPLE_TOO_SMALL_LOCAL_11_MATCHES_NOT_PRODUCTION_READY,True,False
MID,16308,Leandro Daniel Paredes,524002,Salim Ghazzani,89.464491,14.555413,89.464491,4,medium_research_only,SAME_ROLE_ONLY;RESEARCH_ONLY;SAMPLE_TOO_SMALL_LOCAL_11_MATCHES_NOT_PRODUCTION_READY,True,False
MID,16308,Leandro Daniel Paredes,524003,Mohammed Es-Sahel,95.471911,7.409287,95.471911,4,medium_research_only,SAME_ROLE_ONLY;RESEARCH_ONLY;SAMPLE_TOO_SMALL_LOCAL_11_MATCHES_NOT_PRODUCTION_READY,True,False
MID,16308,Leandro Daniel Paredes,524511,Saad Nassik,99.219264,3.99227,99.219264,4,medium_research_only,SAME_ROLE_ONLY;RESEARCH_ONLY;SAMPLE_TOO_SMALL_LOCAL_11_MATCHES_NOT_PRODUCTION_READY,True,False
MID,21648,Anas Tahiri,27277,Jhon Adolfo Arias Andrade,98.056433,8.632373,98.056433,4,medium_research_only,SAME_ROLE_ONLY;RESEARCH_ONLY;SAMPLE_TOO_SMALL_LOCAL_11_MATCHES_NOT_PRODUCTION_READY,True,False
MID,21648,Anas Tahiri,27886,Alexis Mac Allister,99.592378,7.438814,99.592378,4,medium_research_only,SAME_ROLE_ONLY;RESEARCH_ONLY;SAMPLE_TOO_SMALL_LOCAL_11_MATCHES_NOT_PRODUCTION_READY,True,False
MID,21648,Anas Tahiri,30155,Bilal Ould-Chikh,96.288156,12.393907,96.288156,4,medium_research_only,SAME_ROLE_ONLY;RESEARCH_ONLY;SAMPLE_TOO_SMALL_LOCAL_11_MATCHES_NOT_PRODUCTION_READY,True,False
MID,21648,Anas Tahiri,38718,Enzo Fernandez,97.498777,9.542802,97.498777,4,medium_research_only,SAME_ROLE_ONLY;RESEARCH_ONLY;SAMPLE_TOO_SMALL_LOCAL_11_MATCHES_NOT_PRODUCTION_READY,True,False
MID,21648,Anas Tahiri,46646,José Dembi,98.930659,3.292176,98.930659,4,medium_research_only,SAME_ROLE_ONLY;RESEARCH_ONLY;SAMPLE_TOO_SMALL_LOCAL_11_MATCHES_NOT_PRODUCTION_READY,True,False
MID,21648,Anas Tahiri,49000,Amine Oudrhiri Idrissi,97.666202,5.149265,97.666202,4,medium_research_only,SAME_ROLE_ONLY;RESEARCH_ONLY;SAMPLE_TOO_SMALL_LOCAL_11_MATCHES_NOT_PRODUCTION_READY,True,False
MID,21648,Anas Tahiri,49395,Richard Rios Montoya,98.304184,8.043822,98.304184,4,medium_research_only,SAME_ROLE_ONLY;RESEARCH_ONLY;SAMPLE_TOO_SMALL_LOCAL_11_MATCHES_NOT_PRODUCTION_READY,True,False
MID,21648,Anas Tahiri,60138,Kevin Duvan Castaño Gil,87.421025,88.854729,87.421025,4,medium_research_only,SAME_ROLE_ONLY;RESEARCH_ONLY;SAMPLE_TOO_SMALL_LOCAL_11_MATCHES_NOT_PRODUCTION_READY,True,False
MID,21648,Anas Tahiri,134249,Adam Ennaffati,89.240578,7.730262,89.240578,4,medium_research_only,SAME_ROLE_ONLY;RESEARCH_ONLY;SAMPLE_TOO_SMALL_LOCAL_11_MATCHES_NOT_PRODUCTION_READY,True,False
MID,21648,Anas Tahiri,135202,Walid Sabbar,96.528109,4.683792,96.528109,4,medium_research_only,SAME_ROLE_ONLY;RESEARCH_ONLY;SAMPLE_TOO_SMALL_LOCAL_11_MATCHES_NOT_PRODUCTION_READY,True,False
MID,21648,Anas Tahiri,138827,Achraf El Idrissi,98.860967,3.144261,98.860967,4,medium_research_only,SAME_ROLE_ONLY;RESEARCH_ONLY;SAMPLE_TOO_SMALL_LOCAL_11_MATCHES_NOT_PRODUCTION_READY,True,False
MID,21648,Anas Tahiri,138845,Mohsine Moutouali,90.622941,9.850373,90.622941,4,medium_research_only,SAME_ROLE_ONLY;RESEARCH_ONLY;SAMPLE_TOO_SMALL_LOCAL_11_MATCHES_NOT_PRODUCTION_READY,True,False
MID,21648,Anas Tahiri,138853,Abdellah Farah,68.182094,11.670075,68.182094,4,medium_research_only,SAME_ROLE_ONLY;RESEARCH_ONLY;SAMPLE_TOO_SMALL_LOCAL_11_MATCHES_NOT_PRODUCTION_READY,True,False
MID,21648,Anas Tahiri,138860,Youssef Michte,97.27517,4.904286,97.27517,4,medium_research_only,SAME_ROLE_ONLY;RESEARCH_ONLY;SAMPLE_TOO_SMALL_LOCAL_11_MATCHES_NOT_PRODUCTION_READY,True,False
MID,21648,Anas Tahiri,138862,Abderrahmane Kassak,95.55792,7.062573,95.55792,4,medium_research_only,SAME_ROLE_ONLY;RESEARCH_ONLY;SAMPLE_TOO_SMALL_LOCAL_11_MATCHES_NOT_PRODUCTION_READY,True,False
MID,21648,Anas Tahiri,138872,Oussama Mahrous,97.847066,4.296891,97.847066,4,medium_research_only,SAME_ROLE_ONLY;RESEARCH_ONLY;SAMPLE_TOO_SMALL_LOCAL_11_MATCHES_NOT_PRODUCTION_READY,True,False
MID,21648,Anas Tahiri,138873,Abdelghafour Lamirat,97.505735,7.433201,97.505735,4,medium_research_only,SAME_ROLE_ONLY;RESEARCH_ONLY;SAMPLE_TOO_SMALL_LOCAL_11_MATCHES_NOT_PRODUCTION_READY,True,False
MID,21648,Anas Tahiri,138877,Saleh Al Sellami,97.276365,4.321128,97.276365,4,medium_research_only,SAME_ROLE_ONLY;RESEARCH_ONLY;SAMPLE_TOO_SMALL_LOCAL_11_MATCHES_NOT_PRODUCTION_READY,True,False
MID,21648,Anas Tahiri,138895,Abdelfattah Hadraf,71.834522,20.236095,71.834522,4,medium_research_only,SAME_ROLE_ONLY;RESEARCH_ONLY;SAMPLE_TOO_SMALL_LOCAL_11_MATCHES_NOT_PRODUCTION_READY,True,False
MID,21648,Anas Tahiri,138898,Ahmed Chentouf,72.982754,25.40815,72.982754,4,medium_research_only,SAME_ROLE_ONLY;RESEARCH_ONLY;SAMPLE_TOO_SMALL_LOCAL_11_MATCHES_NOT_PRODUCTION_READY,True,False
MID,21648,Anas Tahiri,138983,Zine Eddine Derrag,98.638691,6.973107,98.638691,4,medium_research_only,SAME_ROLE_ONLY;RESEARCH_ONLY;SAMPLE_TOO_SMALL_LOCAL_11_MATCHES_NOT_PRODUCTION_READY,True,False
MID,21648,Anas Tahiri,139545,Mohammad El Fakih,93.627871,10.222028,93.627871,4,medium_research_only,SAME_ROLE_ONLY;RESEARCH_ONLY;SAMPLE_TOO_SMALL_LOCAL_11_MATCHES_NOT_PRODUCTION_READY,True,False
MID,21648,Anas Tahiri,139554,Abdoulaye Diarra,98.161264,3.436617,98.161264,4,medium_research_only,SAME_ROLE_ONLY;RESEARCH_ONLY;SAMPLE_TOO_SMALL_LOCAL_11_MATCHES_NOT_PRODUCTION_READY,True,False
MID,21648,Anas Tahiri,139565,Larbi Naji,99.137831,3.171586,99.137831,4,medium_research_only,SAME_ROLE_ONLY;RESEARCH_ONLY;SAMPLE_TOO_SMALL_LOCAL_11_MATCHES_NOT_PRODUCTION_READY,True,False
MID,21648,Anas Tahiri,139568,Youssef Zghoudi,98.329266,4.68054,98.329266,4,medium_research_only,SAME_ROLE_ONLY;RESEARCH_ONLY;SAMPLE_TOO_SMALL_LOCAL_11_MATCHES_NOT_PRODUCTION_READY,True,False
MID,21648,Anas Tahiri,139570,Brahim El Bahraoui,96.272729,9.441188,96.272729,4,medium_research_only,SAME_ROLE_ONLY;RESEARCH_ONLY;SAMPLE_TOO_SMALL_LOCAL_11_MATCHES_NOT_PRODUCTION_READY,True,False
MID,21648,Anas Tahiri,140871,Khalid Ait Ouarkhane,94.38702,6.338153,94.38702,4,medium_research_only,SAME_ROLE_ONLY;RESEARCH_ONLY;SAMPLE_TOO_SMALL_LOCAL_11_MATCHES_NOT_PRODUCTION_READY,True,False
MID,21648,Anas Tahiri,140872,Mohamed Rabie Hrimat,97.488598,6.842706,97.488598,4,medium_research_only,SAME_ROLE_ONLY;RESEARCH_ONLY;SAMPLE_TOO_SMALL_LOCAL_11_MATCHES_NOT_PRODUCTION_READY,True,False
MID,21648,Anas Tahiri,141254,Hamza Afsal,86.427785,9.456896,86.427785,4,medium_research_only,SAME_ROLE_ONLY;RESEARCH_ONLY;SAMPLE_TOO_SMALL_LOCAL_11_MATCHES_NOT_PRODUCTION_READY,True,False
MID,21648,Anas Tahiri,143166,Zakaria Fati,99.518152,3.417368,99.518152,4,medium_research_only,SAME_ROLE_ONLY;RESEARCH_ONLY;SAMPLE_TOO_SMALL_LOCAL_11_MATCHES_NOT_PRODUCTION_READY,True,False
MID,21648,Anas Tahiri,143490,Ahmed Hammoudan,95.347685,6.372574,95.347685,4,medium_research_only,SAME_ROLE_ONLY;RESEARCH_ONLY;SAMPLE_TOO_SMALL_LOCAL_11_MATCHES_NOT_PRODUCTION_READY,True,False
MID,21648,Anas Tahiri,143505,Mohamed Morabit,87.265544,10.699741,87.265544,4,medium_research_only,SAME_ROLE_ONLY;RESEARCH_ONLY;SAMPLE_TOO_SMALL_LOCAL_11_MATCHES_NOT_PRODUCTION_READY,True,False
MID,21648,Anas Tahiri,144434,Ismail Moutaraji,98.446655,10.866373,98.446655,4,medium_research_only,SAME_ROLE_ONLY;RESEARCH_ONLY;SAMPLE_TOO_SMALL_LOCAL_11_MATCHES_NOT_PRODUCTION_READY,True,False
MID,21648,Anas Tahiri,144436,Anas Serrhat,97.811848,8.625997,97.811848,4,medium_research_only,SAME_ROLE_ONLY;RESEARCH_ONLY;SAMPLE_TOO_SMALL_LOCAL_11_MATCHES_NOT_PRODUCTION_READY,True,False
MID,21648,Anas Tahiri,149135,Moses Orkuma,96.183626,6.94914,96.183626,4,medium_research_only,SAME_ROLE_ONLY;RESEARCH_ONLY;SAMPLE_TOO_SMALL_LOCAL_11_MATCHES_NOT_PRODUCTION_READY,True,False
MID,21648,Anas Tahiri,151743,Mohamed Al Makahasi,98.520549,4.823864,98.520549,4,medium_research_only,SAME_ROLE_ONLY;RESEARCH_ONLY;SAMPLE_TOO_SMALL_LOCAL_11_MATCHES_NOT_PRODUCTION_READY,True,False
MID,21648,Anas Tahiri,154668,Mamadou Lamine Camara,97.749359,6.461872,97.749359,4,medium_research_only,SAME_ROLE_ONLY;RESEARCH_ONLY;SAMPLE_TOO_SMALL_LOCAL_11_MATCHES_NOT_PRODUCTION_READY,True,False
MID,21648,Anas Tahiri,161352,Salaheddine Errahouli,93.040837,7.211296,93.040837,4,medium_research_only,SAME_ROLE_ONLY;RESEARCH_ONLY;SAMPLE_TOO_SMALL_LOCAL_11_MATCHES_NOT_PRODUCTION_READY,True,False
MID,21648,Anas Tahiri,183765,Mohammed Amine Essahel,92.719188,7.994412,92.719188,4,medium_research_only,SAME_ROLE_ONLY;RESEARCH_ONLY;SAMPLE_TOO_SMALL_LOCAL_11_MATCHES_NOT_PRODUCTION_READY,True,False
MID,21648,Anas Tahiri,194809,Oussama Zemraoui,97.385395,7.294193,97.385395,4,medium_research_only,SAME_ROLE_ONLY;RESEARCH_ONLY;SAMPLE_TOO_SMALL_LOCAL_11_MATCHES_NOT_PRODUCTION_READY,True,False
MID,21648,Anas Tahiri,194912,Faouzi Abd El Mouttalib,99.152316,2.98376,99.152316,4,medium_research_only,SAME_ROLE_ONLY;RESEARCH_ONLY;SAMPLE_TOO_SMALL_LOCAL_11_MATCHES_NOT_PRODUCTION_READY,True,False
MID,21648,Anas Tahiri,195016,Mouad Mouchtanim,96.260254,7.649215,96.260254,4,medium_research_only,SAME_ROLE_ONLY;RESEARCH_ONLY;SAMPLE_TOO_SMALL_LOCAL_11_MATCHES_NOT_PRODUCTION_READY,True,False
MID,21648,Anas Tahiri,199611,Youssef Mehri,95.971578,6.512618,95.971578,4,medium_research_only,SAME_ROLE_ONLY;RESEARCH_ONLY;SAMPLE_TOO_SMALL_LOCAL_11_MATCHES_NOT_PRODUCTION_READY,True,False
MID,21648,Anas Tahiri,203027,Walid Rhailouf,99.411283,6.25333,99.411283,4,medium_research_only,SAME_ROLE_ONLY;RESEARCH_ONLY;SAMPLE_TOO_SMALL_LOCAL_11_MATCHES_NOT_PRODUCTION_READY,True,False
MID,21648,Anas Tahiri,225437,Stephane Aziz Ki,96.309228,5.371984,96.309228,4,medium_research_only,SAME_ROLE_ONLY;RESEARCH_ONLY;SAMPLE_TOO_SMALL_LOCAL_11_MATCHES_NOT_PRODUCTION_READY,True,False
MID,21648,Anas Tahiri,261620,Nadir Lougmani,99.574006,2.602906,99.574006,4,medium_research_only,SAME_ROLE_ONLY;RESEARCH_ONLY;SAMPLE_TOO_SMALL_LOCAL_11_MATCHES_NOT_PRODUCTION_READY,True,False
MID,21648,Anas Tahiri,275341,Yazid Faffa,95.193008,5.327833,95.193008,4,medium_research_only,SAME_ROLE_ONLY;RESEARCH_ONLY;SAMPLE_TOO_SMALL_LOCAL_11_MATCHES_NOT_PRODUCTION_READY,True,False
MID,21648,Anas Tahiri,312935,Amine Azri,94.133965,7.867822,94.133965,4,medium_research_only,SAME_ROLE_ONLY;RESEARCH_ONLY;SAMPLE_TOO_SMALL_LOCAL_11_MATCHES_NOT_PRODUCTION_READY,True,False
MID,21648,Anas Tahiri,313277,Mohamed Chemlal,88.244008,29.008997,88.244008,4,medium_research_only,SAME_ROLE_ONLY;RESEARCH_ONLY;SAMPLE_TOO_SMALL_LOCAL_11_MATCHES_NOT_PRODUCTION_READY,True,False
MID,21648,Anas Tahiri,313284,Achraf Harmach,98.240323,3.692816,98.240323,4,medium_research_only,SAME_ROLE_ONLY;RESEARCH_ONLY;SAMPLE_TOO_SMALL_LOCAL_11_MATCHES_NOT_PRODUCTION_READY,True,False
MID,21648,Anas Tahiri,314460,Ayoub Bouaadli,99.054972,4.725775,99.054972,4,medium_research_only,SAME_ROLE_ONLY;RESEARCH_ONLY;SAMPLE_TOO_SMALL_LOCAL_11_MATCHES_NOT_PRODUCTION_READY,True,False
MID,21648,Anas Tahiri,323979,Zakaria Fatihi,92.711086,11.295071,92.711086,4,medium_research_only,SAME_ROLE_ONLY;RESEARCH_ONLY;SAMPLE_TOO_SMALL_LOCAL_11_MATCHES_NOT_PRODUCTION_READY,True,False
MID,21648,Anas Tahiri,360838,Zakaria Ami,77.282732,10.340117,77.282732,4,medium_research_only,SAME_ROLE_ONLY;RESEARCH_ONLY;SAMPLE_TOO_SMALL_LOCAL_11_MATCHES_NOT_PRODUCTION_READY,True,False
MID,21648,Anas Tahiri,380600,Mouad Goulouss,96.642586,5.430036,96.642586,4,medium_research_only,SAME_ROLE_ONLY;RESEARCH_ONLY;SAMPLE_TOO_SMALL_LOCAL_11_MATCHES_NOT_PRODUCTION_READY,True,False
MID,21648,Anas Tahiri,381935,Ismail Mihrab,92.344308,6.539231,92.344308,4,medium_research_only,SAME_ROLE_ONLY;RESEARCH_ONLY;SAMPLE_TOO_SMALL_LOCAL_11_MATCHES_NOT_PRODUCTION_READY,True,False
MID,21648,Anas Tahiri,396748,Youssef Laghzal,88.178043,8.132795,88.178043,4,medium_research_only,SAME_ROLE_ONLY;RESEARCH_ONLY;SAMPLE_TOO_SMALL_LOCAL_11_MATCHES_NOT_PRODUCTION_READY,True,False
MID,21648,Anas Tahiri,405645,Othmane Chraibi,99.0896,10.812641,99.0896,4,medium_research_only,SAME_ROLE_ONLY;RESEARCH_ONLY;SAMPLE_TOO_SMALL_LOCAL_11_MATCHES_NOT_PRODUCTION_READY,True,False
MID,21648,Anas Tahiri,406269,Danilson Gomes Tavares,94.114539,5.770669,94.114539,4,medium_research_only,SAME_ROLE_ONLY;RESEARCH_ONLY;SAMPLE_TOO_SMALL_LOCAL_11_MATCHES_NOT_PRODUCTION_READY,True,False
MID,21648,Anas Tahiri,407207,Ennaama El Bellali,98.719378,5.617905,98.719378,4,medium_research_only,SAME_ROLE_ONLY;RESEARCH_ONLY;SAMPLE_TOO_SMALL_LOCAL_11_MATCHES_NOT_PRODUCTION_READY,True,False
MID,21648,Anas Tahiri,407506,Oussama Nourdine,92.613366,8.989971,92.613366,4,medium_research_only,SAME_ROLE_ONLY;RESEARCH_ONLY;SAMPLE_TOO_SMALL_LOCAL_11_MATCHES_NOT_PRODUCTION_READY,True,False
MID,21648,Anas Tahiri,407852,Abdessamad Mahir,92.71977,7.815868,92.71977,4,medium_research_only,SAME_ROLE_ONLY;RESEARCH_ONLY;SAMPLE_TOO_SMALL_LOCAL_11_MATCHES_NOT_PRODUCTION_READY,True,False
MID,21648,Anas Tahiri,415853,Claude Gnolou,95.380608,7.584456,95.380608,4,medium_research_only,SAME_ROLE_ONLY;RESEARCH_ONLY;SAMPLE_TOO_SMALL_LOCAL_11_MATCHES_NOT_PRODUCTION_READY,True,False
MID,21648,Anas Tahiri,416303,El Mahdi Akoumi,98.387959,3.586687,98.387959,4,medium_research_only,SAME_ROLE_ONLY;RESEARCH_ONLY;SAMPLE_TOO_SMALL_LOCAL_11_MATCHES_NOT_PRODUCTION_READY,True,False
MID,21648,Anas Tahiri,424979,Soufiane Tazi,99.187913,6.472096,99.187913,4,medium_research_only,SAME_ROLE_ONLY;RESEARCH_ONLY;SAMPLE_TOO_SMALL_LOCAL_11_MATCHES_NOT_PRODUCTION_READY,True,False
MID,21648,Anas Tahiri,442288,Adnane Berdad,97.571393,4.188938,97.571393,4,medium_research_only,SAME_ROLE_ONLY;RESEARCH_ONLY;SAMPLE_TOO_SMALL_LOCAL_11_MATCHES_NOT_PRODUCTION_READY,True,False
MID,21648,Anas Tahiri,442292,Abdellatif El Bajjani,99.008275,5.528164,99.008275,4,medium_research_only,SAME_ROLE_ONLY;RESEARCH_ONLY;SAMPLE_TOO_SMALL_LOCAL_11_MATCHES_NOT_PRODUCTION_READY,True,False
MID,21648,Anas Tahiri,443951,Youness Akharraz,98.226951,3.345875,98.226951,4,medium_research_only,SAME_ROLE_ONLY;RESEARCH_ONLY;SAMPLE_TOO_SMALL_LOCAL_11_MATCHES_NOT_PRODUCTION_READY,True,False
MID,21648,Anas Tahiri,445163,Ayoub Maamouri,89.905181,7.721432,89.905181,4,medium_research_only,SAME_ROLE_ONLY;RESEARCH_ONLY;SAMPLE_TOO_SMALL_LOCAL_11_MATCHES_NOT_PRODUCTION_READY,True,False
MID,21648,Anas Tahiri,446355,Ishak Zidani,99.401823,3.771456,99.401823,4,medium_research_only,SAME_ROLE_ONLY;RESEARCH_ONLY;SAMPLE_TOO_SMALL_LOCAL_11_MATCHES_NOT_PRODUCTION_READY,True,False
MID,21648,Anas Tahiri,449373,Marouane Oujeddou,96.519667,4.545534,96.519667,4,medium_research_only,SAME_ROLE_ONLY;RESEARCH_ONLY;SAMPLE_TOO_SMALL_LOCAL_11_MATCHES_NOT_PRODUCTION_READY,True,False
MID,21648,Anas Tahiri,449471,Ayman Tarrazi,94.286847,5.764544,94.286847,4,medium_research_only,SAME_ROLE_ONLY;RESEARCH_ONLY;SAMPLE_TOO_SMALL_LOCAL_11_MATCHES_NOT_PRODUCTION_READY,True,False
MID,21648,Anas Tahiri,450709,Joseph Bakasu       ,98.103378,4.806357,98.103378,4,medium_research_only,SAME_ROLE_ONLY;RESEARCH_ONLY;SAMPLE_TOO_SMALL_LOCAL_11_MATCHES_NOT_PRODUCTION_READY,True,False
MID,21648,Anas Tahiri,460266,Youness Dahmani,70.765234,11.282089,70.765234,4,medium_research_only,SAME_ROLE_ONLY;RESEARCH_ONLY;SAMPLE_TOO_SMALL_LOCAL_11_MATCHES_NOT_PRODUCTION_READY,True,False
MID,21648,Anas Tahiri,477679,Redouane Oubidar,89.675871,10.245229,89.675871,4,medium_research_only,SAME_ROLE_ONLY;RESEARCH_ONLY;SAMPLE_TOO_SMALL_LOCAL_11_MATCHES_NOT_PRODUCTION_READY,True,False
MID,21648,Anas Tahiri,477680,Hamza Saoud,98.907756,10.329915,98.907756,4,medium_research_only,SAME_ROLE_ONLY;RESEARCH_ONLY;SAMPLE_TOO_SMALL_LOCAL_11_MATCHES_NOT_PRODUCTION_READY,True,False
MID,21648,Anas Tahiri,477682,Ayoub Benaadi,96.641606,5.475188,96.641606,4,medium_research_only,SAME_ROLE_ONLY;RESEARCH_ONLY;SAMPLE_TOO_SMALL_LOCAL_11_MATCHES_NOT_PRODUCTION_READY,True,False
MID,21648,Anas Tahiri,477688,Ayoub El Khaffi,97.688951,13.223712,97.688951,4,medium_research_only,SAME_ROLE_ONLY;RESEARCH_ONLY;SAMPLE_TOO_SMALL_LOCAL_11_MATCHES_NOT_PRODUCTION_READY,True,False
MID,21648,Anas Tahiri,523298,Mohamed Ahayaoui,96.076468,9.021204,96.076468,4,medium_research_only,SAME_ROLE_ONLY;RESEARCH_ONLY;SAMPLE_TOO_SMALL_LOCAL_11_MATCHES_NOT_PRODUCTION_READY,True,False
MID,21648,Anas Tahiri,523308,Adil Khalloufi,94.665936,8.838099,94.665936,4,medium_research_only,SAME_ROLE_ONLY;RESEARCH_ONLY;SAMPLE_TOO_SMALL_LOCAL_11_MATCHES_NOT_PRODUCTION_READY,True,False
MID,21648,Anas Tahiri,523312,Brahim Mansouri,90.848477,8.969559,90.848477,4,medium_research_only,SAME_ROLE_ONLY;RESEARCH_ONLY;SAMPLE_TOO_SMALL_LOCAL_11_MATCHES_NOT_PRODUCTION_READY,True,False
MID,21648,Anas Tahiri,523319,Omar Ouddah,92.151364,11.238717,92.151364,4,medium_research_only,SAME_ROLE_ONLY;RESEARCH_ONLY;SAMPLE_TOO_SMALL_LOCAL_11_MATCHES_NOT_PRODUCTION_READY,True,False
MID,21648,Anas Tahiri,523973,Hamza Rafa,98.547523,5.518636,98.547523,4,medium_research_only,SAME_ROLE_ONLY;RESEARCH_ONLY;SAMPLE_TOO_SMALL_LOCAL_11_MATCHES_NOT_PRODUCTION_READY,True,False
MID,21648,Anas Tahiri,523996,Fred Duval Ngoma,98.216228,5.811651,98.216228,4,medium_research_only,SAME_ROLE_ONLY;RESEARCH_ONLY;SAMPLE_TOO_SMALL_LOCAL_11_MATCHES_NOT_PRODUCTION_READY,True,False
MID,21648,Anas Tahiri,523997,Karim L'Koucha,96.62797,4.652101,96.62797,4,medium_research_only,SAME_ROLE_ONLY;RESEARCH_ONLY;SAMPLE_TOO_SMALL_LOCAL_11_MATCHES_NOT_PRODUCTION_READY,True,False
MID,21648,Anas Tahiri,523999,Zakaria Kessary,99.737461,5.583471,99.737461,4,medium_research_only,SAME_ROLE_ONLY;RESEARCH_ONLY;SAMPLE_TOO_SMALL_LOCAL_11_MATCHES_NOT_PRODUCTION_READY,True,False
MID,21648,Anas Tahiri,524000,Ahmed Aboulfath,87.746251,8.337715,87.746251,4,medium_research_only,SAME_ROLE_ONLY;RESEARCH_ONLY;SAMPLE_TOO_SMALL_LOCAL_11_MATCHES_NOT_PRODUCTION_READY,True,False
MID,21648,Anas Tahiri,524002,Salim Ghazzani,89.761448,15.723942,89.761448,4,medium_research_only,SAME_ROLE_ONLY;RESEARCH_ONLY;SAMPLE_TOO_SMALL_LOCAL_11_MATCHES_NOT_PRODUCTION_READY,True,False
MID,21648,Anas Tahiri,524003,Mohammed Es-Sahel,92.255123,7.473775,92.255123,4,medium_research_only,SAME_ROLE_ONLY;RESEARCH_ONLY;SAMPLE_TOO_SMALL_LOCAL_11_MATCHES_NOT_PRODUCTION_READY,True,False
MID,21648,Anas Tahiri,524511,Saad Nassik,97.558225,4.698009,97.558225,4,medium_research_only,SAME_ROLE_ONLY;RESEARCH_ONLY;SAMPLE_TOO_SMALL_LOCAL_11_MATCHES_NOT_PRODUCTION_READY,True,False
MID,27277,Jhon Adolfo Arias Andrade,27886,Alexis Mac Allister,99.126201,3.671742,99.126201,4,medium_research_only,SAME_ROLE_ONLY;RESEARCH_ONLY;SAMPLE_TOO_SMALL_LOCAL_11_MATCHES_NOT_PRODUCTION_READY,True,False
MID,27277,Jhon Adolfo Arias Andrade,30155,Bilal Ould-Chikh,93.137784,11.550359,93.137784,4,medium_research_only,SAME_ROLE_ONLY;RESEARCH_ONLY;SAMPLE_TOO_SMALL_LOCAL_11_MATCHES_NOT_PRODUCTION_READY,True,False
MID,27277,Jhon Adolfo Arias Andrade,38718,Enzo Fernandez,99.882015,1.528897,99.882015,4,medium_research_only,SAME_ROLE_ONLY;RESEARCH_ONLY;SAMPLE_TOO_SMALL_LOCAL_11_MATCHES_NOT_PRODUCTION_READY,True,False
MID,27277,Jhon Adolfo Arias Andrade,46646,José Dembi,99.422744,10.068947,99.422744,4,medium_research_only,SAME_ROLE_ONLY;RESEARCH_ONLY;SAMPLE_TOO_SMALL_LOCAL_11_MATCHES_NOT_PRODUCTION_READY,True,False
MID,27277,Jhon Adolfo Arias Andrade,49000,Amine Oudrhiri Idrissi,99.212667,5.417705,99.212667,4,medium_research_only,SAME_ROLE_ONLY;RESEARCH_ONLY;SAMPLE_TOO_SMALL_LOCAL_11_MATCHES_NOT_PRODUCTION_READY,True,False
MID,27277,Jhon Adolfo Arias Andrade,49395,Richard Rios Montoya,98.730722,4.416047,98.730722,4,medium_research_only,SAME_ROLE_ONLY;RESEARCH_ONLY;SAMPLE_TOO_SMALL_LOCAL_11_MATCHES_NOT_PRODUCTION_READY,True,False
MID,27277,Jhon Adolfo Arias Andrade,60138,Kevin Duvan Castaño Gil,86.630267,84.283379,86.630267,4,medium_research_only,SAME_ROLE_ONLY;RESEARCH_ONLY;SAMPLE_TOO_SMALL_LOCAL_11_MATCHES_NOT_PRODUCTION_READY,True,False
MID,27277,Jhon Adolfo Arias Andrade,134249,Adam Ennaffati,84.121825,14.617812,84.121825,4,medium_research_only,SAME_ROLE_ONLY;RESEARCH_ONLY;SAMPLE_TOO_SMALL_LOCAL_11_MATCHES_NOT_PRODUCTION_READY,True,False
MID,27277,Jhon Adolfo Arias Andrade,135202,Walid Sabbar,94.985759,9.955671,94.985759,4,medium_research_only,SAME_ROLE_ONLY;RESEARCH_ONLY;SAMPLE_TOO_SMALL_LOCAL_11_MATCHES_NOT_PRODUCTION_READY,True,False
MID,27277,Jhon Adolfo Arias Andrade,138827,Achraf El Idrissi,99.395974,6.50321,99.395974,4,medium_research_only,SAME_ROLE_ONLY;RESEARCH_ONLY;SAMPLE_TOO_SMALL_LOCAL_11_MATCHES_NOT_PRODUCTION_READY,True,False
MID,27277,Jhon Adolfo Arias Andrade,138845,Mohsine Moutouali,87.826373,13.026096,87.826373,4,medium_research_only,SAME_ROLE_ONLY;RESEARCH_ONLY;SAMPLE_TOO_SMALL_LOCAL_11_MATCHES_NOT_PRODUCTION_READY,True,False
MID,27277,Jhon Adolfo Arias Andrade,138853,Abdellah Farah,71.685342,18.923162,71.685342,4,medium_research_only,SAME_ROLE_ONLY;RESEARCH_ONLY;SAMPLE_TOO_SMALL_LOCAL_11_MATCHES_NOT_PRODUCTION_READY,True,False
MID,27277,Jhon Adolfo Arias Andrade,138860,Youssef Michte,99.889836,5.401045,99.889836,4,medium_research_only,SAME_ROLE_ONLY;RESEARCH_ONLY;SAMPLE_TOO_SMALL_LOCAL_11_MATCHES_NOT_PRODUCTION_READY,True,False
MID,27277,Jhon Adolfo Arias Andrade,138862,Abderrahmane Kassak,91.183124,11.186011,91.183124,4,medium_research_only,SAME_ROLE_ONLY;RESEARCH_ONLY;SAMPLE_TOO_SMALL_LOCAL_11_MATCHES_NOT_PRODUCTION_READY,True,False
MID,27277,Jhon Adolfo Arias Andrade,138872,Oussama Mahrous,98.423318,6.983827,98.423318,4,medium_research_only,SAME_ROLE_ONLY;RESEARCH_ONLY;SAMPLE_TOO_SMALL_LOCAL_11_MATCHES_NOT_PRODUCTION_READY,True,False
MID,27277,Jhon Adolfo Arias Andrade,138873,Abdelghafour Lamirat,99.933723,1.959231,99.933723,4,medium_research_only,SAME_ROLE_ONLY;RESEARCH_ONLY;SAMPLE_TOO_SMALL_LOCAL_11_MATCHES_NOT_PRODUCTION_READY,True,False
MID,27277,Jhon Adolfo Arias Andrade,138877,Saleh Al Sellami,97.282974,8.386643,97.282974,4,medium_research_only,SAME_ROLE_ONLY;RESEARCH_ONLY;SAMPLE_TOO_SMALL_LOCAL_11_MATCHES_NOT_PRODUCTION_READY,True,False
MID,27277,Jhon Adolfo Arias Andrade,138895,Abdelfattah Hadraf,77.503445,20.072364,77.503445,4,medium_research_only,SAME_ROLE_ONLY;RESEARCH_ONLY;SAMPLE_TOO_SMALL_LOCAL_11_MATCHES_NOT_PRODUCTION_READY,True,False
MID,27277,Jhon Adolfo Arias Andrade,138898,Ahmed Chentouf,81.276478,22.383419,81.276478,4,medium_research_only,SAME_ROLE_ONLY;RESEARCH_ONLY;SAMPLE_TOO_SMALL_LOCAL_11_MATCHES_NOT_PRODUCTION_READY,True,False
MID,27277,Jhon Adolfo Arias Andrade,138983,Zine Eddine Derrag,99.819758,2.15573,99.819758,4,medium_research_only,SAME_ROLE_ONLY;RESEARCH_ONLY;SAMPLE_TOO_SMALL_LOCAL_11_MATCHES_NOT_PRODUCTION_READY,True,False
MID,27277,Jhon Adolfo Arias Andrade,139545,Mohammad El Fakih,88.780382,12.983439,88.780382,4,medium_research_only,SAME_ROLE_ONLY;RESEARCH_ONLY;SAMPLE_TOO_SMALL_LOCAL_11_MATCHES_NOT_PRODUCTION_READY,True,False
MID,27277,Jhon Adolfo Arias Andrade,139554,Abdoulaye Diarra,99.511182,9.126573,99.511182,4,medium_research_only,SAME_ROLE_ONLY;RESEARCH_ONLY;SAMPLE_TOO_SMALL_LOCAL_11_MATCHES_NOT_PRODUCTION_READY,True,False
MID,27277,Jhon Adolfo Arias Andrade,139565,Larbi Naji,98.995297,6.410557,98.995297,4,medium_research_only,SAME_ROLE_ONLY;RESEARCH_ONLY;SAMPLE_TOO_SMALL_LOCAL_11_MATCHES_NOT_PRODUCTION_READY,True,False
MID,27277,Jhon Adolfo Arias Andrade,139568,Youssef Zghoudi,99.983578,11.34753,99.983578,4,medium_research_only,SAME_ROLE_ONLY;RESEARCH_ONLY;SAMPLE_TOO_SMALL_LOCAL_11_MATCHES_NOT_PRODUCTION_READY,True,False
MID,27277,Jhon Adolfo Arias Andrade,139570,Brahim El Bahraoui,95.362708,16.939125,95.362708,4,medium_research_only,SAME_ROLE_ONLY;RESEARCH_ONLY;SAMPLE_TOO_SMALL_LOCAL_11_MATCHES_NOT_PRODUCTION_READY,True,False
MID,27277,Jhon Adolfo Arias Andrade,140871,Khalid Ait Ouarkhane,91.537963,11.28685,91.537963,4,medium_research_only,SAME_ROLE_ONLY;RESEARCH_ONLY;SAMPLE_TOO_SMALL_LOCAL_11_MATCHES_NOT_PRODUCTION_READY,True,False
MID,27277,Jhon Adolfo Arias Andrade,140872,Mohamed Rabie Hrimat,95.01348,8.598175,95.01348,4,medium_research_only,SAME_ROLE_ONLY;RESEARCH_ONLY;SAMPLE_TOO_SMALL_LOCAL_11_MATCHES_NOT_PRODUCTION_READY,True,False
MID,27277,Jhon Adolfo Arias Andrade,141254,Hamza Afsal,89.379828,12.361041,89.379828,4,medium_research_only,SAME_ROLE_ONLY;RESEARCH_ONLY;SAMPLE_TOO_SMALL_LOCAL_11_MATCHES_NOT_PRODUCTION_READY,True,False
MID,27277,Jhon Adolfo Arias Andrade,143166,Zakaria Fati,99.346325,5.395109,99.346325,4,medium_research_only,SAME_ROLE_ONLY;RESEARCH_ONLY;SAMPLE_TOO_SMALL_LOCAL_11_MATCHES_NOT_PRODUCTION_READY,True,False
MID,27277,Jhon Adolfo Arias Andrade,143490,Ahmed Hammoudan,93.525147,9.980182,93.525147,4,medium_research_only,SAME_ROLE_ONLY;RESEARCH_ONLY;SAMPLE_TOO_SMALL_LOCAL_11_MATCHES_NOT_PRODUCTION_READY,True,False
MID,27277,Jhon Adolfo Arias Andrade,143505,Mohamed Morabit,85.096273,14.219253,85.096273,4,medium_research_only,SAME_ROLE_ONLY;RESEARCH_ONLY;SAMPLE_TOO_SMALL_LOCAL_11_MATCHES_NOT_PRODUCTION_READY,True,False
MID,27277,Jhon Adolfo Arias Andrade,144434,Ismail Moutaraji,99.924388,2.834798,99.924388,4,medium_research_only,SAME_ROLE_ONLY;RESEARCH_ONLY;SAMPLE_TOO_SMALL_LOCAL_11_MATCHES_NOT_PRODUCTION_READY,True,False
MID,27277,Jhon Adolfo Arias Andrade,144436,Anas Serrhat,98.09983,5.418469,98.09983,4,medium_research_only,SAME_ROLE_ONLY;RESEARCH_ONLY;SAMPLE_TOO_SMALL_LOCAL_11_MATCHES_NOT_PRODUCTION_READY,True,False
MID,27277,Jhon Adolfo Arias Andrade,149135,Moses Orkuma,99.459602,4.214982,99.459602,4,medium_research_only,SAME_ROLE_ONLY;RESEARCH_ONLY;SAMPLE_TOO_SMALL_LOCAL_11_MATCHES_NOT_PRODUCTION_READY,True,False
MID,27277,Jhon Adolfo Arias Andrade,151743,Mohamed Al Makahasi,98.457886,5.937728,98.457886,4,medium_research_only,SAME_ROLE_ONLY;RESEARCH_ONLY;SAMPLE_TOO_SMALL_LOCAL_11_MATCHES_NOT_PRODUCTION_READY,True,False
MID,27277,Jhon Adolfo Arias Andrade,154668,Mamadou Lamine Camara,97.966106,5.874847,97.966106,4,medium_research_only,SAME_ROLE_ONLY;RESEARCH_ONLY;SAMPLE_TOO_SMALL_LOCAL_11_MATCHES_NOT_PRODUCTION_READY,True,False
MID,27277,Jhon Adolfo Arias Andrade,161352,Salaheddine Errahouli,89.608294,12.125372,89.608294,4,medium_research_only,SAME_ROLE_ONLY;RESEARCH_ONLY;SAMPLE_TOO_SMALL_LOCAL_11_MATCHES_NOT_PRODUCTION_READY,True,False
MID,27277,Jhon Adolfo Arias Andrade,183765,Mohammed Amine Essahel,95.908876,8.302649,95.908876,4,medium_research_only,SAME_ROLE_ONLY;RESEARCH_ONLY;SAMPLE_TOO_SMALL_LOCAL_11_MATCHES_NOT_PRODUCTION_READY,True,False
MID,27277,Jhon Adolfo Arias Andrade,194809,Oussama Zemraoui,94.76804,8.784694,94.76804,4,medium_research_only,SAME_ROLE_ONLY;RESEARCH_ONLY;SAMPLE_TOO_SMALL_LOCAL_11_MATCHES_NOT_PRODUCTION_READY,True,False
MID,27277,Jhon Adolfo Arias Andrade,194912,Faouzi Abd El Mouttalib,99.370837,6.289938,99.370837,4,medium_research_only,SAME_ROLE_ONLY;RESEARCH_ONLY;SAMPLE_TOO_SMALL_LOCAL_11_MATCHES_NOT_PRODUCTION_READY,True,False
MID,27277,Jhon Adolfo Arias Andrade,195016,Mouad Mouchtanim,97.914837,5.829485,97.914837,4,medium_research_only,SAME_ROLE_ONLY;RESEARCH_ONLY;SAMPLE_TOO_SMALL_LOCAL_11_MATCHES_NOT_PRODUCTION_READY,True,False
MID,27277,Jhon Adolfo Arias Andrade,199611,Youssef Mehri,92.7141,10.322705,92.7141,4,medium_research_only,SAME_ROLE_ONLY;RESEARCH_ONLY;SAMPLE_TOO_SMALL_LOCAL_11_MATCHES_NOT_PRODUCTION_READY,True,False
MID,27277,Jhon Adolfo Arias Andrade,203027,Walid Rhailouf,98.419298,5.024903,98.419298,4,medium_research_only,SAME_ROLE_ONLY;RESEARCH_ONLY;SAMPLE_TOO_SMALL_LOCAL_11_MATCHES_NOT_PRODUCTION_READY,True,False
MID,27277,Jhon Adolfo Arias Andrade,225437,Stephane Aziz Ki,94.140618,12.774325,94.140618,4,medium_research_only,SAME_ROLE_ONLY;RESEARCH_ONLY;SAMPLE_TOO_SMALL_LOCAL_11_MATCHES_NOT_PRODUCTION_READY,True,False
MID,27277,Jhon Adolfo Arias Andrade,261620,Nadir Lougmani,99.191816,9.953384,99.191816,4,medium_research_only,SAME_ROLE_ONLY;RESEARCH_ONLY;SAMPLE_TOO_SMALL_LOCAL_11_MATCHES_NOT_PRODUCTION_READY,True,False
MID,27277,Jhon Adolfo Arias Andrade,275341,Yazid Faffa,97.051239,9.346551,97.051239,4,medium_research_only,SAME_ROLE_ONLY;RESEARCH_ONLY;SAMPLE_TOO_SMALL_LOCAL_11_MATCHES_NOT_PRODUCTION_READY,True,False
MID,27277,Jhon Adolfo Arias Andrade,312935,Amine Azri,96.792098,7.315409,96.792098,4,medium_research_only,SAME_ROLE_ONLY;RESEARCH_ONLY;SAMPLE_TOO_SMALL_LOCAL_11_MATCHES_NOT_PRODUCTION_READY,True,False
MID,27277,Jhon Adolfo Arias Andrade,313277,Mohamed Chemlal,82.150572,28.874232,82.150572,4,medium_research_only,SAME_ROLE_ONLY;RESEARCH_ONLY;SAMPLE_TOO_SMALL_LOCAL_11_MATCHES_NOT_PRODUCTION_READY,True,False
MID,27277,Jhon Adolfo Arias Andrade,313284,Achraf Harmach,99.929468,6.156743,99.929468,4,medium_research_only,SAME_ROLE_ONLY;RESEARCH_ONLY;SAMPLE_TOO_SMALL_LOCAL_11_MATCHES_NOT_PRODUCTION_READY,True,False
MID,27277,Jhon Adolfo Arias Andrade,314460,Ayoub Bouaadli,99.316544,4.659897,99.316544,4,medium_research_only,SAME_ROLE_ONLY;RESEARCH_ONLY;SAMPLE_TOO_SMALL_LOCAL_11_MATCHES_NOT_PRODUCTION_READY,True,False
MID,27277,Jhon Adolfo Arias Andrade,323979,Zakaria Fatihi,93.530833,10.052315,93.530833,4,medium_research_only,SAME_ROLE_ONLY;RESEARCH_ONLY;SAMPLE_TOO_SMALL_LOCAL_11_MATCHES_NOT_PRODUCTION_READY,True,False
MID,27277,Jhon Adolfo Arias Andrade,360838,Zakaria Ami,79.587195,16.350536,79.587195,4,medium_research_only,SAME_ROLE_ONLY;RESEARCH_ONLY;SAMPLE_TOO_SMALL_LOCAL_11_MATCHES_NOT_PRODUCTION_READY,True,False
MID,27277,Jhon Adolfo Arias Andrade,380600,Mouad Goulouss,97.575411,12.118547,97.575411,4,medium_research_only,SAME_ROLE_ONLY;RESEARCH_ONLY;SAMPLE_TOO_SMALL_LOCAL_11_MATCHES_NOT_PRODUCTION_READY,True,False
MID,27277,Jhon Adolfo Arias Andrade,381935,Ismail Mihrab,95.602767,10.760443,95.602767,4,medium_research_only,SAME_ROLE_ONLY;RESEARCH_ONLY;SAMPLE_TOO_SMALL_LOCAL_11_MATCHES_NOT_PRODUCTION_READY,True,False
MID,27277,Jhon Adolfo Arias Andrade,396748,Youssef Laghzal,94.188073,13.559811,94.188073,4,medium_research_only,SAME_ROLE_ONLY;RESEARCH_ONLY;SAMPLE_TOO_SMALL_LOCAL_11_MATCHES_NOT_PRODUCTION_READY,True,False
MID,27277,Jhon Adolfo Arias Andrade,405645,Othmane Chraibi,99.586118,3.952415,99.586118,4,medium_research_only,SAME_ROLE_ONLY;RESEARCH_ONLY;SAMPLE_TOO_SMALL_LOCAL_11_MATCHES_NOT_PRODUCTION_READY,True,False
MID,27277,Jhon Adolfo Arias Andrade,406269,Danilson Gomes Tavares,96.599485,10.394996,96.599485,4,medium_research_only,SAME_ROLE_ONLY;RESEARCH_ONLY;SAMPLE_TOO_SMALL_LOCAL_11_MATCHES_NOT_PRODUCTION_READY,True,False
MID,27277,Jhon Adolfo Arias Andrade,407207,Ennaama El Bellali,99.833705,3.244141,99.833705,4,medium_research_only,SAME_ROLE_ONLY;RESEARCH_ONLY;SAMPLE_TOO_SMALL_LOCAL_11_MATCHES_NOT_PRODUCTION_READY,True,False
MID,27277,Jhon Adolfo Arias Andrade,407506,Oussama Nourdine,97.519517,6.452178,97.519517,4,medium_research_only,SAME_ROLE_ONLY;RESEARCH_ONLY;SAMPLE_TOO_SMALL_LOCAL_11_MATCHES_NOT_PRODUCTION_READY,True,False
MID,27277,Jhon Adolfo Arias Andrade,407852,Abdessamad Mahir,96.709602,7.825409,96.709602,4,medium_research_only,SAME_ROLE_ONLY;RESEARCH_ONLY;SAMPLE_TOO_SMALL_LOCAL_11_MATCHES_NOT_PRODUCTION_READY,True,False
MID,27277,Jhon Adolfo Arias Andrade,415853,Claude Gnolou,98.596028,5.258684,98.596028,4,medium_research_only,SAME_ROLE_ONLY;RESEARCH_ONLY;SAMPLE_TOO_SMALL_LOCAL_11_MATCHES_NOT_PRODUCTION_READY,True,False
MID,27277,Jhon Adolfo Arias Andrade,416303,El Mahdi Akoumi,99.494835,9.888811,99.494835,4,medium_research_only,SAME_ROLE_ONLY;RESEARCH_ONLY;SAMPLE_TOO_SMALL_LOCAL_11_MATCHES_NOT_PRODUCTION_READY,True,False
MID,27277,Jhon Adolfo Arias Andrade,424979,Soufiane Tazi,98.931218,4.217746,98.931218,4,medium_research_only,SAME_ROLE_ONLY;RESEARCH_ONLY;SAMPLE_TOO_SMALL_LOCAL_11_MATCHES_NOT_PRODUCTION_READY,True,False
MID,27277,Jhon Adolfo Arias Andrade,442288,Adnane Berdad,99.436687,6.705739,99.436687,4,medium_research_only,SAME_ROLE_ONLY;RESEARCH_ONLY;SAMPLE_TOO_SMALL_LOCAL_11_MATCHES_NOT_PRODUCTION_READY,True,False
MID,27277,Jhon Adolfo Arias Andrade,442292,Abdellatif El Bajjani,98.984533,4.596107,98.984533,4,medium_research_only,SAME_ROLE_ONLY;RESEARCH_ONLY;SAMPLE_TOO_SMALL_LOCAL_11_MATCHES_NOT_PRODUCTION_READY,True,False
MID,27277,Jhon Adolfo Arias Andrade,443951,Youness Akharraz,99.699376,8.897928,99.699376,4,medium_research_only,SAME_ROLE_ONLY;RESEARCH_ONLY;SAMPLE_TOO_SMALL_LOCAL_11_MATCHES_NOT_PRODUCTION_READY,True,False
MID,27277,Jhon Adolfo Arias Andrade,445163,Ayoub Maamouri,88.293178,14.770353,88.293178,4,medium_research_only,SAME_ROLE_ONLY;RESEARCH_ONLY;SAMPLE_TOO_SMALL_LOCAL_11_MATCHES_NOT_PRODUCTION_READY,True,False
MID,27277,Jhon Adolfo Arias Andrade,446355,Ishak Zidani,99.25026,5.291433,99.25026,4,medium_research_only,SAME_ROLE_ONLY;RESEARCH_ONLY;SAMPLE_TOO_SMALL_LOCAL_11_MATCHES_NOT_PRODUCTION_READY,True,False
MID,27277,Jhon Adolfo Arias Andrade,449373,Marouane Oujeddou,94.306389,10.611045,94.306389,4,medium_research_only,SAME_ROLE_ONLY;RESEARCH_ONLY;SAMPLE_TOO_SMALL_LOCAL_11_MATCHES_NOT_PRODUCTION_READY,True,False
MID,27277,Jhon Adolfo Arias Andrade,449471,Ayman Tarrazi,98.306964,8.880804,98.306964,4,medium_research_only,SAME_ROLE_ONLY;RESEARCH_ONLY;SAMPLE_TOO_SMALL_LOCAL_11_MATCHES_NOT_PRODUCTION_READY,True,False
MID,27277,Jhon Adolfo Arias Andrade,450709,Joseph Bakasu       ,99.904127,4.604705,99.904127,4,medium_research_only,SAME_ROLE_ONLY;RESEARCH_ONLY;SAMPLE_TOO_SMALL_LOCAL_11_MATCHES_NOT_PRODUCTION_READY,True,False
MID,27277,Jhon Adolfo Arias Andrade,460266,Youness Dahmani,75.296572,17.308331,75.296572,4,medium_research_only,SAME_ROLE_ONLY;RESEARCH_ONLY;SAMPLE_TOO_SMALL_LOCAL_11_MATCHES_NOT_PRODUCTION_READY,True,False
MID,27277,Jhon Adolfo Arias Andrade,477679,Redouane Oubidar,94.799599,8.807338,94.799599,4,medium_research_only,SAME_ROLE_ONLY;RESEARCH_ONLY;SAMPLE_TOO_SMALL_LOCAL_11_MATCHES_NOT_PRODUCTION_READY,True,False
MID,27277,Jhon Adolfo Arias Andrade,477680,Hamza Saoud,98.660266,5.333584,98.660266,4,medium_research_only,SAME_ROLE_ONLY;RESEARCH_ONLY;SAMPLE_TOO_SMALL_LOCAL_11_MATCHES_NOT_PRODUCTION_READY,True,False
MID,27277,Jhon Adolfo Arias Andrade,477682,Ayoub Benaadi,93.178356,10.222159,93.178356,4,medium_research_only,SAME_ROLE_ONLY;RESEARCH_ONLY;SAMPLE_TOO_SMALL_LOCAL_11_MATCHES_NOT_PRODUCTION_READY,True,False
MID,27277,Jhon Adolfo Arias Andrade,477688,Ayoub El Khaffi,99.976565,4.717039,99.976565,4,medium_research_only,SAME_ROLE_ONLY;RESEARCH_ONLY;SAMPLE_TOO_SMALL_LOCAL_11_MATCHES_NOT_PRODUCTION_READY,True,False
MID,27277,Jhon Adolfo Arias Andrade,523298,Mohamed Ahayaoui,98.554431,4.712487,98.554431,4,medium_research_only,SAME_ROLE_ONLY;RESEARCH_ONLY;SAMPLE_TOO_SMALL_LOCAL_11_MATCHES_NOT_PRODUCTION_READY,True,False
MID,27277,Jhon Adolfo Arias Andrade,523308,Adil Khalloufi,98.032391,5.585283,98.032391,4,medium_research_only,SAME_ROLE_ONLY;RESEARCH_ONLY;SAMPLE_TOO_SMALL_LOCAL_11_MATCHES_NOT_PRODUCTION_READY,True,False
MID,27277,Jhon Adolfo Arias Andrade,523312,Brahim Mansouri,87.194459,13.209888,87.194459,4,medium_research_only,SAME_ROLE_ONLY;RESEARCH_ONLY;SAMPLE_TOO_SMALL_LOCAL_11_MATCHES_NOT_PRODUCTION_READY,True,False
MID,27277,Jhon Adolfo Arias Andrade,523319,Omar Ouddah,97.18217,6.579706,97.18217,4,medium_research_only,SAME_ROLE_ONLY;RESEARCH_ONLY;SAMPLE_TOO_SMALL_LOCAL_11_MATCHES_NOT_PRODUCTION_READY,True,False
MID,27277,Jhon Adolfo Arias Andrade,523973,Hamza Rafa,99.775162,3.583237,99.775162,4,medium_research_only,SAME_ROLE_ONLY;RESEARCH_ONLY;SAMPLE_TOO_SMALL_LOCAL_11_MATCHES_NOT_PRODUCTION_READY,True,False
MID,27277,Jhon Adolfo Arias Andrade,523996,Fred Duval Ngoma,99.911171,3.264626,99.911171,4,medium_research_only,SAME_ROLE_ONLY;RESEARCH_ONLY;SAMPLE_TOO_SMALL_LOCAL_11_MATCHES_NOT_PRODUCTION_READY,True,False
MID,27277,Jhon Adolfo Arias Andrade,523997,Karim L'Koucha,99.482115,9.932149,99.482115,4,medium_research_only,SAME_ROLE_ONLY;RESEARCH_ONLY;SAMPLE_TOO_SMALL_LOCAL_11_MATCHES_NOT_PRODUCTION_READY,True,False
MID,27277,Jhon Adolfo Arias Andrade,523999,Zakaria Kessary,98.534778,4.974717,98.534778,4,medium_research_only,SAME_ROLE_ONLY;RESEARCH_ONLY;SAMPLE_TOO_SMALL_LOCAL_11_MATCHES_NOT_PRODUCTION_READY,True,False
MID,27277,Jhon Adolfo Arias Andrade,524000,Ahmed Aboulfath,88.044008,13.280492,88.044008,4,medium_research_only,SAME_ROLE_ONLY;RESEARCH_ONLY;SAMPLE_TOO_SMALL_LOCAL_11_MATCHES_NOT_PRODUCTION_READY,True,False
MID,27277,Jhon Adolfo Arias Andrade,524002,Salim Ghazzani,86.332202,16.419752,86.332202,4,medium_research_only,SAME_ROLE_ONLY;RESEARCH_ONLY;SAMPLE_TOO_SMALL_LOCAL_11_MATCHES_NOT_PRODUCTION_READY,True,False
MID,27277,Jhon Adolfo Arias Andrade,524003,Mohammed Es-Sahel,97.23659,7.983124,97.23659,4,medium_research_only,SAME_ROLE_ONLY;RESEARCH_ONLY;SAMPLE_TOO_SMALL_LOCAL_11_MATCHES_NOT_PRODUCTION_READY,True,False
MID,27277,Jhon Adolfo Arias Andrade,524511,Saad Nassik,99.919883,5.365096,99.919883,4,medium_research_only,SAME_ROLE_ONLY;RESEARCH_ONLY;SAMPLE_TOO_SMALL_LOCAL_11_MATCHES_NOT_PRODUCTION_READY,True,False
MID,27886,Alexis Mac Allister,30155,Bilal Ould-Chikh,95.856973,9.230565,95.856973,4,medium_research_only,SAME_ROLE_ONLY;RESEARCH_ONLY;SAMPLE_TOO_SMALL_LOCAL_11_MATCHES_NOT_PRODUCTION_READY,True,False
MID,27886,Alexis Mac Allister,38718,Enzo Fernandez,98.561731,4.868647,98.561731,4,medium_research_only,SAME_ROLE_ONLY;RESEARCH_ONLY;SAMPLE_TOO_SMALL_LOCAL_11_MATCHES_NOT_PRODUCTION_READY,True,False
MID,27886,Alexis Mac Allister,46646,José Dembi,99.114206,9.901145,99.114206,4,medium_research_only,SAME_ROLE_ONLY;RESEARCH_ONLY;SAMPLE_TOO_SMALL_LOCAL_11_MATCHES_NOT_PRODUCTION_READY,True,False
MID,27886,Alexis Mac Allister,49000,Amine Oudrhiri Idrissi,99.110773,5.282658,99.110773,4,medium_research_only,SAME_ROLE_ONLY;RESEARCH_ONLY;SAMPLE_TOO_SMALL_LOCAL_11_MATCHES_NOT_PRODUCTION_READY,True,False
MID,27886,Alexis Mac Allister,49395,Richard Rios Montoya,99.027774,3.817904,99.027774,4,medium_research_only,SAME_ROLE_ONLY;RESEARCH_ONLY;SAMPLE_TOO_SMALL_LOCAL_11_MATCHES_NOT_PRODUCTION_READY,True,False
MID,27886,Alexis Mac Allister,60138,Kevin Duvan Castaño Gil,85.337033,85.042088,85.337033,4,medium_research_only,SAME_ROLE_ONLY;RESEARCH_ONLY;SAMPLE_TOO_SMALL_LOCAL_11_MATCHES_NOT_PRODUCTION_READY,True,False
MID,27886,Alexis Mac Allister,134249,Adam Ennaffati,87.477403,13.335909,87.477403,4,medium_research_only,SAME_ROLE_ONLY;RESEARCH_ONLY;SAMPLE_TOO_SMALL_LOCAL_11_MATCHES_NOT_PRODUCTION_READY,True,False
MID,27886,Alexis Mac Allister,135202,Walid Sabbar,95.745154,9.320008,95.745154,4,medium_research_only,SAME_ROLE_ONLY;RESEARCH_ONLY;SAMPLE_TOO_SMALL_LOCAL_11_MATCHES_NOT_PRODUCTION_READY,True,False
MID,27886,Alexis Mac Allister,138827,Achraf El Idrissi,99.076074,6.497076,99.076074,4,medium_research_only,SAME_ROLE_ONLY;RESEARCH_ONLY;SAMPLE_TOO_SMALL_LOCAL_11_MATCHES_NOT_PRODUCTION_READY,True,False
MID,27886,Alexis Mac Allister,138845,Mohsine Moutouali,89.594798,11.943129,89.594798,4,medium_research_only,SAME_ROLE_ONLY;RESEARCH_ONLY;SAMPLE_TOO_SMALL_LOCAL_11_MATCHES_NOT_PRODUCTION_READY,True,False
MID,27886,Alexis Mac Allister,138853,Abdellah Farah,66.836604,18.839863,66.836604,4,medium_research_only,SAME_ROLE_ONLY;RESEARCH_ONLY;SAMPLE_TOO_SMALL_LOCAL_11_MATCHES_NOT_PRODUCTION_READY,True,False
MID,27886,Alexis Mac Allister,138860,Youssef Michte,98.57484,6.396662,98.57484,4,medium_research_only,SAME_ROLE_ONLY;RESEARCH_ONLY;SAMPLE_TOO_SMALL_LOCAL_11_MATCHES_NOT_PRODUCTION_READY,True,False
MID,27886,Alexis Mac Allister,138862,Abderrahmane Kassak,93.889997,9.357249,93.889997,4,medium_research_only,SAME_ROLE_ONLY;RESEARCH_ONLY;SAMPLE_TOO_SMALL_LOCAL_11_MATCHES_NOT_PRODUCTION_READY,True,False
MID,27886,Alexis Mac Allister,138872,Oussama Mahrous,97.971185,7.093098,97.971185,4,medium_research_only,SAME_ROLE_ONLY;RESEARCH_ONLY;SAMPLE_TOO_SMALL_LOCAL_11_MATCHES_NOT_PRODUCTION_READY,True,False
MID,27886,Alexis Mac Allister,138873,Abdelghafour Lamirat,98.71382,4.472876,98.71382,4,medium_research_only,SAME_ROLE_ONLY;RESEARCH_ONLY;SAMPLE_TOO_SMALL_LOCAL_11_MATCHES_NOT_PRODUCTION_READY,True,False
MID,27886,Alexis Mac Allister,138877,Saleh Al Sellami,97.678398,7.883719,97.678398,4,medium_research_only,SAME_ROLE_ONLY;RESEARCH_ONLY;SAMPLE_TOO_SMALL_LOCAL_11_MATCHES_NOT_PRODUCTION_READY,True,False
MID,27886,Alexis Mac Allister,138895,Abdelfattah Hadraf,72.9847,21.841267,72.9847,4,medium_research_only,SAME_ROLE_ONLY;RESEARCH_ONLY;SAMPLE_TOO_SMALL_LOCAL_11_MATCHES_NOT_PRODUCTION_READY,True,False
MID,27886,Alexis Mac Allister,138898,Ahmed Chentouf,74.85958,25.350445,74.85958,4,medium_research_only,SAME_ROLE_ONLY;RESEARCH_ONLY;SAMPLE_TOO_SMALL_LOCAL_11_MATCHES_NOT_PRODUCTION_READY,True,False
MID,27886,Alexis Mac Allister,138983,Zine Eddine Derrag,99.497423,2.905729,99.497423,4,medium_research_only,SAME_ROLE_ONLY;RESEARCH_ONLY;SAMPLE_TOO_SMALL_LOCAL_11_MATCHES_NOT_PRODUCTION_READY,True,False
MID,27886,Alexis Mac Allister,139545,Mohammad El Fakih,91.872021,10.960107,91.872021,4,medium_research_only,SAME_ROLE_ONLY;RESEARCH_ONLY;SAMPLE_TOO_SMALL_LOCAL_11_MATCHES_NOT_PRODUCTION_READY,True,False
MID,27886,Alexis Mac Allister,139554,Abdoulaye Diarra,98.615832,9.255692,98.615832,4,medium_research_only,SAME_ROLE_ONLY;RESEARCH_ONLY;SAMPLE_TOO_SMALL_LOCAL_11_MATCHES_NOT_PRODUCTION_READY,True,False
MID,27886,Alexis Mac Allister,139565,Larbi Naji,99.611895,5.56715,99.611895,4,medium_research_only,SAME_ROLE_ONLY;RESEARCH_ONLY;SAMPLE_TOO_SMALL_LOCAL_11_MATCHES_NOT_PRODUCTION_READY,True,False
MID,27886,Alexis Mac Allister,139568,Youssef Zghoudi,99.334857,11.245548,99.334857,4,medium_research_only,SAME_ROLE_ONLY;RESEARCH_ONLY;SAMPLE_TOO_SMALL_LOCAL_11_MATCHES_NOT_PRODUCTION_READY,True,False
MID,27886,Alexis Mac Allister,139570,Brahim El Bahraoui,95.581262,16.632521,95.581262,4,medium_research_only,SAME_ROLE_ONLY;RESEARCH_ONLY;SAMPLE_TOO_SMALL_LOCAL_11_MATCHES_NOT_PRODUCTION_READY,True,False
MID,27886,Alexis Mac Allister,140871,Khalid Ait Ouarkhane,93.485234,10.089941,93.485234,4,medium_research_only,SAME_ROLE_ONLY;RESEARCH_ONLY;SAMPLE_TOO_SMALL_LOCAL_11_MATCHES_NOT_PRODUCTION_READY,True,False
MID,27886,Alexis Mac Allister,140872,Mohamed Rabie Hrimat,97.160959,6.534916,97.160959,4,medium_research_only,SAME_ROLE_ONLY;RESEARCH_ONLY;SAMPLE_TOO_SMALL_LOCAL_11_MATCHES_NOT_PRODUCTION_READY,True,False
MID,27886,Alexis Mac Allister,141254,Hamza Afsal,86.838383,13.180059,86.838383,4,medium_research_only,SAME_ROLE_ONLY;RESEARCH_ONLY;SAMPLE_TOO_SMALL_LOCAL_11_MATCHES_NOT_PRODUCTION_READY,True,False
MID,27886,Alexis Mac Allister,143166,Zakaria Fati,99.664533,4.759025,99.664533,4,medium_research_only,SAME_ROLE_ONLY;RESEARCH_ONLY;SAMPLE_TOO_SMALL_LOCAL_11_MATCHES_NOT_PRODUCTION_READY,True,False
MID,27886,Alexis Mac Allister,143490,Ahmed Hammoudan,95.297348,8.675654,95.297348,4,medium_research_only,SAME_ROLE_ONLY;RESEARCH_ONLY;SAMPLE_TOO_SMALL_LOCAL_11_MATCHES_NOT_PRODUCTION_READY,True,False
MID,27886,Alexis Mac Allister,143505,Mohamed Morabit,86.643164,13.343469,86.643164,4,medium_research_only,SAME_ROLE_ONLY;RESEARCH_ONLY;SAMPLE_TOO_SMALL_LOCAL_11_MATCHES_NOT_PRODUCTION_READY,True,False
MID,27886,Alexis Mac Allister,144434,Ismail Moutaraji,99.228767,4.655781,99.228767,4,medium_research_only,SAME_ROLE_ONLY;RESEARCH_ONLY;SAMPLE_TOO_SMALL_LOCAL_11_MATCHES_NOT_PRODUCTION_READY,True,False
MID,27886,Alexis Mac Allister,144436,Anas Serrhat,97.818717,5.761584,97.818717,4,medium_research_only,SAME_ROLE_ONLY;RESEARCH_ONLY;SAMPLE_TOO_SMALL_LOCAL_11_MATCHES_NOT_PRODUCTION_READY,True,False
MID,27886,Alexis Mac Allister,149135,Moses Orkuma,97.536221,6.357728,97.536221,4,medium_research_only,SAME_ROLE_ONLY;RESEARCH_ONLY;SAMPLE_TOO_SMALL_LOCAL_11_MATCHES_NOT_PRODUCTION_READY,True,False
MID,27886,Alexis Mac Allister,151743,Mohamed Al Makahasi,98.959371,5.15693,98.959371,4,medium_research_only,SAME_ROLE_ONLY;RESEARCH_ONLY;SAMPLE_TOO_SMALL_LOCAL_11_MATCHES_NOT_PRODUCTION_READY,True,False
MID,27886,Alexis Mac Allister,154668,Mamadou Lamine Camara,97.829581,5.868896,97.829581,4,medium_research_only,SAME_ROLE_ONLY;RESEARCH_ONLY;SAMPLE_TOO_SMALL_LOCAL_11_MATCHES_NOT_PRODUCTION_READY,True,False
MID,27886,Alexis Mac Allister,161352,Salaheddine Errahouli,91.891791,10.816814,91.891791,4,medium_research_only,SAME_ROLE_ONLY;RESEARCH_ONLY;SAMPLE_TOO_SMALL_LOCAL_11_MATCHES_NOT_PRODUCTION_READY,True,False
MID,27886,Alexis Mac Allister,183765,Mohammed Amine Essahel,93.182218,9.906949,93.182218,4,medium_research_only,SAME_ROLE_ONLY;RESEARCH_ONLY;SAMPLE_TOO_SMALL_LOCAL_11_MATCHES_NOT_PRODUCTION_READY,True,False
MID,27886,Alexis Mac Allister,194809,Oussama Zemraoui,96.801363,6.851412,96.801363,4,medium_research_only,SAME_ROLE_ONLY;RESEARCH_ONLY;SAMPLE_TOO_SMALL_LOCAL_11_MATCHES_NOT_PRODUCTION_READY,True,False
MID,27886,Alexis Mac Allister,194912,Faouzi Abd El Mouttalib,99.225356,6.148223,99.225356,4,medium_research_only,SAME_ROLE_ONLY;RESEARCH_ONLY;SAMPLE_TOO_SMALL_LOCAL_11_MATCHES_NOT_PRODUCTION_READY,True,False
MID,27886,Alexis Mac Allister,195016,Mouad Mouchtanim,97.025193,6.658852,97.025193,4,medium_research_only,SAME_ROLE_ONLY;RESEARCH_ONLY;SAMPLE_TOO_SMALL_LOCAL_11_MATCHES_NOT_PRODUCTION_READY,True,False
MID,27886,Alexis Mac Allister,199611,Youssef Mehri,95.276377,8.471599,95.276377,4,medium_research_only,SAME_ROLE_ONLY;RESEARCH_ONLY;SAMPLE_TOO_SMALL_LOCAL_11_MATCHES_NOT_PRODUCTION_READY,True,False
MID,27886,Alexis Mac Allister,203027,Walid Rhailouf,99.392335,3.219928,99.392335,4,medium_research_only,SAME_ROLE_ONLY;RESEARCH_ONLY;SAMPLE_TOO_SMALL_LOCAL_11_MATCHES_NOT_PRODUCTION_READY,True,False
MID,27886,Alexis Mac Allister,225437,Stephane Aziz Ki,95.866211,12.026815,95.866211,4,medium_research_only,SAME_ROLE_ONLY;RESEARCH_ONLY;SAMPLE_TOO_SMALL_LOCAL_11_MATCHES_NOT_PRODUCTION_READY,True,False
MID,27886,Alexis Mac Allister,261620,Nadir Lougmani,99.998629,9.333485,99.998629,4,medium_research_only,SAME_ROLE_ONLY;RESEARCH_ONLY;SAMPLE_TOO_SMALL_LOCAL_11_MATCHES_NOT_PRODUCTION_READY,True,False
MID,27886,Alexis Mac Allister,275341,Yazid Faffa,95.583063,9.81069,95.583063,4,medium_research_only,SAME_ROLE_ONLY;RESEARCH_ONLY;SAMPLE_TOO_SMALL_LOCAL_11_MATCHES_NOT_PRODUCTION_READY,True,False
MID,27886,Alexis Mac Allister,312935,Amine Azri,94.639317,8.831828,94.639317,4,medium_research_only,SAME_ROLE_ONLY;RESEARCH_ONLY;SAMPLE_TOO_SMALL_LOCAL_11_MATCHES_NOT_PRODUCTION_READY,True,False
MID,27886,Alexis Mac Allister,313277,Mohamed Chemlal,86.265216,26.77723,86.265216,4,medium_research_only,SAME_ROLE_ONLY;RESEARCH_ONLY;SAMPLE_TOO_SMALL_LOCAL_11_MATCHES_NOT_PRODUCTION_READY,True,False
MID,27886,Alexis Mac Allister,313284,Achraf Harmach,99.238341,6.461214,99.238341,4,medium_research_only,SAME_ROLE_ONLY;RESEARCH_ONLY;SAMPLE_TOO_SMALL_LOCAL_11_MATCHES_NOT_PRODUCTION_READY,True,False
MID,27886,Alexis Mac Allister,314460,Ayoub Bouaadli,99.290886,4.459621,99.290886,4,medium_research_only,SAME_ROLE_ONLY;RESEARCH_ONLY;SAMPLE_TOO_SMALL_LOCAL_11_MATCHES_NOT_PRODUCTION_READY,True,False
MID,27886,Alexis Mac Allister,323979,Zakaria Fatihi,91.632375,11.353299,91.632375,4,medium_research_only,SAME_ROLE_ONLY;RESEARCH_ONLY;SAMPLE_TOO_SMALL_LOCAL_11_MATCHES_NOT_PRODUCTION_READY,True,False
MID,27886,Alexis Mac Allister,360838,Zakaria Ami,76.846954,16.594527,76.846954,4,medium_research_only,SAME_ROLE_ONLY;RESEARCH_ONLY;SAMPLE_TOO_SMALL_LOCAL_11_MATCHES_NOT_PRODUCTION_READY,True,False
MID,27886,Alexis Mac Allister,380600,Mouad Goulouss,96.484161,12.126705,96.484161,4,medium_research_only,SAME_ROLE_ONLY;RESEARCH_ONLY;SAMPLE_TOO_SMALL_LOCAL_11_MATCHES_NOT_PRODUCTION_READY,True,False
MID,27886,Alexis Mac Allister,381935,Ismail Mihrab,92.940984,11.519565,92.940984,4,medium_research_only,SAME_ROLE_ONLY;RESEARCH_ONLY;SAMPLE_TOO_SMALL_LOCAL_11_MATCHES_NOT_PRODUCTION_READY,True,False
MID,27886,Alexis Mac Allister,396748,Youssef Laghzal,89.851674,14.198164,89.851674,4,medium_research_only,SAME_ROLE_ONLY;RESEARCH_ONLY;SAMPLE_TOO_SMALL_LOCAL_11_MATCHES_NOT_PRODUCTION_READY,True,False
MID,27886,Alexis Mac Allister,405645,Othmane Chraibi,99.518797,4.295816,99.518797,4,medium_research_only,SAME_ROLE_ONLY;RESEARCH_ONLY;SAMPLE_TOO_SMALL_LOCAL_11_MATCHES_NOT_PRODUCTION_READY,True,False
MID,27886,Alexis Mac Allister,406269,Danilson Gomes Tavares,94.435014,10.989164,94.435014,4,medium_research_only,SAME_ROLE_ONLY;RESEARCH_ONLY;SAMPLE_TOO_SMALL_LOCAL_11_MATCHES_NOT_PRODUCTION_READY,True,False
MID,27886,Alexis Mac Allister,407207,Ennaama El Bellali,99.429893,3.765817,99.429893,4,medium_research_only,SAME_ROLE_ONLY;RESEARCH_ONLY;SAMPLE_TOO_SMALL_LOCAL_11_MATCHES_NOT_PRODUCTION_READY,True,False
MID,27886,Alexis Mac Allister,407506,Oussama Nourdine,94.244207,9.062918,94.244207,4,medium_research_only,SAME_ROLE_ONLY;RESEARCH_ONLY;SAMPLE_TOO_SMALL_LOCAL_11_MATCHES_NOT_PRODUCTION_READY,True,False
MID,27886,Alexis Mac Allister,407852,Abdessamad Mahir,93.91987,9.514553,93.91987,4,medium_research_only,SAME_ROLE_ONLY;RESEARCH_ONLY;SAMPLE_TOO_SMALL_LOCAL_11_MATCHES_NOT_PRODUCTION_READY,True,False
MID,27886,Alexis Mac Allister,415853,Claude Gnolou,96.397643,7.364396,96.397643,4,medium_research_only,SAME_ROLE_ONLY;RESEARCH_ONLY;SAMPLE_TOO_SMALL_LOCAL_11_MATCHES_NOT_PRODUCTION_READY,True,False
MID,27886,Alexis Mac Allister,416303,El Mahdi Akoumi,99.233607,9.705989,99.233607,4,medium_research_only,SAME_ROLE_ONLY;RESEARCH_ONLY;SAMPLE_TOO_SMALL_LOCAL_11_MATCHES_NOT_PRODUCTION_READY,True,False
MID,27886,Alexis Mac Allister,424979,Soufiane Tazi,99.393475,3.195022,99.393475,4,medium_research_only,SAME_ROLE_ONLY;RESEARCH_ONLY;SAMPLE_TOO_SMALL_LOCAL_11_MATCHES_NOT_PRODUCTION_READY,True,False
MID,27886,Alexis Mac Allister,442288,Adnane Berdad,98.301898,7.29482,98.301898,4,medium_research_only,SAME_ROLE_ONLY;RESEARCH_ONLY;SAMPLE_TOO_SMALL_LOCAL_11_MATCHES_NOT_PRODUCTION_READY,True,False
MID,27886,Alexis Mac Allister,442292,Abdellatif El Bajjani,98.821757,4.643052,98.821757,4,medium_research_only,SAME_ROLE_ONLY;RESEARCH_ONLY;SAMPLE_TOO_SMALL_LOCAL_11_MATCHES_NOT_PRODUCTION_READY,True,False
MID,27886,Alexis Mac Allister,443951,Youness Akharraz,99.394173,8.759036,99.394173,4,medium_research_only,SAME_ROLE_ONLY;RESEARCH_ONLY;SAMPLE_TOO_SMALL_LOCAL_11_MATCHES_NOT_PRODUCTION_READY,True,False
MID,27886,Alexis Mac Allister,445163,Ayoub Maamouri,89.68725,14.21081,89.68725,4,medium_research_only,SAME_ROLE_ONLY;RESEARCH_ONLY;SAMPLE_TOO_SMALL_LOCAL_11_MATCHES_NOT_PRODUCTION_READY,True,False
MID,27886,Alexis Mac Allister,446355,Ishak Zidani,99.844493,4.2793,99.844493,4,medium_research_only,SAME_ROLE_ONLY;RESEARCH_ONLY;SAMPLE_TOO_SMALL_LOCAL_11_MATCHES_NOT_PRODUCTION_READY,True,False
MID,27886,Alexis Mac Allister,449373,Marouane Oujeddou,95.923828,9.603418,95.923828,4,medium_research_only,SAME_ROLE_ONLY;RESEARCH_ONLY;SAMPLE_TOO_SMALL_LOCAL_11_MATCHES_NOT_PRODUCTION_READY,True,False
MID,27886,Alexis Mac Allister,449471,Ayman Tarrazi,95.54352,9.969357,95.54352,4,medium_research_only,SAME_ROLE_ONLY;RESEARCH_ONLY;SAMPLE_TOO_SMALL_LOCAL_11_MATCHES_NOT_PRODUCTION_READY,True,False
MID,27886,Alexis Mac Allister,450709,Joseph Bakasu       ,99.270402,5.115724,99.270402,4,medium_research_only,SAME_ROLE_ONLY;RESEARCH_ONLY;SAMPLE_TOO_SMALL_LOCAL_11_MATCHES_NOT_PRODUCTION_READY,True,False
MID,27886,Alexis Mac Allister,460266,Youness Dahmani,70.992497,17.689272,70.992497,4,medium_research_only,SAME_ROLE_ONLY;RESEARCH_ONLY;SAMPLE_TOO_SMALL_LOCAL_11_MATCHES_NOT_PRODUCTION_READY,True,False
MID,27886,Alexis Mac Allister,477679,Redouane Oubidar,91.176034,11.04908,91.176034,4,medium_research_only,SAME_ROLE_ONLY;RESEARCH_ONLY;SAMPLE_TOO_SMALL_LOCAL_11_MATCHES_NOT_PRODUCTION_READY,True,False
MID,27886,Alexis Mac Allister,477680,Hamza Saoud,99.664752,3.512493,99.664752,4,medium_research_only,SAME_ROLE_ONLY;RESEARCH_ONLY;SAMPLE_TOO_SMALL_LOCAL_11_MATCHES_NOT_PRODUCTION_READY,True,False
MID,27886,Alexis Mac Allister,477682,Ayoub Benaadi,95.310944,8.726069,95.310944,4,medium_research_only,SAME_ROLE_ONLY;RESEARCH_ONLY;SAMPLE_TOO_SMALL_LOCAL_11_MATCHES_NOT_PRODUCTION_READY,True,False
MID,27886,Alexis Mac Allister,477688,Ayoub El Khaffi,98.826013,6.845914,98.826013,4,medium_research_only,SAME_ROLE_ONLY;RESEARCH_ONLY;SAMPLE_TOO_SMALL_LOCAL_11_MATCHES_NOT_PRODUCTION_READY,True,False
MID,27886,Alexis Mac Allister,523298,Mohamed Ahayaoui,97.046569,6.614412,97.046569,4,medium_research_only,SAME_ROLE_ONLY;RESEARCH_ONLY;SAMPLE_TOO_SMALL_LOCAL_11_MATCHES_NOT_PRODUCTION_READY,True,False
MID,27886,Alexis Mac Allister,523308,Adil Khalloufi,95.509221,8.05092,95.509221,4,medium_research_only,SAME_ROLE_ONLY;RESEARCH_ONLY;SAMPLE_TOO_SMALL_LOCAL_11_MATCHES_NOT_PRODUCTION_READY,True,False
MID,27886,Alexis Mac Allister,523312,Brahim Mansouri,90.061474,11.627646,90.061474,4,medium_research_only,SAME_ROLE_ONLY;RESEARCH_ONLY;SAMPLE_TOO_SMALL_LOCAL_11_MATCHES_NOT_PRODUCTION_READY,True,False
MID,27886,Alexis Mac Allister,523319,Omar Ouddah,93.904375,9.596398,93.904375,4,medium_research_only,SAME_ROLE_ONLY;RESEARCH_ONLY;SAMPLE_TOO_SMALL_LOCAL_11_MATCHES_NOT_PRODUCTION_READY,True,False
MID,27886,Alexis Mac Allister,523973,Hamza Rafa,99.50012,3.819787,99.50012,4,medium_research_only,SAME_ROLE_ONLY;RESEARCH_ONLY;SAMPLE_TOO_SMALL_LOCAL_11_MATCHES_NOT_PRODUCTION_READY,True,False
MID,27886,Alexis Mac Allister,523996,Fred Duval Ngoma,99.315003,4.079423,99.315003,4,medium_research_only,SAME_ROLE_ONLY;RESEARCH_ONLY;SAMPLE_TOO_SMALL_LOCAL_11_MATCHES_NOT_PRODUCTION_READY,True,False
MID,27886,Alexis Mac Allister,523997,Karim L'Koucha,97.797714,10.300228,97.797714,4,medium_research_only,SAME_ROLE_ONLY;RESEARCH_ONLY;SAMPLE_TOO_SMALL_LOCAL_11_MATCHES_NOT_PRODUCTION_READY,True,False
MID,27886,Alexis Mac Allister,523999,Zakaria Kessary,99.366976,3.450474,99.366976,4,medium_research_only,SAME_ROLE_ONLY;RESEARCH_ONLY;SAMPLE_TOO_SMALL_LOCAL_11_MATCHES_NOT_PRODUCTION_READY,True,False
MID,27886,Alexis Mac Allister,524000,Ahmed Aboulfath,85.904557,13.751545,85.904557,4,medium_research_only,SAME_ROLE_ONLY;RESEARCH_ONLY;SAMPLE_TOO_SMALL_LOCAL_11_MATCHES_NOT_PRODUCTION_READY,True,False
MID,27886,Alexis Mac Allister,524002,Salim Ghazzani,87.336993,15.80372,87.336993,4,medium_research_only,SAME_ROLE_ONLY;RESEARCH_ONLY;SAMPLE_TOO_SMALL_LOCAL_11_MATCHES_NOT_PRODUCTION_READY,True,False
MID,27886,Alexis Mac Allister,524003,Mohammed Es-Sahel,94.03438,9.732902,94.03438,4,medium_research_only,SAME_ROLE_ONLY;RESEARCH_ONLY;SAMPLE_TOO_SMALL_LOCAL_11_MATCHES_NOT_PRODUCTION_READY,True,False
MID,27886,Alexis Mac Allister,524511,Saad Nassik,98.777179,6.213506,98.777179,4,medium_research_only,SAME_ROLE_ONLY;RESEARCH_ONLY;SAMPLE_TOO_SMALL_LOCAL_11_MATCHES_NOT_PRODUCTION_READY,True,False
MID,30155,Bilal Ould-Chikh,38718,Enzo Fernandez,92.77948,11.855201,92.77948,4,medium_research_only,SAME_ROLE_ONLY;RESEARCH_ONLY;SAMPLE_TOO_SMALL_LOCAL_11_MATCHES_NOT_PRODUCTION_READY,True,False
MID,30155,Bilal Ould-Chikh,46646,José Dembi,94.807511,14.659999,94.807511,4,medium_research_only,SAME_ROLE_ONLY;RESEARCH_ONLY;SAMPLE_TOO_SMALL_LOCAL_11_MATCHES_NOT_PRODUCTION_READY,True,False
MID,30155,Bilal Ould-Chikh,49000,Amine Oudrhiri Idrissi,92.354265,12.809058,92.354265,4,medium_research_only,SAME_ROLE_ONLY;RESEARCH_ONLY;SAMPLE_TOO_SMALL_LOCAL_11_MATCHES_NOT_PRODUCTION_READY,True,False
MID,30155,Bilal Ould-Chikh,49395,Richard Rios Montoya,97.498392,7.548224,97.498392,4,medium_research_only,SAME_ROLE_ONLY;RESEARCH_ONLY;SAMPLE_TOO_SMALL_LOCAL_11_MATCHES_NOT_PRODUCTION_READY,True,False
MID,30155,Bilal Ould-Chikh,60138,Kevin Duvan Castaño Gil,86.274896,82.594157,86.274896,4,medium_research_only,SAME_ROLE_ONLY;RESEARCH_ONLY;SAMPLE_TOO_SMALL_LOCAL_11_MATCHES_NOT_PRODUCTION_READY,True,False
MID,30155,Bilal Ould-Chikh,134249,Adam Ennaffati,97.063141,12.992724,97.063141,4,medium_research_only,SAME_ROLE_ONLY;RESEARCH_ONLY;SAMPLE_TOO_SMALL_LOCAL_11_MATCHES_NOT_PRODUCTION_READY,True,False
MID,30155,Bilal Ould-Chikh,135202,Walid Sabbar,97.785258,11.303017,97.785258,4,medium_research_only,SAME_ROLE_ONLY;RESEARCH_ONLY;SAMPLE_TOO_SMALL_LOCAL_11_MATCHES_NOT_PRODUCTION_READY,True,False
MID,30155,Bilal Ould-Chikh,138827,Achraf El Idrissi,95.079083,12.024348,95.079083,4,medium_research_only,SAME_ROLE_ONLY;RESEARCH_ONLY;SAMPLE_TOO_SMALL_LOCAL_11_MATCHES_NOT_PRODUCTION_READY,True,False
MID,30155,Bilal Ould-Chikh,138845,Mohsine Moutouali,97.376041,8.798251,97.376041,4,medium_research_only,SAME_ROLE_ONLY;RESEARCH_ONLY;SAMPLE_TOO_SMALL_LOCAL_11_MATCHES_NOT_PRODUCTION_READY,True,False
MID,30155,Bilal Ould-Chikh,138853,Abdellah Farah,66.666326,22.243108,66.666326,4,medium_research_only,SAME_ROLE_ONLY;RESEARCH_ONLY;SAMPLE_TOO_SMALL_LOCAL_11_MATCHES_NOT_PRODUCTION_READY,True,False
MID,30155,Bilal Ould-Chikh,138860,Youssef Michte,92.902996,12.816491,92.902996,4,medium_research_only,SAME_ROLE_ONLY;RESEARCH_ONLY;SAMPLE_TOO_SMALL_LOCAL_11_MATCHES_NOT_PRODUCTION_READY,True,False
MID,30155,Bilal Ould-Chikh,138862,Abderrahmane Kassak,98.627351,8.099337,98.627351,4,medium_research_only,SAME_ROLE_ONLY;RESEARCH_ONLY;SAMPLE_TOO_SMALL_LOCAL_11_MATCHES_NOT_PRODUCTION_READY,True,False
MID,30155,Bilal Ould-Chikh,138872,Oussama Mahrous,96.027142,11.273531,96.027142,4,medium_research_only,SAME_ROLE_ONLY;RESEARCH_ONLY;SAMPLE_TOO_SMALL_LOCAL_11_MATCHES_NOT_PRODUCTION_READY,True,False
MID,30155,Bilal Ould-Chikh,138873,Abdelghafour Lamirat,92.986569,11.779,92.986569,4,medium_research_only,SAME_ROLE_ONLY;RESEARCH_ONLY;SAMPLE_TOO_SMALL_LOCAL_11_MATCHES_NOT_PRODUCTION_READY,True,False
MID,30155,Bilal Ould-Chikh,138877,Saleh Al Sellami,98.307175,10.609858,98.307175,4,medium_research_only,SAME_ROLE_ONLY;RESEARCH_ONLY;SAMPLE_TOO_SMALL_LOCAL_11_MATCHES_NOT_PRODUCTION_READY,True,False
MID,30155,Bilal Ould-Chikh,138895,Abdelfattah Hadraf,77.519787,21.418744,77.519787,4,medium_research_only,SAME_ROLE_ONLY;RESEARCH_ONLY;SAMPLE_TOO_SMALL_LOCAL_11_MATCHES_NOT_PRODUCTION_READY,True,False
MID,30155,Bilal Ould-Chikh,138898,Ahmed Chentouf,72.492621,27.417407,72.492621,4,medium_research_only,SAME_ROLE_ONLY;RESEARCH_ONLY;SAMPLE_TOO_SMALL_LOCAL_11_MATCHES_NOT_PRODUCTION_READY,True,False
MID,30155,Bilal Ould-Chikh,138983,Zine Eddine Derrag,93.041504,11.705636,93.041504,4,medium_research_only,SAME_ROLE_ONLY;RESEARCH_ONLY;SAMPLE_TOO_SMALL_LOCAL_11_MATCHES_NOT_PRODUCTION_READY,True,False
MID,30155,Bilal Ould-Chikh,139545,Mohammad El Fakih,98.456945,6.456343,98.456945,4,medium_research_only,SAME_ROLE_ONLY;RESEARCH_ONLY;SAMPLE_TOO_SMALL_LOCAL_11_MATCHES_NOT_PRODUCTION_READY,True,False
MID,30155,Bilal Ould-Chikh,139554,Abdoulaye Diarra,94.01812,14.26688,94.01812,4,medium_research_only,SAME_ROLE_ONLY;RESEARCH_ONLY;SAMPLE_TOO_SMALL_LOCAL_11_MATCHES_NOT_PRODUCTION_READY,True,False
MID,30155,Bilal Ould-Chikh,139565,Larbi Naji,97.294757,10.432612,97.294757,4,medium_research_only,SAME_ROLE_ONLY;RESEARCH_ONLY;SAMPLE_TOO_SMALL_LOCAL_11_MATCHES_NOT_PRODUCTION_READY,True,False
MID,30155,Bilal Ould-Chikh,139568,Youssef Zghoudi,93.703377,16.043318,93.703377,4,medium_research_only,SAME_ROLE_ONLY;RESEARCH_ONLY;SAMPLE_TOO_SMALL_LOCAL_11_MATCHES_NOT_PRODUCTION_READY,True,False
MID,30155,Bilal Ould-Chikh,139570,Brahim El Bahraoui,96.844634,19.945151,96.844634,4,medium_research_only,SAME_ROLE_ONLY;RESEARCH_ONLY;SAMPLE_TOO_SMALL_LOCAL_11_MATCHES_NOT_PRODUCTION_READY,True,False
MID,30155,Bilal Ould-Chikh,140871,Khalid Ait Ouarkhane,98.995041,9.747503,98.995041,4,medium_research_only,SAME_ROLE_ONLY;RESEARCH_ONLY;SAMPLE_TOO_SMALL_LOCAL_11_MATCHES_NOT_PRODUCTION_READY,True,False
MID,30155,Bilal Ould-Chikh,140872,Mohamed Rabie Hrimat,99.817464,5.789077,99.817464,4,medium_research_only,SAME_ROLE_ONLY;RESEARCH_ONLY;SAMPLE_TOO_SMALL_LOCAL_11_MATCHES_NOT_PRODUCTION_READY,True,False
MID,30155,Bilal Ould-Chikh,141254,Hamza Afsal,89.643455,14.735502,89.643455,4,medium_research_only,SAME_ROLE_ONLY;RESEARCH_ONLY;SAMPLE_TOO_SMALL_LOCAL_11_MATCHES_NOT_PRODUCTION_READY,True,False
MID,30155,Bilal Ould-Chikh,143166,Zakaria Fati,95.732544,10.897988,95.732544,4,medium_research_only,SAME_ROLE_ONLY;RESEARCH_ONLY;SAMPLE_TOO_SMALL_LOCAL_11_MATCHES_NOT_PRODUCTION_READY,True,False
MID,30155,Bilal Ould-Chikh,143490,Ahmed Hammoudan,99.623652,8.304599,99.623652,4,medium_research_only,SAME_ROLE_ONLY;RESEARCH_ONLY;SAMPLE_TOO_SMALL_LOCAL_11_MATCHES_NOT_PRODUCTION_READY,True,False
MID,30155,Bilal Ould-Chikh,143505,Mohamed Morabit,96.005619,10.238049,96.005619,4,medium_research_only,SAME_ROLE_ONLY;RESEARCH_ONLY;SAMPLE_TOO_SMALL_LOCAL_11_MATCHES_NOT_PRODUCTION_READY,True,False
MID,30155,Bilal Ould-Chikh,144434,Ismail Moutaraji,92.939463,12.009955,92.939463,4,medium_research_only,SAME_ROLE_ONLY;RESEARCH_ONLY;SAMPLE_TOO_SMALL_LOCAL_11_MATCHES_NOT_PRODUCTION_READY,True,False
MID,30155,Bilal Ould-Chikh,144436,Anas Serrhat,96.40921,8.656592,96.40921,4,medium_research_only,SAME_ROLE_ONLY;RESEARCH_ONLY;SAMPLE_TOO_SMALL_LOCAL_11_MATCHES_NOT_PRODUCTION_READY,True,False
MID,30155,Bilal Ould-Chikh,149135,Moses Orkuma,92.103222,12.633702,92.103222,4,medium_research_only,SAME_ROLE_ONLY;RESEARCH_ONLY;SAMPLE_TOO_SMALL_LOCAL_11_MATCHES_NOT_PRODUCTION_READY,True,False
MID,30155,Bilal Ould-Chikh,151743,Mohamed Al Makahasi,97.905714,9.000568,97.905714,4,medium_research_only,SAME_ROLE_ONLY;RESEARCH_ONLY;SAMPLE_TOO_SMALL_LOCAL_11_MATCHES_NOT_PRODUCTION_READY,True,False
MID,30155,Bilal Ould-Chikh,154668,Mamadou Lamine Camara,96.940635,9.013377,96.940635,4,medium_research_only,SAME_ROLE_ONLY;RESEARCH_ONLY;SAMPLE_TOO_SMALL_LOCAL_11_MATCHES_NOT_PRODUCTION_READY,True,False
MID,30155,Bilal Ould-Chikh,161352,Salaheddine Errahouli,98.619509,9.649882,98.619509,4,medium_research_only,SAME_ROLE_ONLY;RESEARCH_ONLY;SAMPLE_TOO_SMALL_LOCAL_11_MATCHES_NOT_PRODUCTION_READY,True,False
MID,30155,Bilal Ould-Chikh,183765,Mohammed Amine Essahel,90.039461,14.00495,90.039461,4,medium_research_only,SAME_ROLE_ONLY;RESEARCH_ONLY;SAMPLE_TOO_SMALL_LOCAL_11_MATCHES_NOT_PRODUCTION_READY,True,False
MID,30155,Bilal Ould-Chikh,194809,Oussama Zemraoui,99.660473,5.586799,99.660473,4,medium_research_only,SAME_ROLE_ONLY;RESEARCH_ONLY;SAMPLE_TOO_SMALL_LOCAL_11_MATCHES_NOT_PRODUCTION_READY,True,False
MID,30155,Bilal Ould-Chikh,194912,Faouzi Abd El Mouttalib,94.495713,12.184153,94.495713,4,medium_research_only,SAME_ROLE_ONLY;RESEARCH_ONLY;SAMPLE_TOO_SMALL_LOCAL_11_MATCHES_NOT_PRODUCTION_READY,True,False
MID,30155,Bilal Ould-Chikh,195016,Mouad Mouchtanim,96.052067,9.607277,96.052067,4,medium_research_only,SAME_ROLE_ONLY;RESEARCH_ONLY;SAMPLE_TOO_SMALL_LOCAL_11_MATCHES_NOT_PRODUCTION_READY,True,False
MID,30155,Bilal Ould-Chikh,199611,Youssef Mehri,99.875659,7.316087,99.875659,4,medium_research_only,SAME_ROLE_ONLY;RESEARCH_ONLY;SAMPLE_TOO_SMALL_LOCAL_11_MATCHES_NOT_PRODUCTION_READY,True,False
MID,30155,Bilal Ould-Chikh,203027,Walid Rhailouf,97.804054,7.679112,97.804054,4,medium_research_only,SAME_ROLE_ONLY;RESEARCH_ONLY;SAMPLE_TOO_SMALL_LOCAL_11_MATCHES_NOT_PRODUCTION_READY,True,False
MID,30155,Bilal Ould-Chikh,225437,Stephane Aziz Ki,99.543505,14.351611,99.543505,4,medium_research_only,SAME_ROLE_ONLY;RESEARCH_ONLY;SAMPLE_TOO_SMALL_LOCAL_11_MATCHES_NOT_PRODUCTION_READY,True,False
MID,30155,Bilal Ould-Chikh,261620,Nadir Lougmani,95.790717,14.18668,95.790717,4,medium_research_only,SAME_ROLE_ONLY;RESEARCH_ONLY;SAMPLE_TOO_SMALL_LOCAL_11_MATCHES_NOT_PRODUCTION_READY,True,False
MID,30155,Bilal Ould-Chikh,275341,Yazid Faffa,94.313396,13.403959,94.313396,4,medium_research_only,SAME_ROLE_ONLY;RESEARCH_ONLY;SAMPLE_TOO_SMALL_LOCAL_11_MATCHES_NOT_PRODUCTION_READY,True,False
MID,30155,Bilal Ould-Chikh,312935,Amine Azri,92.256448,12.605498,92.256448,4,medium_research_only,SAME_ROLE_ONLY;RESEARCH_ONLY;SAMPLE_TOO_SMALL_LOCAL_11_MATCHES_NOT_PRODUCTION_READY,True,False
MID,30155,Bilal Ould-Chikh,313277,Mohamed Chemlal,96.602344,18.013214,96.602344,4,medium_research_only,SAME_ROLE_ONLY;RESEARCH_ONLY;SAMPLE_TOO_SMALL_LOCAL_11_MATCHES_NOT_PRODUCTION_READY,True,False
MID,30155,Bilal Ould-Chikh,313284,Achraf Harmach,94.282913,12.494364,94.282913,4,medium_research_only,SAME_ROLE_ONLY;RESEARCH_ONLY;SAMPLE_TOO_SMALL_LOCAL_11_MATCHES_NOT_PRODUCTION_READY,True,False
MID,30155,Bilal Ould-Chikh,314460,Ayoub Bouaadli,95.964899,10.232054,95.964899,4,medium_research_only,SAME_ROLE_ONLY;RESEARCH_ONLY;SAMPLE_TOO_SMALL_LOCAL_11_MATCHES_NOT_PRODUCTION_READY,True,False
MID,30155,Bilal Ould-Chikh,323979,Zakaria Fatihi,87.51542,15.333816,87.51542,4,medium_research_only,SAME_ROLE_ONLY;RESEARCH_ONLY;SAMPLE_TOO_SMALL_LOCAL_11_MATCHES_NOT_PRODUCTION_READY,True,False
MID,30155,Bilal Ould-Chikh,360838,Zakaria Ami,82.889104,18.638859,82.889104,4,medium_research_only,SAME_ROLE_ONLY;RESEARCH_ONLY;SAMPLE_TOO_SMALL_LOCAL_11_MATCHES_NOT_PRODUCTION_READY,True,False
MID,30155,Bilal Ould-Chikh,380600,Mouad Goulouss,93.875295,16.078107,93.875295,4,medium_research_only,SAME_ROLE_ONLY;RESEARCH_ONLY;SAMPLE_TOO_SMALL_LOCAL_11_MATCHES_NOT_PRODUCTION_READY,True,False
MID,30155,Bilal Ould-Chikh,381935,Ismail Mihrab,90.743118,15.328789,90.743118,4,medium_research_only,SAME_ROLE_ONLY;RESEARCH_ONLY;SAMPLE_TOO_SMALL_LOCAL_11_MATCHES_NOT_PRODUCTION_READY,True,False
MID,30155,Bilal Ould-Chikh,396748,Youssef Laghzal,85.204473,18.354133,85.204473,4,medium_research_only,SAME_ROLE_ONLY;RESEARCH_ONLY;SAMPLE_TOO_SMALL_LOCAL_11_MATCHES_NOT_PRODUCTION_READY,True,False
MID,30155,Bilal Ould-Chikh,405645,Othmane Chraibi,93.209308,11.843388,93.209308,4,medium_research_only,SAME_ROLE_ONLY;RESEARCH_ONLY;SAMPLE_TOO_SMALL_LOCAL_11_MATCHES_NOT_PRODUCTION_READY,True,False
MID,30155,Bilal Ould-Chikh,406269,Danilson Gomes Tavares,91.816173,15.006869,91.816173,4,medium_research_only,SAME_ROLE_ONLY;RESEARCH_ONLY;SAMPLE_TOO_SMALL_LOCAL_11_MATCHES_NOT_PRODUCTION_READY,True,False
MID,30155,Bilal Ould-Chikh,407207,Ennaama El Bellali,94.87337,10.720525,94.87337,4,medium_research_only,SAME_ROLE_ONLY;RESEARCH_ONLY;SAMPLE_TOO_SMALL_LOCAL_11_MATCHES_NOT_PRODUCTION_READY,True,False
MID,30155,Bilal Ould-Chikh,407506,Oussama Nourdine,88.805351,14.438725,88.805351,4,medium_research_only,SAME_ROLE_ONLY;RESEARCH_ONLY;SAMPLE_TOO_SMALL_LOCAL_11_MATCHES_NOT_PRODUCTION_READY,True,False
MID,30155,Bilal Ould-Chikh,407852,Abdessamad Mahir,90.981105,13.605912,90.981105,4,medium_research_only,SAME_ROLE_ONLY;RESEARCH_ONLY;SAMPLE_TOO_SMALL_LOCAL_11_MATCHES_NOT_PRODUCTION_READY,True,False
MID,30155,Bilal Ould-Chikh,415853,Claude Gnolou,91.947441,12.674285,91.947441,4,medium_research_only,SAME_ROLE_ONLY;RESEARCH_ONLY;SAMPLE_TOO_SMALL_LOCAL_11_MATCHES_NOT_PRODUCTION_READY,True,False
MID,30155,Bilal Ould-Chikh,416303,El Mahdi Akoumi,96.060138,14.145347,96.060138,4,medium_research_only,SAME_ROLE_ONLY;RESEARCH_ONLY;SAMPLE_TOO_SMALL_LOCAL_11_MATCHES_NOT_PRODUCTION_READY,True,False
MID,30155,Bilal Ould-Chikh,424979,Soufiane Tazi,97.170684,8.305216,97.170684,4,medium_research_only,SAME_ROLE_ONLY;RESEARCH_ONLY;SAMPLE_TOO_SMALL_LOCAL_11_MATCHES_NOT_PRODUCTION_READY,True,False
MID,30155,Bilal Ould-Chikh,442288,Adnane Berdad,94.24231,12.593183,94.24231,4,medium_research_only,SAME_ROLE_ONLY;RESEARCH_ONLY;SAMPLE_TOO_SMALL_LOCAL_11_MATCHES_NOT_PRODUCTION_READY,True,False
MID,30155,Bilal Ould-Chikh,442292,Abdellatif El Bajjani,93.976183,11.306432,93.976183,4,medium_research_only,SAME_ROLE_ONLY;RESEARCH_ONLY;SAMPLE_TOO_SMALL_LOCAL_11_MATCHES_NOT_PRODUCTION_READY,True,False
MID,30155,Bilal Ould-Chikh,443951,Youness Akharraz,92.792832,14.600371,92.792832,4,medium_research_only,SAME_ROLE_ONLY;RESEARCH_ONLY;SAMPLE_TOO_SMALL_LOCAL_11_MATCHES_NOT_PRODUCTION_READY,True,False
MID,30155,Bilal Ould-Chikh,445163,Ayoub Maamouri,97.45745,15.870026,97.45745,4,medium_research_only,SAME_ROLE_ONLY;RESEARCH_ONLY;SAMPLE_TOO_SMALL_LOCAL_11_MATCHES_NOT_PRODUCTION_READY,True,False
MID,30155,Bilal Ould-Chikh,446355,Ishak Zidani,96.638871,10.148419,96.638871,4,medium_research_only,SAME_ROLE_ONLY;RESEARCH_ONLY;SAMPLE_TOO_SMALL_LOCAL_11_MATCHES_NOT_PRODUCTION_READY,True,False
MID,30155,Bilal Ould-Chikh,449373,Marouane Oujeddou,99.318494,11.098966,99.318494,4,medium_research_only,SAME_ROLE_ONLY;RESEARCH_ONLY;SAMPLE_TOO_SMALL_LOCAL_11_MATCHES_NOT_PRODUCTION_READY,True,False
MID,30155,Bilal Ould-Chikh,449471,Ayman Tarrazi,90.000198,15.168071,90.000198,4,medium_research_only,SAME_ROLE_ONLY;RESEARCH_ONLY;SAMPLE_TOO_SMALL_LOCAL_11_MATCHES_NOT_PRODUCTION_READY,True,False
MID,30155,Bilal Ould-Chikh,450709,Joseph Bakasu       ,92.768269,12.588525,92.768269,4,medium_research_only,SAME_ROLE_ONLY;RESEARCH_ONLY;SAMPLE_TOO_SMALL_LOCAL_11_MATCHES_NOT_PRODUCTION_READY,True,False
MID,30155,Bilal Ould-Chikh,460266,Youness Dahmani,75.863523,20.184181,75.863523,4,medium_research_only,SAME_ROLE_ONLY;RESEARCH_ONLY;SAMPLE_TOO_SMALL_LOCAL_11_MATCHES_NOT_PRODUCTION_READY,True,False
MID,30155,Bilal Ould-Chikh,477679,Redouane Oubidar,88.256226,14.726802,88.256226,4,medium_research_only,SAME_ROLE_ONLY;RESEARCH_ONLY;SAMPLE_TOO_SMALL_LOCAL_11_MATCHES_NOT_PRODUCTION_READY,True,False
MID,30155,Bilal Ould-Chikh,477680,Hamza Saoud,97.102827,7.678227,97.102827,4,medium_research_only,SAME_ROLE_ONLY;RESEARCH_ONLY;SAMPLE_TOO_SMALL_LOCAL_11_MATCHES_NOT_PRODUCTION_READY,True,False
MID,30155,Bilal Ould-Chikh,477682,Ayoub Benaadi,98.767297,9.12792,98.767297,4,medium_research_only,SAME_ROLE_ONLY;RESEARCH_ONLY;SAMPLE_TOO_SMALL_LOCAL_11_MATCHES_NOT_PRODUCTION_READY,True,False
MID,30155,Bilal Ould-Chikh,477688,Ayoub El Khaffi,92.525555,13.000002,92.525555,4,medium_research_only,SAME_ROLE_ONLY;RESEARCH_ONLY;SAMPLE_TOO_SMALL_LOCAL_11_MATCHES_NOT_PRODUCTION_READY,True,False
MID,30155,Bilal Ould-Chikh,523298,Mohamed Ahayaoui,94.356,10.623777,94.356,4,medium_research_only,SAME_ROLE_ONLY;RESEARCH_ONLY;SAMPLE_TOO_SMALL_LOCAL_11_MATCHES_NOT_PRODUCTION_READY,True,False
MID,30155,Bilal Ould-Chikh,523308,Adil Khalloufi,90.612405,13.343109,90.612405,4,medium_research_only,SAME_ROLE_ONLY;RESEARCH_ONLY;SAMPLE_TOO_SMALL_LOCAL_11_MATCHES_NOT_PRODUCTION_READY,True,False
MID,30155,Bilal Ould-Chikh,523312,Brahim Mansouri,98.526549,8.621303,98.526549,4,medium_research_only,SAME_ROLE_ONLY;RESEARCH_ONLY;SAMPLE_TOO_SMALL_LOCAL_11_MATCHES_NOT_PRODUCTION_READY,True,False
MID,30155,Bilal Ould-Chikh,523319,Omar Ouddah,89.175919,14.277497,89.175919,4,medium_research_only,SAME_ROLE_ONLY;RESEARCH_ONLY;SAMPLE_TOO_SMALL_LOCAL_11_MATCHES_NOT_PRODUCTION_READY,True,False
MID,30155,Bilal Ould-Chikh,523973,Hamza Rafa,92.985004,12.063464,92.985004,4,medium_research_only,SAME_ROLE_ONLY;RESEARCH_ONLY;SAMPLE_TOO_SMALL_LOCAL_11_MATCHES_NOT_PRODUCTION_READY,True,False
MID,30155,Bilal Ould-Chikh,523996,Fred Duval Ngoma,92.831806,12.143338,92.831806,4,medium_research_only,SAME_ROLE_ONLY;RESEARCH_ONLY;SAMPLE_TOO_SMALL_LOCAL_11_MATCHES_NOT_PRODUCTION_READY,True,False
MID,30155,Bilal Ould-Chikh,523997,Karim L'Koucha,92.89821,15.161214,92.89821,4,medium_research_only,SAME_ROLE_ONLY;RESEARCH_ONLY;SAMPLE_TOO_SMALL_LOCAL_11_MATCHES_NOT_PRODUCTION_READY,True,False
MID,30155,Bilal Ould-Chikh,523999,Zakaria Kessary,96.250264,9.356816,96.250264,4,medium_research_only,SAME_ROLE_ONLY;RESEARCH_ONLY;SAMPLE_TOO_SMALL_LOCAL_11_MATCHES_NOT_PRODUCTION_READY,True,False
MID,30155,Bilal Ould-Chikh,524000,Ahmed Aboulfath,82.936531,17.557085,82.936531,4,medium_research_only,SAME_ROLE_ONLY;RESEARCH_ONLY;SAMPLE_TOO_SMALL_LOCAL_11_MATCHES_NOT_PRODUCTION_READY,True,False
MID,30155,Bilal Ould-Chikh,524002,Salim Ghazzani,92.518824,12.725739,92.518824,4,medium_research_only,SAME_ROLE_ONLY;RESEARCH_ONLY;SAMPLE_TOO_SMALL_LOCAL_11_MATCHES_NOT_PRODUCTION_READY,True,False
MID,30155,Bilal Ould-Chikh,524003,Mohammed Es-Sahel,89.487049,14.597526,89.487049,4,medium_research_only,SAME_ROLE_ONLY;RESEARCH_ONLY;SAMPLE_TOO_SMALL_LOCAL_11_MATCHES_NOT_PRODUCTION_READY,True,False
MID,30155,Bilal Ould-Chikh,524511,Saad Nassik,93.33246,12.591666,93.33246,4,medium_research_only,SAME_ROLE_ONLY;RESEARCH_ONLY;SAMPLE_TOO_SMALL_LOCAL_11_MATCHES_NOT_PRODUCTION_READY,True,False
MID,38718,Enzo Fernandez,46646,José Dembi,99.473326,10.706161,99.473326,4,medium_research_only,SAME_ROLE_ONLY;RESEARCH_ONLY;SAMPLE_TOO_SMALL_LOCAL_11_MATCHES_NOT_PRODUCTION_READY,True,False
MID,38718,Enzo Fernandez,49000,Amine Oudrhiri Idrissi,98.526582,6.675597,98.526582,4,medium_research_only,SAME_ROLE_ONLY;RESEARCH_ONLY;SAMPLE_TOO_SMALL_LOCAL_11_MATCHES_NOT_PRODUCTION_READY,True,False
MID,38718,Enzo Fernandez,49395,Richard Rios Montoya,98.624323,4.785643,98.624323,4,medium_research_only,SAME_ROLE_ONLY;RESEARCH_ONLY;SAMPLE_TOO_SMALL_LOCAL_11_MATCHES_NOT_PRODUCTION_READY,True,False
MID,38718,Enzo Fernandez,60138,Kevin Duvan Castaño Gil,88.275972,83.092342,88.275972,4,medium_research_only,SAME_ROLE_ONLY;RESEARCH_ONLY;SAMPLE_TOO_SMALL_LOCAL_11_MATCHES_NOT_PRODUCTION_READY,True,False
MID,38718,Enzo Fernandez,134249,Adam Ennaffati,84.361797,15.103627,84.361797,4,medium_research_only,SAME_ROLE_ONLY;RESEARCH_ONLY;SAMPLE_TOO_SMALL_LOCAL_11_MATCHES_NOT_PRODUCTION_READY,True,False
MID,38718,Enzo Fernandez,135202,Walid Sabbar,95.456315,10.276873,95.456315,4,medium_research_only,SAME_ROLE_ONLY;RESEARCH_ONLY;SAMPLE_TOO_SMALL_LOCAL_11_MATCHES_NOT_PRODUCTION_READY,True,False
MID,38718,Enzo Fernandez,138827,Achraf El Idrissi,99.475586,7.070254,99.475586,4,medium_research_only,SAME_ROLE_ONLY;RESEARCH_ONLY;SAMPLE_TOO_SMALL_LOCAL_11_MATCHES_NOT_PRODUCTION_READY,True,False
MID,38718,Enzo Fernandez,138845,Mohsine Moutouali,88.443146,13.079179,88.443146,4,medium_research_only,SAME_ROLE_ONLY;RESEARCH_ONLY;SAMPLE_TOO_SMALL_LOCAL_11_MATCHES_NOT_PRODUCTION_READY,True,False
MID,38718,Enzo Fernandez,138853,Abdellah Farah,74.561535,19.4597,74.561535,4,medium_research_only,SAME_ROLE_ONLY;RESEARCH_ONLY;SAMPLE_TOO_SMALL_LOCAL_11_MATCHES_NOT_PRODUCTION_READY,True,False
MID,38718,Enzo Fernandez,138860,Youssef Michte,99.947031,5.998944,99.947031,4,medium_research_only,SAME_ROLE_ONLY;RESEARCH_ONLY;SAMPLE_TOO_SMALL_LOCAL_11_MATCHES_NOT_PRODUCTION_READY,True,False
MID,38718,Enzo Fernandez,138862,Abderrahmane Kassak,91.244397,11.54674,91.244397,4,medium_research_only,SAME_ROLE_ONLY;RESEARCH_ONLY;SAMPLE_TOO_SMALL_LOCAL_11_MATCHES_NOT_PRODUCTION_READY,True,False
MID,38718,Enzo Fernandez,138872,Oussama Mahrous,98.804722,7.267296,98.804722,4,medium_research_only,SAME_ROLE_ONLY;RESEARCH_ONLY;SAMPLE_TOO_SMALL_LOCAL_11_MATCHES_NOT_PRODUCTION_READY,True,False
MID,38718,Enzo Fernandez,138873,Abdelghafour Lamirat,99.967165,2.464886,99.967165,4,medium_research_only,SAME_ROLE_ONLY;RESEARCH_ONLY;SAMPLE_TOO_SMALL_LOCAL_11_MATCHES_NOT_PRODUCTION_READY,True,False
MID,38718,Enzo Fernandez,138877,Saleh Al Sellami,97.44402,8.864501,97.44402,4,medium_research_only,SAME_ROLE_ONLY;RESEARCH_ONLY;SAMPLE_TOO_SMALL_LOCAL_11_MATCHES_NOT_PRODUCTION_READY,True,False
MID,38718,Enzo Fernandez,138895,Abdelfattah Hadraf,80.036259,19.160215,80.036259,4,medium_research_only,SAME_ROLE_ONLY;RESEARCH_ONLY;SAMPLE_TOO_SMALL_LOCAL_11_MATCHES_NOT_PRODUCTION_READY,True,False
MID,38718,Enzo Fernandez,138898,Ahmed Chentouf,83.791062,21.101278,83.791062,4,medium_research_only,SAME_ROLE_ONLY;RESEARCH_ONLY;SAMPLE_TOO_SMALL_LOCAL_11_MATCHES_NOT_PRODUCTION_READY,True,False
MID,38718,Enzo Fernandez,138983,Zine Eddine Derrag,99.449791,3.548338,99.449791,4,medium_research_only,SAME_ROLE_ONLY;RESEARCH_ONLY;SAMPLE_TOO_SMALL_LOCAL_11_MATCHES_NOT_PRODUCTION_READY,True,False
MID,38718,Enzo Fernandez,139545,Mohammad El Fakih,88.861921,13.20537,88.861921,4,medium_research_only,SAME_ROLE_ONLY;RESEARCH_ONLY;SAMPLE_TOO_SMALL_LOCAL_11_MATCHES_NOT_PRODUCTION_READY,True,False
MID,38718,Enzo Fernandez,139554,Abdoulaye Diarra,99.730739,9.68157,99.730739,4,medium_research_only,SAME_ROLE_ONLY;RESEARCH_ONLY;SAMPLE_TOO_SMALL_LOCAL_11_MATCHES_NOT_PRODUCTION_READY,True,False
MID,38718,Enzo Fernandez,139565,Larbi Naji,98.728337,7.229082,98.728337,4,medium_research_only,SAME_ROLE_ONLY;RESEARCH_ONLY;SAMPLE_TOO_SMALL_LOCAL_11_MATCHES_NOT_PRODUCTION_READY,True,False
MID,38718,Enzo Fernandez,139568,Youssef Zghoudi,99.815433,12.058317,99.815433,4,medium_research_only,SAME_ROLE_ONLY;RESEARCH_ONLY;SAMPLE_TOO_SMALL_LOCAL_11_MATCHES_NOT_PRODUCTION_READY,True,False
MID,38718,Enzo Fernandez,139570,Brahim El Bahraoui,95.98393,17.555304,95.98393,4,medium_research_only,SAME_ROLE_ONLY;RESEARCH_ONLY;SAMPLE_TOO_SMALL_LOCAL_11_MATCHES_NOT_PRODUCTION_READY,True,False
MID,38718,Enzo Fernandez,140871,Khalid Ait Ouarkhane,91.820068,11.647115,91.820068,4,medium_research_only,SAME_ROLE_ONLY;RESEARCH_ONLY;SAMPLE_TOO_SMALL_LOCAL_11_MATCHES_NOT_PRODUCTION_READY,True,False
MID,38718,Enzo Fernandez,140872,Mohamed Rabie Hrimat,94.753628,9.139372,94.753628,4,medium_research_only,SAME_ROLE_ONLY;RESEARCH_ONLY;SAMPLE_TOO_SMALL_LOCAL_11_MATCHES_NOT_PRODUCTION_READY,True,False
MID,38718,Enzo Fernandez,141254,Hamza Afsal,91.104611,12.117862,91.104611,4,medium_research_only,SAME_ROLE_ONLY;RESEARCH_ONLY;SAMPLE_TOO_SMALL_LOCAL_11_MATCHES_NOT_PRODUCTION_READY,True,False
MID,38718,Enzo Fernandez,143166,Zakaria Fati,99.148648,6.194166,99.148648,4,medium_research_only,SAME_ROLE_ONLY;RESEARCH_ONLY;SAMPLE_TOO_SMALL_LOCAL_11_MATCHES_NOT_PRODUCTION_READY,True,False
MID,38718,Enzo Fernandez,143490,Ahmed Hammoudan,93.528342,10.441119,93.528342,4,medium_research_only,SAME_ROLE_ONLY;RESEARCH_ONLY;SAMPLE_TOO_SMALL_LOCAL_11_MATCHES_NOT_PRODUCTION_READY,True,False
MID,38718,Enzo Fernandez,143505,Mohamed Morabit,85.844684,14.285019,85.844684,4,medium_research_only,SAME_ROLE_ONLY;RESEARCH_ONLY;SAMPLE_TOO_SMALL_LOCAL_11_MATCHES_NOT_PRODUCTION_READY,True,False
MID,38718,Enzo Fernandez,144434,Ismail Moutaraji,99.773836,2.797459,99.773836,4,medium_research_only,SAME_ROLE_ONLY;RESEARCH_ONLY;SAMPLE_TOO_SMALL_LOCAL_11_MATCHES_NOT_PRODUCTION_READY,True,False
MID,38718,Enzo Fernandez,144436,Anas Serrhat,98.489005,4.978241,98.489005,4,medium_research_only,SAME_ROLE_ONLY;RESEARCH_ONLY;SAMPLE_TOO_SMALL_LOCAL_11_MATCHES_NOT_PRODUCTION_READY,True,False
MID,38718,Enzo Fernandez,149135,Moses Orkuma,99.813093,4.248606,99.813093,4,medium_research_only,SAME_ROLE_ONLY;RESEARCH_ONLY;SAMPLE_TOO_SMALL_LOCAL_11_MATCHES_NOT_PRODUCTION_READY,True,False
MID,38718,Enzo Fernandez,151743,Mohamed Al Makahasi,98.387111,6.524952,98.387111,4,medium_research_only,SAME_ROLE_ONLY;RESEARCH_ONLY;SAMPLE_TOO_SMALL_LOCAL_11_MATCHES_NOT_PRODUCTION_READY,True,False
MID,38718,Enzo Fernandez,154668,Mamadou Lamine Camara,98.319268,5.874623,98.319268,4,medium_research_only,SAME_ROLE_ONLY;RESEARCH_ONLY;SAMPLE_TOO_SMALL_LOCAL_11_MATCHES_NOT_PRODUCTION_READY,True,False
MID,38718,Enzo Fernandez,161352,Salaheddine Errahouli,89.917561,12.456477,89.917561,4,medium_research_only,SAME_ROLE_ONLY;RESEARCH_ONLY;SAMPLE_TOO_SMALL_LOCAL_11_MATCHES_NOT_PRODUCTION_READY,True,False
MID,38718,Enzo Fernandez,183765,Mohammed Amine Essahel,97.124335,7.856684,97.124335,4,medium_research_only,SAME_ROLE_ONLY;RESEARCH_ONLY;SAMPLE_TOO_SMALL_LOCAL_11_MATCHES_NOT_PRODUCTION_READY,True,False
MID,38718,Enzo Fernandez,194809,Oussama Zemraoui,94.658243,9.179028,94.658243,4,medium_research_only,SAME_ROLE_ONLY;RESEARCH_ONLY;SAMPLE_TOO_SMALL_LOCAL_11_MATCHES_NOT_PRODUCTION_READY,True,False
MID,38718,Enzo Fernandez,194912,Faouzi Abd El Mouttalib,99.33067,6.947628,99.33067,4,medium_research_only,SAME_ROLE_ONLY;RESEARCH_ONLY;SAMPLE_TOO_SMALL_LOCAL_11_MATCHES_NOT_PRODUCTION_READY,True,False
MID,38718,Enzo Fernandez,195016,Mouad Mouchtanim,98.414611,5.599245,98.414611,4,medium_research_only,SAME_ROLE_ONLY;RESEARCH_ONLY;SAMPLE_TOO_SMALL_LOCAL_11_MATCHES_NOT_PRODUCTION_READY,True,False
MID,38718,Enzo Fernandez,199611,Youssef Mehri,92.554168,10.838213,92.554168,4,medium_research_only,SAME_ROLE_ONLY;RESEARCH_ONLY;SAMPLE_TOO_SMALL_LOCAL_11_MATCHES_NOT_PRODUCTION_READY,True,False
MID,38718,Enzo Fernandez,203027,Walid Rhailouf,98.201783,5.642201,98.201783,4,medium_research_only,SAME_ROLE_ONLY;RESEARCH_ONLY;SAMPLE_TOO_SMALL_LOCAL_11_MATCHES_NOT_PRODUCTION_READY,True,False
MID,38718,Enzo Fernandez,225437,Stephane Aziz Ki,94.218094,13.384619,94.218094,4,medium_research_only,SAME_ROLE_ONLY;RESEARCH_ONLY;SAMPLE_TOO_SMALL_LOCAL_11_MATCHES_NOT_PRODUCTION_READY,True,False
MID,38718,Enzo Fernandez,261620,Nadir Lougmani,98.647843,10.815327,98.647843,4,medium_research_only,SAME_ROLE_ONLY;RESEARCH_ONLY;SAMPLE_TOO_SMALL_LOCAL_11_MATCHES_NOT_PRODUCTION_READY,True,False
MID,38718,Enzo Fernandez,275341,Yazid Faffa,97.898827,9.521228,97.898827,4,medium_research_only,SAME_ROLE_ONLY;RESEARCH_ONLY;SAMPLE_TOO_SMALL_LOCAL_11_MATCHES_NOT_PRODUCTION_READY,True,False
MID,38718,Enzo Fernandez,312935,Amine Azri,97.810369,6.826322,97.810369,4,medium_research_only,SAME_ROLE_ONLY;RESEARCH_ONLY;SAMPLE_TOO_SMALL_LOCAL_11_MATCHES_NOT_PRODUCTION_READY,True,False
MID,38718,Enzo Fernandez,313277,Mohamed Chemlal,82.156389,28.78093,82.156389,4,medium_research_only,SAME_ROLE_ONLY;RESEARCH_ONLY;SAMPLE_TOO_SMALL_LOCAL_11_MATCHES_NOT_PRODUCTION_READY,True,False
MID,38718,Enzo Fernandez,313284,Achraf Harmach,99.855785,6.875558,99.855785,4,medium_research_only,SAME_ROLE_ONLY;RESEARCH_ONLY;SAMPLE_TOO_SMALL_LOCAL_11_MATCHES_NOT_PRODUCTION_READY,True,False
MID,38718,Enzo Fernandez,314460,Ayoub Bouaadli,99.320959,5.212984,99.320959,4,medium_research_only,SAME_ROLE_ONLY;RESEARCH_ONLY;SAMPLE_TOO_SMALL_LOCAL_11_MATCHES_NOT_PRODUCTION_READY,True,False
MID,38718,Enzo Fernandez,323979,Zakaria Fatihi,94.683869,9.282992,94.683869,4,medium_research_only,SAME_ROLE_ONLY;RESEARCH_ONLY;SAMPLE_TOO_SMALL_LOCAL_11_MATCHES_NOT_PRODUCTION_READY,True,False
MID,38718,Enzo Fernandez,360838,Zakaria Ami,81.921469,16.516918,81.921469,4,medium_research_only,SAME_ROLE_ONLY;RESEARCH_ONLY;SAMPLE_TOO_SMALL_LOCAL_11_MATCHES_NOT_PRODUCTION_READY,True,False
MID,38718,Enzo Fernandez,380600,Mouad Goulouss,98.266801,12.58356,98.266801,4,medium_research_only,SAME_ROLE_ONLY;RESEARCH_ONLY;SAMPLE_TOO_SMALL_LOCAL_11_MATCHES_NOT_PRODUCTION_READY,True,False
MID,38718,Enzo Fernandez,381935,Ismail Mihrab,96.846359,10.87035,96.846359,4,medium_research_only,SAME_ROLE_ONLY;RESEARCH_ONLY;SAMPLE_TOO_SMALL_LOCAL_11_MATCHES_NOT_PRODUCTION_READY,True,False
MID,38718,Enzo Fernandez,396748,Youssef Laghzal,95.636243,13.88618,95.636243,4,medium_research_only,SAME_ROLE_ONLY;RESEARCH_ONLY;SAMPLE_TOO_SMALL_LOCAL_11_MATCHES_NOT_PRODUCTION_READY,True,False
MID,38718,Enzo Fernandez,405645,Othmane Chraibi,99.235614,4.354294,99.235614,4,medium_research_only,SAME_ROLE_ONLY;RESEARCH_ONLY;SAMPLE_TOO_SMALL_LOCAL_11_MATCHES_NOT_PRODUCTION_READY,True,False
MID,38718,Enzo Fernandez,406269,Danilson Gomes Tavares,97.651204,10.581391,97.651204,4,medium_research_only,SAME_ROLE_ONLY;RESEARCH_ONLY;SAMPLE_TOO_SMALL_LOCAL_11_MATCHES_NOT_PRODUCTION_READY,True,False
MID,38718,Enzo Fernandez,407207,Ennaama El Bellali,99.750213,4.001198,99.750213,4,medium_research_only,SAME_ROLE_ONLY;RESEARCH_ONLY;SAMPLE_TOO_SMALL_LOCAL_11_MATCHES_NOT_PRODUCTION_READY,True,False
MID,38718,Enzo Fernandez,407506,Oussama Nourdine,98.417943,5.903202,98.417943,4,medium_research_only,SAME_ROLE_ONLY;RESEARCH_ONLY;SAMPLE_TOO_SMALL_LOCAL_11_MATCHES_NOT_PRODUCTION_READY,True,False
MID,38718,Enzo Fernandez,407852,Abdessamad Mahir,97.765306,7.505445,97.765306,4,medium_research_only,SAME_ROLE_ONLY;RESEARCH_ONLY;SAMPLE_TOO_SMALL_LOCAL_11_MATCHES_NOT_PRODUCTION_READY,True,False
MID,38718,Enzo Fernandez,415853,Claude Gnolou,99.278098,4.841623,99.278098,4,medium_research_only,SAME_ROLE_ONLY;RESEARCH_ONLY;SAMPLE_TOO_SMALL_LOCAL_11_MATCHES_NOT_PRODUCTION_READY,True,False
MID,38718,Enzo Fernandez,416303,El Mahdi Akoumi,99.448675,10.56339,99.448675,4,medium_research_only,SAME_ROLE_ONLY;RESEARCH_ONLY;SAMPLE_TOO_SMALL_LOCAL_11_MATCHES_NOT_PRODUCTION_READY,True,False
MID,38718,Enzo Fernandez,424979,Soufiane Tazi,98.826997,4.730508,98.826997,4,medium_research_only,SAME_ROLE_ONLY;RESEARCH_ONLY;SAMPLE_TOO_SMALL_LOCAL_11_MATCHES_NOT_PRODUCTION_READY,True,False
MID,38718,Enzo Fernandez,442288,Adnane Berdad,99.745642,7.105754,99.745642,4,medium_research_only,SAME_ROLE_ONLY;RESEARCH_ONLY;SAMPLE_TOO_SMALL_LOCAL_11_MATCHES_NOT_PRODUCTION_READY,True,False
MID,38718,Enzo Fernandez,442292,Abdellatif El Bajjani,99.013845,5.02516,99.013845,4,medium_research_only,SAME_ROLE_ONLY;RESEARCH_ONLY;SAMPLE_TOO_SMALL_LOCAL_11_MATCHES_NOT_PRODUCTION_READY,True,False
MID,38718,Enzo Fernandez,443951,Youness Akharraz,99.21319,9.780437,99.21319,4,medium_research_only,SAME_ROLE_ONLY;RESEARCH_ONLY;SAMPLE_TOO_SMALL_LOCAL_11_MATCHES_NOT_PRODUCTION_READY,True,False
MID,38718,Enzo Fernandez,445163,Ayoub Maamouri,88.851031,15.286628,88.851031,4,medium_research_only,SAME_ROLE_ONLY;RESEARCH_ONLY;SAMPLE_TOO_SMALL_LOCAL_11_MATCHES_NOT_PRODUCTION_READY,True,False
MID,38718,Enzo Fernandez,446355,Ishak Zidani,98.910204,6.226991,98.910204,4,medium_research_only,SAME_ROLE_ONLY;RESEARCH_ONLY;SAMPLE_TOO_SMALL_LOCAL_11_MATCHES_NOT_PRODUCTION_READY,True,False
MID,38718,Enzo Fernandez,449373,Marouane Oujeddou,94.451839,11.115385,94.451839,4,medium_research_only,SAME_ROLE_ONLY;RESEARCH_ONLY;SAMPLE_TOO_SMALL_LOCAL_11_MATCHES_NOT_PRODUCTION_READY,True,False
MID,38718,Enzo Fernandez,449471,Ayman Tarrazi,99.067765,9.114187,99.067765,4,medium_research_only,SAME_ROLE_ONLY;RESEARCH_ONLY;SAMPLE_TOO_SMALL_LOCAL_11_MATCHES_NOT_PRODUCTION_READY,True,False
MID,38718,Enzo Fernandez,450709,Joseph Bakasu       ,99.586987,5.618162,99.586987,4,medium_research_only,SAME_ROLE_ONLY;RESEARCH_ONLY;SAMPLE_TOO_SMALL_LOCAL_11_MATCHES_NOT_PRODUCTION_READY,True,False
MID,38718,Enzo Fernandez,460266,Youness Dahmani,78.017894,17.508026,78.017894,4,medium_research_only,SAME_ROLE_ONLY;RESEARCH_ONLY;SAMPLE_TOO_SMALL_LOCAL_11_MATCHES_NOT_PRODUCTION_READY,True,False
MID,38718,Enzo Fernandez,477679,Redouane Oubidar,96.149694,8.113118,96.149694,4,medium_research_only,SAME_ROLE_ONLY;RESEARCH_ONLY;SAMPLE_TOO_SMALL_LOCAL_11_MATCHES_NOT_PRODUCTION_READY,True,False
MID,38718,Enzo Fernandez,477680,Hamza Saoud,98.095441,6.064782,98.095441,4,medium_research_only,SAME_ROLE_ONLY;RESEARCH_ONLY;SAMPLE_TOO_SMALL_LOCAL_11_MATCHES_NOT_PRODUCTION_READY,True,False
MID,38718,Enzo Fernandez,477682,Ayoub Benaadi,93.293075,10.626205,93.293075,4,medium_research_only,SAME_ROLE_ONLY;RESEARCH_ONLY;SAMPLE_TOO_SMALL_LOCAL_11_MATCHES_NOT_PRODUCTION_READY,True,False
MID,38718,Enzo Fernandez,477688,Ayoub El Khaffi,99.936926,4.159497,99.936926,4,medium_research_only,SAME_ROLE_ONLY;RESEARCH_ONLY;SAMPLE_TOO_SMALL_LOCAL_11_MATCHES_NOT_PRODUCTION_READY,True,False
MID,38718,Enzo Fernandez,523298,Mohamed Ahayaoui,99.109465,3.975579,99.109465,4,medium_research_only,SAME_ROLE_ONLY;RESEARCH_ONLY;SAMPLE_TOO_SMALL_LOCAL_11_MATCHES_NOT_PRODUCTION_READY,True,False
MID,38718,Enzo Fernandez,523308,Adil Khalloufi,98.868146,4.781519,98.868146,4,medium_research_only,SAME_ROLE_ONLY;RESEARCH_ONLY;SAMPLE_TOO_SMALL_LOCAL_11_MATCHES_NOT_PRODUCTION_READY,True,False
MID,38718,Enzo Fernandez,523312,Brahim Mansouri,87.28395,13.588207,87.28395,4,medium_research_only,SAME_ROLE_ONLY;RESEARCH_ONLY;SAMPLE_TOO_SMALL_LOCAL_11_MATCHES_NOT_PRODUCTION_READY,True,False
MID,38718,Enzo Fernandez,523319,Omar Ouddah,98.118844,5.542638,98.118844,4,medium_research_only,SAME_ROLE_ONLY;RESEARCH_ONLY;SAMPLE_TOO_SMALL_LOCAL_11_MATCHES_NOT_PRODUCTION_READY,True,False
MID,38718,Enzo Fernandez,523973,Hamza Rafa,99.348103,4.829547,99.348103,4,medium_research_only,SAME_ROLE_ONLY;RESEARCH_ONLY;SAMPLE_TOO_SMALL_LOCAL_11_MATCHES_NOT_PRODUCTION_READY,True,False
MID,38718,Enzo Fernandez,523996,Fred Duval Ngoma,99.598447,4.412172,99.598447,4,medium_research_only,SAME_ROLE_ONLY;RESEARCH_ONLY;SAMPLE_TOO_SMALL_LOCAL_11_MATCHES_NOT_PRODUCTION_READY,True,False
MID,38718,Enzo Fernandez,523997,Karim L'Koucha,99.833251,10.452685,99.833251,4,medium_research_only,SAME_ROLE_ONLY;RESEARCH_ONLY;SAMPLE_TOO_SMALL_LOCAL_11_MATCHES_NOT_PRODUCTION_READY,True,False
MID,38718,Enzo Fernandez,523999,Zakaria Kessary,98.325771,5.625703,98.325771,4,medium_research_only,SAME_ROLE_ONLY;RESEARCH_ONLY;SAMPLE_TOO_SMALL_LOCAL_11_MATCHES_NOT_PRODUCTION_READY,True,False
MID,38718,Enzo Fernandez,524000,Ahmed Aboulfath,89.614671,13.293609,89.614671,4,medium_research_only,SAME_ROLE_ONLY;RESEARCH_ONLY;SAMPLE_TOO_SMALL_LOCAL_11_MATCHES_NOT_PRODUCTION_READY,True,False
MID,38718,Enzo Fernandez,524002,Salim Ghazzani,87.435631,15.881364,87.435631,4,medium_research_only,SAME_ROLE_ONLY;RESEARCH_ONLY;SAMPLE_TOO_SMALL_LOCAL_11_MATCHES_NOT_PRODUCTION_READY,True,False
MID,38718,Enzo Fernandez,524003,Mohammed Es-Sahel,98.149326,7.903311,98.149326,4,medium_research_only,SAME_ROLE_ONLY;RESEARCH_ONLY;SAMPLE_TOO_SMALL_LOCAL_11_MATCHES_NOT_PRODUCTION_READY,True,False
MID,38718,Enzo Fernandez,524511,Saad Nassik,99.943465,5.998241,99.943465,4,medium_research_only,SAME_ROLE_ONLY;RESEARCH_ONLY;SAMPLE_TOO_SMALL_LOCAL_11_MATCHES_NOT_PRODUCTION_READY,True,False
MID,46646,José Dembi,49000,Amine Oudrhiri Idrissi,97.815137,6.495227,97.815137,4,medium_research_only,SAME_ROLE_ONLY;RESEARCH_ONLY;SAMPLE_TOO_SMALL_LOCAL_11_MATCHES_NOT_PRODUCTION_READY,True,False
MID,46646,José Dembi,49395,Richard Rios Montoya,98.938631,9.779021,98.938631,4,medium_research_only,SAME_ROLE_ONLY;RESEARCH_ONLY;SAMPLE_TOO_SMALL_LOCAL_11_MATCHES_NOT_PRODUCTION_READY,True,False
MID,46646,José Dembi,60138,Kevin Duvan Castaño Gil,90.696044,89.79846,90.696044,4,medium_research_only,SAME_ROLE_ONLY;RESEARCH_ONLY;SAMPLE_TOO_SMALL_LOCAL_11_MATCHES_NOT_PRODUCTION_READY,True,False
MID,46646,José Dembi,134249,Adam Ennaffati,87.842913,7.3784,87.842913,4,medium_research_only,SAME_ROLE_ONLY;RESEARCH_ONLY;SAMPLE_TOO_SMALL_LOCAL_11_MATCHES_NOT_PRODUCTION_READY,True,False
MID,46646,José Dembi,135202,Walid Sabbar,97.34013,4.648514,97.34013,4,medium_research_only,SAME_ROLE_ONLY;RESEARCH_ONLY;SAMPLE_TOO_SMALL_LOCAL_11_MATCHES_NOT_PRODUCTION_READY,True,False
MID,46646,José Dembi,138827,Achraf El Idrissi,99.99036,3.871319,99.99036,4,medium_research_only,SAME_ROLE_ONLY;RESEARCH_ONLY;SAMPLE_TOO_SMALL_LOCAL_11_MATCHES_NOT_PRODUCTION_READY,True,False
MID,46646,José Dembi,138845,Mohsine Moutouali,90.938024,10.342884,90.938024,4,medium_research_only,SAME_ROLE_ONLY;RESEARCH_ONLY;SAMPLE_TOO_SMALL_LOCAL_11_MATCHES_NOT_PRODUCTION_READY,True,False
MID,46646,José Dembi,138853,Abdellah Farah,75.284727,9.017485,75.284727,4,medium_research_only,SAME_ROLE_ONLY;RESEARCH_ONLY;SAMPLE_TOO_SMALL_LOCAL_11_MATCHES_NOT_PRODUCTION_READY,True,False
MID,46646,José Dembi,138860,Youssef Michte,99.217405,5.025385,99.217405,4,medium_research_only,SAME_ROLE_ONLY;RESEARCH_ONLY;SAMPLE_TOO_SMALL_LOCAL_11_MATCHES_NOT_PRODUCTION_READY,True,False
MID,46646,José Dembi,138862,Abderrahmane Kassak,94.367915,8.637306,94.367915,4,medium_research_only,SAME_ROLE_ONLY;RESEARCH_ONLY;SAMPLE_TOO_SMALL_LOCAL_11_MATCHES_NOT_PRODUCTION_READY,True,False
MID,46646,José Dembi,138872,Oussama Mahrous,99.481059,4.586492,99.481059,4,medium_research_only,SAME_ROLE_ONLY;RESEARCH_ONLY;SAMPLE_TOO_SMALL_LOCAL_11_MATCHES_NOT_PRODUCTION_READY,True,False
MID,46646,José Dembi,138873,Abdelghafour Lamirat,99.334441,8.427263,99.334441,4,medium_research_only,SAME_ROLE_ONLY;RESEARCH_ONLY;SAMPLE_TOO_SMALL_LOCAL_11_MATCHES_NOT_PRODUCTION_READY,True,False
MID,46646,José Dembi,138877,Saleh Al Sellami,98.165147,4.5766,98.165147,4,medium_research_only,SAME_ROLE_ONLY;RESEARCH_ONLY;SAMPLE_TOO_SMALL_LOCAL_11_MATCHES_NOT_PRODUCTION_READY,True,False
MID,46646,José Dembi,138895,Abdelfattah Hadraf,79.004336,18.437812,79.004336,4,medium_research_only,SAME_ROLE_ONLY;RESEARCH_ONLY;SAMPLE_TOO_SMALL_LOCAL_11_MATCHES_NOT_PRODUCTION_READY,True,False
MID,46646,José Dembi,138898,Ahmed Chentouf,81.412688,23.667804,81.412688,4,medium_research_only,SAME_ROLE_ONLY;RESEARCH_ONLY;SAMPLE_TOO_SMALL_LOCAL_11_MATCHES_NOT_PRODUCTION_READY,True,False
MID,46646,José Dembi,138983,Zine Eddine Derrag,99.249583,8.729189,99.249583,4,medium_research_only,SAME_ROLE_ONLY;RESEARCH_ONLY;SAMPLE_TOO_SMALL_LOCAL_11_MATCHES_NOT_PRODUCTION_READY,True,False
MID,46646,José Dembi,139545,Mohammad El Fakih,92.19935,11.888231,92.19935,4,medium_research_only,SAME_ROLE_ONLY;RESEARCH_ONLY;SAMPLE_TOO_SMALL_LOCAL_11_MATCHES_NOT_PRODUCTION_READY,True,False
MID,46646,José Dembi,139554,Abdoulaye Diarra,99.890172,1.170047,99.890172,4,medium_research_only,SAME_ROLE_ONLY;RESEARCH_ONLY;SAMPLE_TOO_SMALL_LOCAL_11_MATCHES_NOT_PRODUCTION_READY,True,False
MID,46646,José Dembi,139565,Larbi Naji,99.282118,4.824741,99.282118,4,medium_research_only,SAME_ROLE_ONLY;RESEARCH_ONLY;SAMPLE_TOO_SMALL_LOCAL_11_MATCHES_NOT_PRODUCTION_READY,True,False
MID,46646,José Dembi,139568,Youssef Zghoudi,99.476909,1.995556,99.476909,4,medium_research_only,SAME_ROLE_ONLY;RESEARCH_ONLY;SAMPLE_TOO_SMALL_LOCAL_11_MATCHES_NOT_PRODUCTION_READY,True,False
MID,46646,José Dembi,139570,Brahim El Bahraoui,97.645301,6.967175,97.645301,4,medium_research_only,SAME_ROLE_ONLY;RESEARCH_ONLY;SAMPLE_TOO_SMALL_LOCAL_11_MATCHES_NOT_PRODUCTION_READY,True,False
MID,46646,José Dembi,140871,Khalid Ait Ouarkhane,94.173292,6.842196,94.173292,4,medium_research_only,SAME_ROLE_ONLY;RESEARCH_ONLY;SAMPLE_TOO_SMALL_LOCAL_11_MATCHES_NOT_PRODUCTION_READY,True,False
MID,46646,José Dembi,140872,Mohamed Rabie Hrimat,96.530061,8.883966,96.530061,4,medium_research_only,SAME_ROLE_ONLY;RESEARCH_ONLY;SAMPLE_TOO_SMALL_LOCAL_11_MATCHES_NOT_PRODUCTION_READY,True,False
MID,46646,José Dembi,141254,Hamza Afsal,91.239117,7.585741,91.239117,4,medium_research_only,SAME_ROLE_ONLY;RESEARCH_ONLY;SAMPLE_TOO_SMALL_LOCAL_11_MATCHES_NOT_PRODUCTION_READY,True,False
MID,46646,José Dembi,143166,Zakaria Fati,99.847104,5.312638,99.847104,4,medium_research_only,SAME_ROLE_ONLY;RESEARCH_ONLY;SAMPLE_TOO_SMALL_LOCAL_11_MATCHES_NOT_PRODUCTION_READY,True,False
MID,46646,José Dembi,143490,Ahmed Hammoudan,95.058884,7.329622,95.058884,4,medium_research_only,SAME_ROLE_ONLY;RESEARCH_ONLY;SAMPLE_TOO_SMALL_LOCAL_11_MATCHES_NOT_PRODUCTION_READY,True,False
MID,46646,José Dembi,143505,Mohamed Morabit,87.977262,10.685779,87.977262,4,medium_research_only,SAME_ROLE_ONLY;RESEARCH_ONLY;SAMPLE_TOO_SMALL_LOCAL_11_MATCHES_NOT_PRODUCTION_READY,True,False
MID,46646,José Dembi,144434,Ismail Moutaraji,99.584252,12.578934,99.584252,4,medium_research_only,SAME_ROLE_ONLY;RESEARCH_ONLY;SAMPLE_TOO_SMALL_LOCAL_11_MATCHES_NOT_PRODUCTION_READY,True,False
MID,46646,José Dembi,144436,Anas Serrhat,99.327785,9.95144,99.327785,4,medium_research_only,SAME_ROLE_ONLY;RESEARCH_ONLY;SAMPLE_TOO_SMALL_LOCAL_11_MATCHES_NOT_PRODUCTION_READY,True,False
MID,46646,José Dembi,149135,Moses Orkuma,98.92814,7.074323,98.92814,4,medium_research_only,SAME_ROLE_ONLY;RESEARCH_ONLY;SAMPLE_TOO_SMALL_LOCAL_11_MATCHES_NOT_PRODUCTION_READY,True,False
MID,46646,José Dembi,151743,Mohamed Al Makahasi,99.016773,6.326768,99.016773,4,medium_research_only,SAME_ROLE_ONLY;RESEARCH_ONLY;SAMPLE_TOO_SMALL_LOCAL_11_MATCHES_NOT_PRODUCTION_READY,True,False
MID,46646,José Dembi,154668,Mamadou Lamine Camara,99.148806,7.557432,99.148806,4,medium_research_only,SAME_ROLE_ONLY;RESEARCH_ONLY;SAMPLE_TOO_SMALL_LOCAL_11_MATCHES_NOT_PRODUCTION_READY,True,False
MID,46646,José Dembi,161352,Salaheddine Errahouli,92.588794,7.739186,92.588794,4,medium_research_only,SAME_ROLE_ONLY;RESEARCH_ONLY;SAMPLE_TOO_SMALL_LOCAL_11_MATCHES_NOT_PRODUCTION_READY,True,False
MID,46646,José Dembi,183765,Mohammed Amine Essahel,96.948274,6.918667,96.948274,4,medium_research_only,SAME_ROLE_ONLY;RESEARCH_ONLY;SAMPLE_TOO_SMALL_LOCAL_11_MATCHES_NOT_PRODUCTION_READY,True,False
MID,46646,José Dembi,194809,Oussama Zemraoui,96.648989,9.265441,96.648989,4,medium_research_only,SAME_ROLE_ONLY;RESEARCH_ONLY;SAMPLE_TOO_SMALL_LOCAL_11_MATCHES_NOT_PRODUCTION_READY,True,False
MID,46646,José Dembi,194912,Faouzi Abd El Mouttalib,99.959458,4.159763,99.959458,4,medium_research_only,SAME_ROLE_ONLY;RESEARCH_ONLY;SAMPLE_TOO_SMALL_LOCAL_11_MATCHES_NOT_PRODUCTION_READY,True,False
MID,46646,José Dembi,195016,Mouad Mouchtanim,98.48705,8.19548,98.48705,4,medium_research_only,SAME_ROLE_ONLY;RESEARCH_ONLY;SAMPLE_TOO_SMALL_LOCAL_11_MATCHES_NOT_PRODUCTION_READY,True,False
MID,46646,José Dembi,199611,Youssef Mehri,94.807117,8.087372,94.807117,4,medium_research_only,SAME_ROLE_ONLY;RESEARCH_ONLY;SAMPLE_TOO_SMALL_LOCAL_11_MATCHES_NOT_PRODUCTION_READY,True,False
MID,46646,José Dembi,203027,Walid Rhailouf,99.294103,8.5015,99.294103,4,medium_research_only,SAME_ROLE_ONLY;RESEARCH_ONLY;SAMPLE_TOO_SMALL_LOCAL_11_MATCHES_NOT_PRODUCTION_READY,True,False
MID,46646,José Dembi,225437,Stephane Aziz Ki,96.062664,3.873874,96.062664,4,medium_research_only,SAME_ROLE_ONLY;RESEARCH_ONLY;SAMPLE_TOO_SMALL_LOCAL_11_MATCHES_NOT_PRODUCTION_READY,True,False
MID,46646,José Dembi,261620,Nadir Lougmani,99.170015,1.833275,99.170015,4,medium_research_only,SAME_ROLE_ONLY;RESEARCH_ONLY;SAMPLE_TOO_SMALL_LOCAL_11_MATCHES_NOT_PRODUCTION_READY,True,False
MID,46646,José Dembi,275341,Yazid Faffa,98.161057,3.646308,98.161057,4,medium_research_only,SAME_ROLE_ONLY;RESEARCH_ONLY;SAMPLE_TOO_SMALL_LOCAL_11_MATCHES_NOT_PRODUCTION_READY,True,False
MID,46646,José Dembi,312935,Amine Azri,97.768499,7.343906,97.768499,4,medium_research_only,SAME_ROLE_ONLY;RESEARCH_ONLY;SAMPLE_TOO_SMALL_LOCAL_11_MATCHES_NOT_PRODUCTION_READY,True,False
MID,46646,José Dembi,313277,Mohamed Chemlal,85.977236,30.950765,85.977236,4,medium_research_only,SAME_ROLE_ONLY;RESEARCH_ONLY;SAMPLE_TOO_SMALL_LOCAL_11_MATCHES_NOT_PRODUCTION_READY,True,False
MID,46646,José Dembi,313284,Achraf Harmach,99.55618,4.054515,99.55618,4,medium_research_only,SAME_ROLE_ONLY;RESEARCH_ONLY;SAMPLE_TOO_SMALL_LOCAL_11_MATCHES_NOT_PRODUCTION_READY,True,False
MID,46646,José Dembi,314460,Ayoub Bouaadli,99.911605,6.278913,99.911605,4,medium_research_only,SAME_ROLE_ONLY;RESEARCH_ONLY;SAMPLE_TOO_SMALL_LOCAL_11_MATCHES_NOT_PRODUCTION_READY,True,False
MID,46646,José Dembi,323979,Zakaria Fatihi,95.928084,11.410106,95.928084,4,medium_research_only,SAME_ROLE_ONLY;RESEARCH_ONLY;SAMPLE_TOO_SMALL_LOCAL_11_MATCHES_NOT_PRODUCTION_READY,True,False
MID,46646,José Dembi,360838,Zakaria Ami,82.76973,7.590353,82.76973,4,medium_research_only,SAME_ROLE_ONLY;RESEARCH_ONLY;SAMPLE_TOO_SMALL_LOCAL_11_MATCHES_NOT_PRODUCTION_READY,True,False
MID,46646,José Dembi,380600,Mouad Goulouss,99.017203,2.405646,99.017203,4,medium_research_only,SAME_ROLE_ONLY;RESEARCH_ONLY;SAMPLE_TOO_SMALL_LOCAL_11_MATCHES_NOT_PRODUCTION_READY,True,False
MID,46646,José Dembi,381935,Ismail Mihrab,96.614773,3.949255,96.614773,4,medium_research_only,SAME_ROLE_ONLY;RESEARCH_ONLY;SAMPLE_TOO_SMALL_LOCAL_11_MATCHES_NOT_PRODUCTION_READY,True,False
MID,46646,José Dembi,396748,Youssef Laghzal,93.953506,4.857946,93.953506,4,medium_research_only,SAME_ROLE_ONLY;RESEARCH_ONLY;SAMPLE_TOO_SMALL_LOCAL_11_MATCHES_NOT_PRODUCTION_READY,True,False
MID,46646,José Dembi,405645,Othmane Chraibi,99.469896,12.898911,99.469896,4,medium_research_only,SAME_ROLE_ONLY;RESEARCH_ONLY;SAMPLE_TOO_SMALL_LOCAL_11_MATCHES_NOT_PRODUCTION_READY,True,False
MID,46646,José Dembi,406269,Danilson Gomes Tavares,97.753481,3.245901,97.753481,4,medium_research_only,SAME_ROLE_ONLY;RESEARCH_ONLY;SAMPLE_TOO_SMALL_LOCAL_11_MATCHES_NOT_PRODUCTION_READY,True,False
MID,46646,José Dembi,407207,Ennaama El Bellali,99.782859,7.062451,99.782859,4,medium_research_only,SAME_ROLE_ONLY;RESEARCH_ONLY;SAMPLE_TOO_SMALL_LOCAL_11_MATCHES_NOT_PRODUCTION_READY,True,False
MID,46646,José Dembi,407506,Oussama Nourdine,96.991913,8.189938,96.991913,4,medium_research_only,SAME_ROLE_ONLY;RESEARCH_ONLY;SAMPLE_TOO_SMALL_LOCAL_11_MATCHES_NOT_PRODUCTION_READY,True,False
MID,46646,José Dembi,407852,Abdessamad Mahir,96.949761,6.657324,96.949761,4,medium_research_only,SAME_ROLE_ONLY;RESEARCH_ONLY;SAMPLE_TOO_SMALL_LOCAL_11_MATCHES_NOT_PRODUCTION_READY,True,False
MID,46646,José Dembi,415853,Claude Gnolou,98.682776,7.427079,98.682776,4,medium_research_only,SAME_ROLE_ONLY;RESEARCH_ONLY;SAMPLE_TOO_SMALL_LOCAL_11_MATCHES_NOT_PRODUCTION_READY,True,False
MID,46646,José Dembi,416303,El Mahdi Akoumi,99.465074,1.465539,99.465074,4,medium_research_only,SAME_ROLE_ONLY;RESEARCH_ONLY;SAMPLE_TOO_SMALL_LOCAL_11_MATCHES_NOT_PRODUCTION_READY,True,False
MID,46646,José Dembi,424979,Soufiane Tazi,99.595457,8.439501,99.595457,4,medium_research_only,SAME_ROLE_ONLY;RESEARCH_ONLY;SAMPLE_TOO_SMALL_LOCAL_11_MATCHES_NOT_PRODUCTION_READY,True,False
MID,46646,José Dembi,442288,Adnane Berdad,99.645749,3.853165,99.645749,4,medium_research_only,SAME_ROLE_ONLY;RESEARCH_ONLY;SAMPLE_TOO_SMALL_LOCAL_11_MATCHES_NOT_PRODUCTION_READY,True,False
MID,46646,José Dembi,442292,Abdellatif El Bajjani,99.855607,7.168822,99.855607,4,medium_research_only,SAME_ROLE_ONLY;RESEARCH_ONLY;SAMPLE_TOO_SMALL_LOCAL_11_MATCHES_NOT_PRODUCTION_READY,True,False
MID,46646,José Dembi,443951,Youness Akharraz,98.730101,2.588714,98.730101,4,medium_research_only,SAME_ROLE_ONLY;RESEARCH_ONLY;SAMPLE_TOO_SMALL_LOCAL_11_MATCHES_NOT_PRODUCTION_READY,True,False
MID,46646,José Dembi,445163,Ayoub Maamouri,90.563034,5.797321,90.563034,4,medium_research_only,SAME_ROLE_ONLY;RESEARCH_ONLY;SAMPLE_TOO_SMALL_LOCAL_11_MATCHES_NOT_PRODUCTION_READY,True,False
MID,46646,José Dembi,446355,Ishak Zidani,99.438795,5.797108,99.438795,4,medium_research_only,SAME_ROLE_ONLY;RESEARCH_ONLY;SAMPLE_TOO_SMALL_LOCAL_11_MATCHES_NOT_PRODUCTION_READY,True,False
MID,46646,José Dembi,449373,Marouane Oujeddou,96.398419,4.699563,96.398419,4,medium_research_only,SAME_ROLE_ONLY;RESEARCH_ONLY;SAMPLE_TOO_SMALL_LOCAL_11_MATCHES_NOT_PRODUCTION_READY,True,False
MID,46646,José Dembi,449471,Ayman Tarrazi,98.080601,3.540408,98.080601,4,medium_research_only,SAME_ROLE_ONLY;RESEARCH_ONLY;SAMPLE_TOO_SMALL_LOCAL_11_MATCHES_NOT_PRODUCTION_READY,True,False
MID,46646,José Dembi,450709,Joseph Bakasu       ,99.052776,5.873118,99.052776,4,medium_research_only,SAME_ROLE_ONLY;RESEARCH_ONLY;SAMPLE_TOO_SMALL_LOCAL_11_MATCHES_NOT_PRODUCTION_READY,True,False
MID,46646,José Dembi,460266,Youness Dahmani,77.823548,8.312078,77.823548,4,medium_research_only,SAME_ROLE_ONLY;RESEARCH_ONLY;SAMPLE_TOO_SMALL_LOCAL_11_MATCHES_NOT_PRODUCTION_READY,True,False
MID,46646,José Dembi,477679,Redouane Oubidar,94.872811,9.006903,94.872811,4,medium_research_only,SAME_ROLE_ONLY;RESEARCH_ONLY;SAMPLE_TOO_SMALL_LOCAL_11_MATCHES_NOT_PRODUCTION_READY,True,False
MID,46646,José Dembi,477680,Hamza Saoud,98.448103,12.665704,98.448103,4,medium_research_only,SAME_ROLE_ONLY;RESEARCH_ONLY;SAMPLE_TOO_SMALL_LOCAL_11_MATCHES_NOT_PRODUCTION_READY,True,False
MID,46646,José Dembi,477682,Ayoub Benaadi,95.971324,6.804808,95.971324,4,medium_research_only,SAME_ROLE_ONLY;RESEARCH_ONLY;SAMPLE_TOO_SMALL_LOCAL_11_MATCHES_NOT_PRODUCTION_READY,True,False
MID,46646,José Dembi,477688,Ayoub El Khaffi,99.346374,14.727453,99.346374,4,medium_research_only,SAME_ROLE_ONLY;RESEARCH_ONLY;SAMPLE_TOO_SMALL_LOCAL_11_MATCHES_NOT_PRODUCTION_READY,True,False
MID,46646,José Dembi,523298,Mohamed Ahayaoui,98.79173,9.564956,98.79173,4,medium_research_only,SAME_ROLE_ONLY;RESEARCH_ONLY;SAMPLE_TOO_SMALL_LOCAL_11_MATCHES_NOT_PRODUCTION_READY,True,False
MID,46646,José Dembi,523308,Adil Khalloufi,98.327984,8.689154,98.327984,4,medium_research_only,SAME_ROLE_ONLY;RESEARCH_ONLY;SAMPLE_TOO_SMALL_LOCAL_11_MATCHES_NOT_PRODUCTION_READY,True,False
MID,46646,José Dembi,523312,Brahim Mansouri,89.798605,9.726992,89.798605,4,medium_research_only,SAME_ROLE_ONLY;RESEARCH_ONLY;SAMPLE_TOO_SMALL_LOCAL_11_MATCHES_NOT_PRODUCTION_READY,True,False
MID,46646,José Dembi,523319,Omar Ouddah,96.619956,10.828787,96.619956,4,medium_research_only,SAME_ROLE_ONLY;RESEARCH_ONLY;SAMPLE_TOO_SMALL_LOCAL_11_MATCHES_NOT_PRODUCTION_READY,True,False
MID,46646,José Dembi,523973,Hamza Rafa,99.06863,7.137812,99.06863,4,medium_research_only,SAME_ROLE_ONLY;RESEARCH_ONLY;SAMPLE_TOO_SMALL_LOCAL_11_MATCHES_NOT_PRODUCTION_READY,True,False
MID,46646,José Dembi,523996,Fred Duval Ngoma,99.133356,7.171289,99.133356,4,medium_research_only,SAME_ROLE_ONLY;RESEARCH_ONLY;SAMPLE_TOO_SMALL_LOCAL_11_MATCHES_NOT_PRODUCTION_READY,True,False
MID,46646,José Dembi,523997,Karim L'Koucha,99.188911,1.794382,99.188911,4,medium_research_only,SAME_ROLE_ONLY;RESEARCH_ONLY;SAMPLE_TOO_SMALL_LOCAL_11_MATCHES_NOT_PRODUCTION_READY,True,False
MID,46646,José Dembi,523999,Zakaria Kessary,99.613975,7.926321,99.613975,4,medium_research_only,SAME_ROLE_ONLY;RESEARCH_ONLY;SAMPLE_TOO_SMALL_LOCAL_11_MATCHES_NOT_PRODUCTION_READY,True,False
MID,46646,José Dembi,524000,Ahmed Aboulfath,91.451176,6.421586,91.451176,4,medium_research_only,SAME_ROLE_ONLY;RESEARCH_ONLY;SAMPLE_TOO_SMALL_LOCAL_11_MATCHES_NOT_PRODUCTION_READY,True,False
MID,46646,José Dembi,524002,Salim Ghazzani,90.842066,16.54672,90.842066,4,medium_research_only,SAME_ROLE_ONLY;RESEARCH_ONLY;SAMPLE_TOO_SMALL_LOCAL_11_MATCHES_NOT_PRODUCTION_READY,True,False
MID,46646,José Dembi,524003,Mohammed Es-Sahel,96.653377,5.918781,96.653377,4,medium_research_only,SAME_ROLE_ONLY;RESEARCH_ONLY;SAMPLE_TOO_SMALL_LOCAL_11_MATCHES_NOT_PRODUCTION_READY,True,False
MID,46646,José Dembi,524511,Saad Nassik,99.332466,4.963643,99.332466,4,medium_research_only,SAME_ROLE_ONLY;RESEARCH_ONLY;SAMPLE_TOO_SMALL_LOCAL_11_MATCHES_NOT_PRODUCTION_READY,True,False
MID,49000,Amine Oudrhiri Idrissi,49395,Richard Rios Montoya,97.755,6.492259,97.755,4,medium_research_only,SAME_ROLE_ONLY;RESEARCH_ONLY;SAMPLE_TOO_SMALL_LOCAL_11_MATCHES_NOT_PRODUCTION_READY,True,False
MID,49000,Amine Oudrhiri Idrissi,60138,Kevin Duvan Castaño Gil,80.488096,89.172952,80.488096,4,medium_research_only,SAME_ROLE_ONLY;RESEARCH_ONLY;SAMPLE_TOO_SMALL_LOCAL_11_MATCHES_NOT_PRODUCTION_READY,True,False
MID,49000,Amine Oudrhiri Idrissi,134249,Adam Ennaffati,81.517288,11.936972,81.517288,4,medium_research_only,SAME_ROLE_ONLY;RESEARCH_ONLY;SAMPLE_TOO_SMALL_LOCAL_11_MATCHES_NOT_PRODUCTION_READY,True,False
MID,49000,Amine Oudrhiri Idrissi,135202,Walid Sabbar,92.001831,8.283009,92.001831,4,medium_research_only,SAME_ROLE_ONLY;RESEARCH_ONLY;SAMPLE_TOO_SMALL_LOCAL_11_MATCHES_NOT_PRODUCTION_READY,True,False
MID,49000,Amine Oudrhiri Idrissi,138827,Achraf El Idrissi,97.731804,4.620913,97.731804,4,medium_research_only,SAME_ROLE_ONLY;RESEARCH_ONLY;SAMPLE_TOO_SMALL_LOCAL_11_MATCHES_NOT_PRODUCTION_READY,True,False
MID,49000,Amine Oudrhiri Idrissi,138845,Mohsine Moutouali,84.559339,12.648916,84.559339,4,medium_research_only,SAME_ROLE_ONLY;RESEARCH_ONLY;SAMPLE_TOO_SMALL_LOCAL_11_MATCHES_NOT_PRODUCTION_READY,True,False
MID,49000,Amine Oudrhiri Idrissi,138853,Abdellah Farah,63.432641,14.846979,63.432641,4,medium_research_only,SAME_ROLE_ONLY;RESEARCH_ONLY;SAMPLE_TOO_SMALL_LOCAL_11_MATCHES_NOT_PRODUCTION_READY,True,False
MID,49000,Amine Oudrhiri Idrissi,138860,Youssef Michte,98.791388,3.367576,98.791388,4,medium_research_only,SAME_ROLE_ONLY;RESEARCH_ONLY;SAMPLE_TOO_SMALL_LOCAL_11_MATCHES_NOT_PRODUCTION_READY,True,False
MID,49000,Amine Oudrhiri Idrissi,138862,Abderrahmane Kassak,88.864317,10.499012,88.864317,4,medium_research_only,SAME_ROLE_ONLY;RESEARCH_ONLY;SAMPLE_TOO_SMALL_LOCAL_11_MATCHES_NOT_PRODUCTION_READY,True,False
MID,49000,Amine Oudrhiri Idrissi,138872,Oussama Mahrous,96.005158,5.980322,96.005158,4,medium_research_only,SAME_ROLE_ONLY;RESEARCH_ONLY;SAMPLE_TOO_SMALL_LOCAL_11_MATCHES_NOT_PRODUCTION_READY,True,False
MID,49000,Amine Oudrhiri Idrissi,138873,Abdelghafour Lamirat,98.848007,4.502385,98.848007,4,medium_research_only,SAME_ROLE_ONLY;RESEARCH_ONLY;SAMPLE_TOO_SMALL_LOCAL_11_MATCHES_NOT_PRODUCTION_READY,True,False
MID,49000,Amine Oudrhiri Idrissi,138877,Saleh Al Sellami,95.541155,6.336203,95.541155,4,medium_research_only,SAME_ROLE_ONLY;RESEARCH_ONLY;SAMPLE_TOO_SMALL_LOCAL_11_MATCHES_NOT_PRODUCTION_READY,True,False
MID,49000,Amine Oudrhiri Idrissi,138895,Abdelfattah Hadraf,71.028331,21.08654,71.028331,4,medium_research_only,SAME_ROLE_ONLY;RESEARCH_ONLY;SAMPLE_TOO_SMALL_LOCAL_11_MATCHES_NOT_PRODUCTION_READY,True,False
MID,49000,Amine Oudrhiri Idrissi,138898,Ahmed Chentouf,75.125162,24.736585,75.125162,4,medium_research_only,SAME_ROLE_ONLY;RESEARCH_ONLY;SAMPLE_TOO_SMALL_LOCAL_11_MATCHES_NOT_PRODUCTION_READY,True,False
MID,49000,Amine Oudrhiri Idrissi,138983,Zine Eddine Derrag,99.54775,3.770354,99.54775,4,medium_research_only,SAME_ROLE_ONLY;RESEARCH_ONLY;SAMPLE_TOO_SMALL_LOCAL_11_MATCHES_NOT_PRODUCTION_READY,True,False
MID,49000,Amine Oudrhiri Idrissi,139545,Mohammad El Fakih,86.433779,13.078376,86.433779,4,medium_research_only,SAME_ROLE_ONLY;RESEARCH_ONLY;SAMPLE_TOO_SMALL_LOCAL_11_MATCHES_NOT_PRODUCTION_READY,True,False
MID,49000,Amine Oudrhiri Idrissi,139554,Abdoulaye Diarra,97.625546,5.949235,97.625546,4,medium_research_only,SAME_ROLE_ONLY;RESEARCH_ONLY;SAMPLE_TOO_SMALL_LOCAL_11_MATCHES_NOT_PRODUCTION_READY,True,False
MID,49000,Amine Oudrhiri Idrissi,139565,Larbi Naji,98.285246,3.992447,98.285246,4,medium_research_only,SAME_ROLE_ONLY;RESEARCH_ONLY;SAMPLE_TOO_SMALL_LOCAL_11_MATCHES_NOT_PRODUCTION_READY,True,False
MID,49000,Amine Oudrhiri Idrissi,139568,Youssef Zghoudi,99.283868,7.14658,99.283868,4,medium_research_only,SAME_ROLE_ONLY;RESEARCH_ONLY;SAMPLE_TOO_SMALL_LOCAL_11_MATCHES_NOT_PRODUCTION_READY,True,False
MID,49000,Amine Oudrhiri Idrissi,139570,Brahim El Bahraoui,92.054441,12.750091,92.054441,4,medium_research_only,SAME_ROLE_ONLY;RESEARCH_ONLY;SAMPLE_TOO_SMALL_LOCAL_11_MATCHES_NOT_PRODUCTION_READY,True,False
MID,49000,Amine Oudrhiri Idrissi,140871,Khalid Ait Ouarkhane,89.033319,9.718569,89.033319,4,medium_research_only,SAME_ROLE_ONLY;RESEARCH_ONLY;SAMPLE_TOO_SMALL_LOCAL_11_MATCHES_NOT_PRODUCTION_READY,True,False
MID,49000,Amine Oudrhiri Idrissi,140872,Mohamed Rabie Hrimat,93.994007,8.225615,93.994007,4,medium_research_only,SAME_ROLE_ONLY;RESEARCH_ONLY;SAMPLE_TOO_SMALL_LOCAL_11_MATCHES_NOT_PRODUCTION_READY,True,False
MID,49000,Amine Oudrhiri Idrissi,141254,Hamza Afsal,84.123778,11.519616,84.123778,4,medium_research_only,SAME_ROLE_ONLY;RESEARCH_ONLY;SAMPLE_TOO_SMALL_LOCAL_11_MATCHES_NOT_PRODUCTION_READY,True,False
MID,49000,Amine Oudrhiri Idrissi,143166,Zakaria Fati,98.316908,3.943696,98.316908,4,medium_research_only,SAME_ROLE_ONLY;RESEARCH_ONLY;SAMPLE_TOO_SMALL_LOCAL_11_MATCHES_NOT_PRODUCTION_READY,True,False
MID,49000,Amine Oudrhiri Idrissi,143490,Ahmed Hammoudan,92.039269,8.5074,92.039269,4,medium_research_only,SAME_ROLE_ONLY;RESEARCH_ONLY;SAMPLE_TOO_SMALL_LOCAL_11_MATCHES_NOT_PRODUCTION_READY,True,False
MID,49000,Amine Oudrhiri Idrissi,143505,Mohamed Morabit,81.780609,13.382216,81.780609,4,medium_research_only,SAME_ROLE_ONLY;RESEARCH_ONLY;SAMPLE_TOO_SMALL_LOCAL_11_MATCHES_NOT_PRODUCTION_READY,True,False
MID,49000,Amine Oudrhiri Idrissi,144434,Ismail Moutaraji,99.084076,7.882733,99.084076,4,medium_research_only,SAME_ROLE_ONLY;RESEARCH_ONLY;SAMPLE_TOO_SMALL_LOCAL_11_MATCHES_NOT_PRODUCTION_READY,True,False
MID,49000,Amine Oudrhiri Idrissi,144436,Anas Serrhat,95.613452,8.4212,95.613452,4,medium_research_only,SAME_ROLE_ONLY;RESEARCH_ONLY;SAMPLE_TOO_SMALL_LOCAL_11_MATCHES_NOT_PRODUCTION_READY,True,False
MID,49000,Amine Oudrhiri Idrissi,149135,Moses Orkuma,97.686295,4.962075,97.686295,4,medium_research_only,SAME_ROLE_ONLY;RESEARCH_ONLY;SAMPLE_TOO_SMALL_LOCAL_11_MATCHES_NOT_PRODUCTION_READY,True,False
MID,49000,Amine Oudrhiri Idrissi,151743,Mohamed Al Makahasi,97.26653,5.138981,97.26653,4,medium_research_only,SAME_ROLE_ONLY;RESEARCH_ONLY;SAMPLE_TOO_SMALL_LOCAL_11_MATCHES_NOT_PRODUCTION_READY,True,False
MID,49000,Amine Oudrhiri Idrissi,154668,Mamadou Lamine Camara,95.600928,6.998346,95.600928,4,medium_research_only,SAME_ROLE_ONLY;RESEARCH_ONLY;SAMPLE_TOO_SMALL_LOCAL_11_MATCHES_NOT_PRODUCTION_READY,True,False
MID,49000,Amine Oudrhiri Idrissi,161352,Salaheddine Errahouli,86.973764,10.673216,86.973764,4,medium_research_only,SAME_ROLE_ONLY;RESEARCH_ONLY;SAMPLE_TOO_SMALL_LOCAL_11_MATCHES_NOT_PRODUCTION_READY,True,False
MID,49000,Amine Oudrhiri Idrissi,183765,Mohammed Amine Essahel,91.739353,8.786528,91.739353,4,medium_research_only,SAME_ROLE_ONLY;RESEARCH_ONLY;SAMPLE_TOO_SMALL_LOCAL_11_MATCHES_NOT_PRODUCTION_READY,True,False
MID,49000,Amine Oudrhiri Idrissi,194809,Oussama Zemraoui,93.272863,8.90552,93.272863,4,medium_research_only,SAME_ROLE_ONLY;RESEARCH_ONLY;SAMPLE_TOO_SMALL_LOCAL_11_MATCHES_NOT_PRODUCTION_READY,True,False
MID,49000,Amine Oudrhiri Idrissi,194912,Faouzi Abd El Mouttalib,97.934223,4.387277,97.934223,4,medium_research_only,SAME_ROLE_ONLY;RESEARCH_ONLY;SAMPLE_TOO_SMALL_LOCAL_11_MATCHES_NOT_PRODUCTION_READY,True,False
MID,49000,Amine Oudrhiri Idrissi,195016,Mouad Mouchtanim,95.524093,7.225806,95.524093,4,medium_research_only,SAME_ROLE_ONLY;RESEARCH_ONLY;SAMPLE_TOO_SMALL_LOCAL_11_MATCHES_NOT_PRODUCTION_READY,True,False
MID,49000,Amine Oudrhiri Idrissi,199611,Youssef Mehri,91.338822,9.106234,91.338822,4,medium_research_only,SAME_ROLE_ONLY;RESEARCH_ONLY;SAMPLE_TOO_SMALL_LOCAL_11_MATCHES_NOT_PRODUCTION_READY,True,False
MID,49000,Amine Oudrhiri Idrissi,203027,Walid Rhailouf,97.369492,6.079638,97.369492,4,medium_research_only,SAME_ROLE_ONLY;RESEARCH_ONLY;SAMPLE_TOO_SMALL_LOCAL_11_MATCHES_NOT_PRODUCTION_READY,True,False
MID,49000,Amine Oudrhiri Idrissi,225437,Stephane Aziz Ki,92.27575,9.211696,92.27575,4,medium_research_only,SAME_ROLE_ONLY;RESEARCH_ONLY;SAMPLE_TOO_SMALL_LOCAL_11_MATCHES_NOT_PRODUCTION_READY,True,False
MID,49000,Amine Oudrhiri Idrissi,261620,Nadir Lougmani,99.133607,5.660579,99.133607,4,medium_research_only,SAME_ROLE_ONLY;RESEARCH_ONLY;SAMPLE_TOO_SMALL_LOCAL_11_MATCHES_NOT_PRODUCTION_READY,True,False
MID,49000,Amine Oudrhiri Idrissi,275341,Yazid Faffa,93.677893,7.546858,93.677893,4,medium_research_only,SAME_ROLE_ONLY;RESEARCH_ONLY;SAMPLE_TOO_SMALL_LOCAL_11_MATCHES_NOT_PRODUCTION_READY,True,False
MID,49000,Amine Oudrhiri Idrissi,312935,Amine Azri,93.081174,8.318072,93.081174,4,medium_research_only,SAME_ROLE_ONLY;RESEARCH_ONLY;SAMPLE_TOO_SMALL_LOCAL_11_MATCHES_NOT_PRODUCTION_READY,True,False
MID,49000,Amine Oudrhiri Idrissi,313277,Mohamed Chemlal,80.06432,30.643467,80.06432,4,medium_research_only,SAME_ROLE_ONLY;RESEARCH_ONLY;SAMPLE_TOO_SMALL_LOCAL_11_MATCHES_NOT_PRODUCTION_READY,True,False
MID,49000,Amine Oudrhiri Idrissi,313284,Achraf Harmach,98.995219,3.323253,98.995219,4,medium_research_only,SAME_ROLE_ONLY;RESEARCH_ONLY;SAMPLE_TOO_SMALL_LOCAL_11_MATCHES_NOT_PRODUCTION_READY,True,False
MID,49000,Amine Oudrhiri Idrissi,314460,Ayoub Bouaadli,97.839787,4.688096,97.839787,4,medium_research_only,SAME_ROLE_ONLY;RESEARCH_ONLY;SAMPLE_TOO_SMALL_LOCAL_11_MATCHES_NOT_PRODUCTION_READY,True,False
MID,49000,Amine Oudrhiri Idrissi,323979,Zakaria Fatihi,88.86679,12.454753,88.86679,4,medium_research_only,SAME_ROLE_ONLY;RESEARCH_ONLY;SAMPLE_TOO_SMALL_LOCAL_11_MATCHES_NOT_PRODUCTION_READY,True,False
MID,49000,Amine Oudrhiri Idrissi,360838,Zakaria Ami,72.757244,13.624266,72.757244,4,medium_research_only,SAME_ROLE_ONLY;RESEARCH_ONLY;SAMPLE_TOO_SMALL_LOCAL_11_MATCHES_NOT_PRODUCTION_READY,True,False
MID,49000,Amine Oudrhiri Idrissi,380600,Mouad Goulouss,94.311895,8.80918,94.311895,4,medium_research_only,SAME_ROLE_ONLY;RESEARCH_ONLY;SAMPLE_TOO_SMALL_LOCAL_11_MATCHES_NOT_PRODUCTION_READY,True,False
MID,49000,Amine Oudrhiri Idrissi,381935,Ismail Mihrab,91.430883,8.725435,91.430883,4,medium_research_only,SAME_ROLE_ONLY;RESEARCH_ONLY;SAMPLE_TOO_SMALL_LOCAL_11_MATCHES_NOT_PRODUCTION_READY,True,False
MID,49000,Amine Oudrhiri Idrissi,396748,Youssef Laghzal,90.101655,10.280079,90.101655,4,medium_research_only,SAME_ROLE_ONLY;RESEARCH_ONLY;SAMPLE_TOO_SMALL_LOCAL_11_MATCHES_NOT_PRODUCTION_READY,True,False
MID,49000,Amine Oudrhiri Idrissi,405645,Othmane Chraibi,99.070263,8.156944,99.070263,4,medium_research_only,SAME_ROLE_ONLY;RESEARCH_ONLY;SAMPLE_TOO_SMALL_LOCAL_11_MATCHES_NOT_PRODUCTION_READY,True,False
MID,49000,Amine Oudrhiri Idrissi,406269,Danilson Gomes Tavares,92.72891,8.230513,92.72891,4,medium_research_only,SAME_ROLE_ONLY;RESEARCH_ONLY;SAMPLE_TOO_SMALL_LOCAL_11_MATCHES_NOT_PRODUCTION_READY,True,False
MID,49000,Amine Oudrhiri Idrissi,407207,Ennaama El Bellali,98.786572,3.867262,98.786572,4,medium_research_only,SAME_ROLE_ONLY;RESEARCH_ONLY;SAMPLE_TOO_SMALL_LOCAL_11_MATCHES_NOT_PRODUCTION_READY,True,False
MID,49000,Amine Oudrhiri Idrissi,407506,Oussama Nourdine,94.63193,7.55644,94.63193,4,medium_research_only,SAME_ROLE_ONLY;RESEARCH_ONLY;SAMPLE_TOO_SMALL_LOCAL_11_MATCHES_NOT_PRODUCTION_READY,True,False
MID,49000,Amine Oudrhiri Idrissi,407852,Abdessamad Mahir,93.245215,7.871184,93.245215,4,medium_research_only,SAME_ROLE_ONLY;RESEARCH_ONLY;SAMPLE_TOO_SMALL_LOCAL_11_MATCHES_NOT_PRODUCTION_READY,True,False
MID,49000,Amine Oudrhiri Idrissi,415853,Claude Gnolou,95.894079,6.626902,95.894079,4,medium_research_only,SAME_ROLE_ONLY;RESEARCH_ONLY;SAMPLE_TOO_SMALL_LOCAL_11_MATCHES_NOT_PRODUCTION_READY,True,False
MID,49000,Amine Oudrhiri Idrissi,416303,El Mahdi Akoumi,98.421286,6.082806,98.421286,4,medium_research_only,SAME_ROLE_ONLY;RESEARCH_ONLY;SAMPLE_TOO_SMALL_LOCAL_11_MATCHES_NOT_PRODUCTION_READY,True,False
MID,49000,Amine Oudrhiri Idrissi,424979,Soufiane Tazi,97.704268,5.808317,97.704268,4,medium_research_only,SAME_ROLE_ONLY;RESEARCH_ONLY;SAMPLE_TOO_SMALL_LOCAL_11_MATCHES_NOT_PRODUCTION_READY,True,False
MID,49000,Amine Oudrhiri Idrissi,442288,Adnane Berdad,97.4648,4.905045,97.4648,4,medium_research_only,SAME_ROLE_ONLY;RESEARCH_ONLY;SAMPLE_TOO_SMALL_LOCAL_11_MATCHES_NOT_PRODUCTION_READY,True,False
MID,49000,Amine Oudrhiri Idrissi,442292,Abdellatif El Bajjani,97.271608,5.588995,97.271608,4,medium_research_only,SAME_ROLE_ONLY;RESEARCH_ONLY;SAMPLE_TOO_SMALL_LOCAL_11_MATCHES_NOT_PRODUCTION_READY,True,False
MID,49000,Amine Oudrhiri Idrissi,443951,Youness Akharraz,99.857879,4.402598,99.857879,4,medium_research_only,SAME_ROLE_ONLY;RESEARCH_ONLY;SAMPLE_TOO_SMALL_LOCAL_11_MATCHES_NOT_PRODUCTION_READY,True,False
MID,49000,Amine Oudrhiri Idrissi,445163,Ayoub Maamouri,85.536357,11.239644,85.536357,4,medium_research_only,SAME_ROLE_ONLY;RESEARCH_ONLY;SAMPLE_TOO_SMALL_LOCAL_11_MATCHES_NOT_PRODUCTION_READY,True,False
MID,49000,Amine Oudrhiri Idrissi,446355,Ishak Zidani,98.700221,3.495225,98.700221,4,medium_research_only,SAME_ROLE_ONLY;RESEARCH_ONLY;SAMPLE_TOO_SMALL_LOCAL_11_MATCHES_NOT_PRODUCTION_READY,True,False
MID,49000,Amine Oudrhiri Idrissi,449373,Marouane Oujeddou,92.20282,8.225493,92.20282,4,medium_research_only,SAME_ROLE_ONLY;RESEARCH_ONLY;SAMPLE_TOO_SMALL_LOCAL_11_MATCHES_NOT_PRODUCTION_READY,True,False
MID,49000,Amine Oudrhiri Idrissi,449471,Ayman Tarrazi,95.548063,6.647573,95.548063,4,medium_research_only,SAME_ROLE_ONLY;RESEARCH_ONLY;SAMPLE_TOO_SMALL_LOCAL_11_MATCHES_NOT_PRODUCTION_READY,True,False
MID,49000,Amine Oudrhiri Idrissi,450709,Joseph Bakasu       ,99.648858,1.808233,99.648858,4,medium_research_only,SAME_ROLE_ONLY;RESEARCH_ONLY;SAMPLE_TOO_SMALL_LOCAL_11_MATCHES_NOT_PRODUCTION_READY,True,False
MID,49000,Amine Oudrhiri Idrissi,460266,Youness Dahmani,68.000416,14.302409,68.000416,4,medium_research_only,SAME_ROLE_ONLY;RESEARCH_ONLY;SAMPLE_TOO_SMALL_LOCAL_11_MATCHES_NOT_PRODUCTION_READY,True,False
MID,49000,Amine Oudrhiri Idrissi,477679,Redouane Oubidar,90.832055,9.796723,90.832055,4,medium_research_only,SAME_ROLE_ONLY;RESEARCH_ONLY;SAMPLE_TOO_SMALL_LOCAL_11_MATCHES_NOT_PRODUCTION_READY,True,False
MID,49000,Amine Oudrhiri Idrissi,477680,Hamza Saoud,98.812897,7.830662,98.812897,4,medium_research_only,SAME_ROLE_ONLY;RESEARCH_ONLY;SAMPLE_TOO_SMALL_LOCAL_11_MATCHES_NOT_PRODUCTION_READY,True,False
MID,49000,Amine Oudrhiri Idrissi,477682,Ayoub Benaadi,90.836795,9.080182,90.836795,4,medium_research_only,SAME_ROLE_ONLY;RESEARCH_ONLY;SAMPLE_TOO_SMALL_LOCAL_11_MATCHES_NOT_PRODUCTION_READY,True,False
MID,49000,Amine Oudrhiri Idrissi,477688,Ayoub El Khaffi,99.036283,9.881605,99.036283,4,medium_research_only,SAME_ROLE_ONLY;RESEARCH_ONLY;SAMPLE_TOO_SMALL_LOCAL_11_MATCHES_NOT_PRODUCTION_READY,True,False
MID,49000,Amine Oudrhiri Idrissi,523298,Mohamed Ahayaoui,96.121867,7.651582,96.121867,4,medium_research_only,SAME_ROLE_ONLY;RESEARCH_ONLY;SAMPLE_TOO_SMALL_LOCAL_11_MATCHES_NOT_PRODUCTION_READY,True,False
MID,49000,Amine Oudrhiri Idrissi,523308,Adil Khalloufi,94.901043,7.896532,94.901043,4,medium_research_only,SAME_ROLE_ONLY;RESEARCH_ONLY;SAMPLE_TOO_SMALL_LOCAL_11_MATCHES_NOT_PRODUCTION_READY,True,False
MID,49000,Amine Oudrhiri Idrissi,523312,Brahim Mansouri,85.323299,11.803058,85.323299,4,medium_research_only,SAME_ROLE_ONLY;RESEARCH_ONLY;SAMPLE_TOO_SMALL_LOCAL_11_MATCHES_NOT_PRODUCTION_READY,True,False
MID,49000,Amine Oudrhiri Idrissi,523319,Omar Ouddah,94.265492,9.243734,94.265492,4,medium_research_only,SAME_ROLE_ONLY;RESEARCH_ONLY;SAMPLE_TOO_SMALL_LOCAL_11_MATCHES_NOT_PRODUCTION_READY,True,False
MID,49000,Amine Oudrhiri Idrissi,523973,Hamza Rafa,99.686745,2.211407,99.686745,4,medium_research_only,SAME_ROLE_ONLY;RESEARCH_ONLY;SAMPLE_TOO_SMALL_LOCAL_11_MATCHES_NOT_PRODUCTION_READY,True,False
MID,49000,Amine Oudrhiri Idrissi,523996,Fred Duval Ngoma,99.612577,2.415061,99.612577,4,medium_research_only,SAME_ROLE_ONLY;RESEARCH_ONLY;SAMPLE_TOO_SMALL_LOCAL_11_MATCHES_NOT_PRODUCTION_READY,True,False
MID,49000,Amine Oudrhiri Idrissi,523997,Karim L'Koucha,97.622591,6.500624,97.622591,4,medium_research_only,SAME_ROLE_ONLY;RESEARCH_ONLY;SAMPLE_TOO_SMALL_LOCAL_11_MATCHES_NOT_PRODUCTION_READY,True,False
MID,49000,Amine Oudrhiri Idrissi,523999,Zakaria Kessary,97.307268,5.883258,97.307268,4,medium_research_only,SAME_ROLE_ONLY;RESEARCH_ONLY;SAMPLE_TOO_SMALL_LOCAL_11_MATCHES_NOT_PRODUCTION_READY,True,False
MID,49000,Amine Oudrhiri Idrissi,524000,Ahmed Aboulfath,82.184081,11.797554,82.184081,4,medium_research_only,SAME_ROLE_ONLY;RESEARCH_ONLY;SAMPLE_TOO_SMALL_LOCAL_11_MATCHES_NOT_PRODUCTION_READY,True,False
MID,49000,Amine Oudrhiri Idrissi,524002,Salim Ghazzani,81.305302,18.412366,81.305302,4,medium_research_only,SAME_ROLE_ONLY;RESEARCH_ONLY;SAMPLE_TOO_SMALL_LOCAL_11_MATCHES_NOT_PRODUCTION_READY,True,False
MID,49000,Amine Oudrhiri Idrissi,524003,Mohammed Es-Sahel,94.386546,7.039583,94.386546,4,medium_research_only,SAME_ROLE_ONLY;RESEARCH_ONLY;SAMPLE_TOO_SMALL_LOCAL_11_MATCHES_NOT_PRODUCTION_READY,True,False
MID,49000,Amine Oudrhiri Idrissi,524511,Saad Nassik,98.861054,3.274474,98.861054,4,medium_research_only,SAME_ROLE_ONLY;RESEARCH_ONLY;SAMPLE_TOO_SMALL_LOCAL_11_MATCHES_NOT_PRODUCTION_READY,True,False
MID,49395,Richard Rios Montoya,60138,Kevin Duvan Castaño Gil,87.723406,84.095824,87.723406,4,medium_research_only,SAME_ROLE_ONLY;RESEARCH_ONLY;SAMPLE_TOO_SMALL_LOCAL_11_MATCHES_NOT_PRODUCTION_READY,True,False
MID,49395,Richard Rios Montoya,134249,Adam Ennaffati,90.895115,12.020819,90.895115,4,medium_research_only,SAME_ROLE_ONLY;RESEARCH_ONLY;SAMPLE_TOO_SMALL_LOCAL_11_MATCHES_NOT_PRODUCTION_READY,True,False
MID,49395,Richard Rios Montoya,135202,Walid Sabbar,97.766229,8.003699,97.766229,4,medium_research_only,SAME_ROLE_ONLY;RESEARCH_ONLY;SAMPLE_TOO_SMALL_LOCAL_11_MATCHES_NOT_PRODUCTION_READY,True,False
MID,49395,Richard Rios Montoya,138827,Achraf El Idrissi,99.08523,6.312398,99.08523,4,medium_research_only,SAME_ROLE_ONLY;RESEARCH_ONLY;SAMPLE_TOO_SMALL_LOCAL_11_MATCHES_NOT_PRODUCTION_READY,True,False
MID,49395,Richard Rios Montoya,138845,Mohsine Moutouali,93.611433,9.409569,93.611433,4,medium_research_only,SAME_ROLE_ONLY;RESEARCH_ONLY;SAMPLE_TOO_SMALL_LOCAL_11_MATCHES_NOT_PRODUCTION_READY,True,False
MID,49395,Richard Rios Montoya,138853,Abdellah Farah,71.044871,18.467357,71.044871,4,medium_research_only,SAME_ROLE_ONLY;RESEARCH_ONLY;SAMPLE_TOO_SMALL_LOCAL_11_MATCHES_NOT_PRODUCTION_READY,True,False
MID,49395,Richard Rios Montoya,138860,Youssef Michte,98.754666,6.071142,98.754666,4,medium_research_only,SAME_ROLE_ONLY;RESEARCH_ONLY;SAMPLE_TOO_SMALL_LOCAL_11_MATCHES_NOT_PRODUCTION_READY,True,False
MID,49395,Richard Rios Montoya,138862,Abderrahmane Kassak,95.47187,8.119984,95.47187,4,medium_research_only,SAME_ROLE_ONLY;RESEARCH_ONLY;SAMPLE_TOO_SMALL_LOCAL_11_MATCHES_NOT_PRODUCTION_READY,True,False
MID,49395,Richard Rios Montoya,138872,Oussama Mahrous,99.142181,5.943943,99.142181,4,medium_research_only,SAME_ROLE_ONLY;RESEARCH_ONLY;SAMPLE_TOO_SMALL_LOCAL_11_MATCHES_NOT_PRODUCTION_READY,True,False
MID,49395,Richard Rios Montoya,138873,Abdelghafour Lamirat,98.766569,4.311059,98.766569,4,medium_research_only,SAME_ROLE_ONLY;RESEARCH_ONLY;SAMPLE_TOO_SMALL_LOCAL_11_MATCHES_NOT_PRODUCTION_READY,True,False
MID,49395,Richard Rios Montoya,138877,Saleh Al Sellami,99.610476,6.312952,99.610476,4,medium_research_only,SAME_ROLE_ONLY;RESEARCH_ONLY;SAMPLE_TOO_SMALL_LOCAL_11_MATCHES_NOT_PRODUCTION_READY,True,False
MID,49395,Richard Rios Montoya,138895,Abdelfattah Hadraf,80.359373,18.623876,80.359373,4,medium_research_only,SAME_ROLE_ONLY;RESEARCH_ONLY;SAMPLE_TOO_SMALL_LOCAL_11_MATCHES_NOT_PRODUCTION_READY,True,False
MID,49395,Richard Rios Montoya,138898,Ahmed Chentouf,80.30279,22.823042,80.30279,4,medium_research_only,SAME_ROLE_ONLY;RESEARCH_ONLY;SAMPLE_TOO_SMALL_LOCAL_11_MATCHES_NOT_PRODUCTION_READY,True,False
MID,49395,Richard Rios Montoya,138983,Zine Eddine Derrag,98.351322,4.909376,98.351322,4,medium_research_only,SAME_ROLE_ONLY;RESEARCH_ONLY;SAMPLE_TOO_SMALL_LOCAL_11_MATCHES_NOT_PRODUCTION_READY,True,False
MID,49395,Richard Rios Montoya,139545,Mohammad El Fakih,94.042666,9.331809,94.042666,4,medium_research_only,SAME_ROLE_ONLY;RESEARCH_ONLY;SAMPLE_TOO_SMALL_LOCAL_11_MATCHES_NOT_PRODUCTION_READY,True,False
MID,49395,Richard Rios Montoya,139554,Abdoulaye Diarra,98.817634,8.975929,98.817634,4,medium_research_only,SAME_ROLE_ONLY;RESEARCH_ONLY;SAMPLE_TOO_SMALL_LOCAL_11_MATCHES_NOT_PRODUCTION_READY,True,False
MID,49395,Richard Rios Montoya,139565,Larbi Naji,99.848951,5.136111,99.848951,4,medium_research_only,SAME_ROLE_ONLY;RESEARCH_ONLY;SAMPLE_TOO_SMALL_LOCAL_11_MATCHES_NOT_PRODUCTION_READY,True,False
MID,49395,Richard Rios Montoya,139568,Youssef Zghoudi,98.939138,11.167746,98.939138,4,medium_research_only,SAME_ROLE_ONLY;RESEARCH_ONLY;SAMPLE_TOO_SMALL_LOCAL_11_MATCHES_NOT_PRODUCTION_READY,True,False
MID,49395,Richard Rios Montoya,139570,Brahim El Bahraoui,97.643675,16.287392,97.643675,4,medium_research_only,SAME_ROLE_ONLY;RESEARCH_ONLY;SAMPLE_TOO_SMALL_LOCAL_11_MATCHES_NOT_PRODUCTION_READY,True,False
MID,49395,Richard Rios Montoya,140871,Khalid Ait Ouarkhane,96.297547,8.315796,96.297547,4,medium_research_only,SAME_ROLE_ONLY;RESEARCH_ONLY;SAMPLE_TOO_SMALL_LOCAL_11_MATCHES_NOT_PRODUCTION_READY,True,False
MID,49395,Richard Rios Montoya,140872,Mohamed Rabie Hrimat,98.541609,4.811042,98.541609,4,medium_research_only,SAME_ROLE_ONLY;RESEARCH_ONLY;SAMPLE_TOO_SMALL_LOCAL_11_MATCHES_NOT_PRODUCTION_READY,True,False
MID,49395,Richard Rios Montoya,141254,Hamza Afsal,91.97295,10.841174,91.97295,4,medium_research_only,SAME_ROLE_ONLY;RESEARCH_ONLY;SAMPLE_TOO_SMALL_LOCAL_11_MATCHES_NOT_PRODUCTION_READY,True,False
MID,49395,Richard Rios Montoya,143166,Zakaria Fati,99.186371,5.150365,99.186371,4,medium_research_only,SAME_ROLE_ONLY;RESEARCH_ONLY;SAMPLE_TOO_SMALL_LOCAL_11_MATCHES_NOT_PRODUCTION_READY,True,False
MID,49395,Richard Rios Montoya,143490,Ahmed Hammoudan,97.89808,6.57713,97.89808,4,medium_research_only,SAME_ROLE_ONLY;RESEARCH_ONLY;SAMPLE_TOO_SMALL_LOCAL_11_MATCHES_NOT_PRODUCTION_READY,True,False
MID,49395,Richard Rios Montoya,143505,Mohamed Morabit,91.696293,10.61723,91.696293,4,medium_research_only,SAME_ROLE_ONLY;RESEARCH_ONLY;SAMPLE_TOO_SMALL_LOCAL_11_MATCHES_NOT_PRODUCTION_READY,True,False
MID,49395,Richard Rios Montoya,144434,Ismail Moutaraji,98.451965,6.003109,98.451965,4,medium_research_only,SAME_ROLE_ONLY;RESEARCH_ONLY;SAMPLE_TOO_SMALL_LOCAL_11_MATCHES_NOT_PRODUCTION_READY,True,False
MID,49395,Richard Rios Montoya,144436,Anas Serrhat,99.103465,3.688996,99.103465,4,medium_research_only,SAME_ROLE_ONLY;RESEARCH_ONLY;SAMPLE_TOO_SMALL_LOCAL_11_MATCHES_NOT_PRODUCTION_READY,True,False
MID,49395,Richard Rios Montoya,149135,Moses Orkuma,98.323081,5.387603,98.323081,4,medium_research_only,SAME_ROLE_ONLY;RESEARCH_ONLY;SAMPLE_TOO_SMALL_LOCAL_11_MATCHES_NOT_PRODUCTION_READY,True,False
MID,49395,Richard Rios Montoya,151743,Mohamed Al Makahasi,99.945748,3.624415,99.945748,4,medium_research_only,SAME_ROLE_ONLY;RESEARCH_ONLY;SAMPLE_TOO_SMALL_LOCAL_11_MATCHES_NOT_PRODUCTION_READY,True,False
MID,49395,Richard Rios Montoya,154668,Mamadou Lamine Camara,99.297627,3.742776,99.297627,4,medium_research_only,SAME_ROLE_ONLY;RESEARCH_ONLY;SAMPLE_TOO_SMALL_LOCAL_11_MATCHES_NOT_PRODUCTION_READY,True,False
MID,49395,Richard Rios Montoya,161352,Salaheddine Errahouli,94.965188,8.977405,94.965188,4,medium_research_only,SAME_ROLE_ONLY;RESEARCH_ONLY;SAMPLE_TOO_SMALL_LOCAL_11_MATCHES_NOT_PRODUCTION_READY,True,False
MID,49395,Richard Rios Montoya,183765,Mohammed Amine Essahel,95.485492,8.28532,95.485492,4,medium_research_only,SAME_ROLE_ONLY;RESEARCH_ONLY;SAMPLE_TOO_SMALL_LOCAL_11_MATCHES_NOT_PRODUCTION_READY,True,False
MID,49395,Richard Rios Montoya,194809,Oussama Zemraoui,98.306975,5.029943,98.306975,4,medium_research_only,SAME_ROLE_ONLY;RESEARCH_ONLY;SAMPLE_TOO_SMALL_LOCAL_11_MATCHES_NOT_PRODUCTION_READY,True,False
MID,49395,Richard Rios Montoya,194912,Faouzi Abd El Mouttalib,98.660445,6.460834,98.660445,4,medium_research_only,SAME_ROLE_ONLY;RESEARCH_ONLY;SAMPLE_TOO_SMALL_LOCAL_11_MATCHES_NOT_PRODUCTION_READY,True,False
MID,49395,Richard Rios Montoya,195016,Mouad Mouchtanim,99.215642,3.719918,99.215642,4,medium_research_only,SAME_ROLE_ONLY;RESEARCH_ONLY;SAMPLE_TOO_SMALL_LOCAL_11_MATCHES_NOT_PRODUCTION_READY,True,False
MID,49395,Richard Rios Montoya,199611,Youssef Mehri,97.205862,6.820959,97.205862,4,medium_research_only,SAME_ROLE_ONLY;RESEARCH_ONLY;SAMPLE_TOO_SMALL_LOCAL_11_MATCHES_NOT_PRODUCTION_READY,True,False
MID,49395,Richard Rios Montoya,203027,Walid Rhailouf,99.59637,2.637526,99.59637,4,medium_research_only,SAME_ROLE_ONLY;RESEARCH_ONLY;SAMPLE_TOO_SMALL_LOCAL_11_MATCHES_NOT_PRODUCTION_READY,True,False
MID,49395,Richard Rios Montoya,225437,Stephane Aziz Ki,98.072497,11.206019,98.072497,4,medium_research_only,SAME_ROLE_ONLY;RESEARCH_ONLY;SAMPLE_TOO_SMALL_LOCAL_11_MATCHES_NOT_PRODUCTION_READY,True,False
MID,49395,Richard Rios Montoya,261620,Nadir Lougmani,99.050759,9.533888,99.050759,4,medium_research_only,SAME_ROLE_ONLY;RESEARCH_ONLY;SAMPLE_TOO_SMALL_LOCAL_11_MATCHES_NOT_PRODUCTION_READY,True,False
MID,49395,Richard Rios Montoya,275341,Yazid Faffa,97.938762,8.438722,97.938762,4,medium_research_only,SAME_ROLE_ONLY;RESEARCH_ONLY;SAMPLE_TOO_SMALL_LOCAL_11_MATCHES_NOT_PRODUCTION_READY,True,False
MID,49395,Richard Rios Montoya,312935,Amine Azri,96.948418,6.881366,96.948418,4,medium_research_only,SAME_ROLE_ONLY;RESEARCH_ONLY;SAMPLE_TOO_SMALL_LOCAL_11_MATCHES_NOT_PRODUCTION_READY,True,False
MID,49395,Richard Rios Montoya,313277,Mohamed Chemlal,89.363128,25.122005,89.363128,4,medium_research_only,SAME_ROLE_ONLY;RESEARCH_ONLY;SAMPLE_TOO_SMALL_LOCAL_11_MATCHES_NOT_PRODUCTION_READY,True,False
MID,49395,Richard Rios Montoya,313284,Achraf Harmach,99.240215,6.279462,99.240215,4,medium_research_only,SAME_ROLE_ONLY;RESEARCH_ONLY;SAMPLE_TOO_SMALL_LOCAL_11_MATCHES_NOT_PRODUCTION_READY,True,False
MID,49395,Richard Rios Montoya,314460,Ayoub Bouaadli,99.435801,4.092933,99.435801,4,medium_research_only,SAME_ROLE_ONLY;RESEARCH_ONLY;SAMPLE_TOO_SMALL_LOCAL_11_MATCHES_NOT_PRODUCTION_READY,True,False
MID,49395,Richard Rios Montoya,323979,Zakaria Fatihi,92.264525,10.870133,92.264525,4,medium_research_only,SAME_ROLE_ONLY;RESEARCH_ONLY;SAMPLE_TOO_SMALL_LOCAL_11_MATCHES_NOT_PRODUCTION_READY,True,False
MID,49395,Richard Rios Montoya,360838,Zakaria Ami,83.310741,15.179353,83.310741,4,medium_research_only,SAME_ROLE_ONLY;RESEARCH_ONLY;SAMPLE_TOO_SMALL_LOCAL_11_MATCHES_NOT_PRODUCTION_READY,True,False
MID,49395,Richard Rios Montoya,380600,Mouad Goulouss,97.691999,11.612242,97.691999,4,medium_research_only,SAME_ROLE_ONLY;RESEARCH_ONLY;SAMPLE_TOO_SMALL_LOCAL_11_MATCHES_NOT_PRODUCTION_READY,True,False
MID,49395,Richard Rios Montoya,381935,Ismail Mihrab,95.730468,10.26858,95.730468,4,medium_research_only,SAME_ROLE_ONLY;RESEARCH_ONLY;SAMPLE_TOO_SMALL_LOCAL_11_MATCHES_NOT_PRODUCTION_READY,True,False
MID,49395,Richard Rios Montoya,396748,Youssef Laghzal,92.851303,13.38262,92.851303,4,medium_research_only,SAME_ROLE_ONLY;RESEARCH_ONLY;SAMPLE_TOO_SMALL_LOCAL_11_MATCHES_NOT_PRODUCTION_READY,True,False
MID,49395,Richard Rios Montoya,405645,Othmane Chraibi,98.131836,6.614485,98.131836,4,medium_research_only,SAME_ROLE_ONLY;RESEARCH_ONLY;SAMPLE_TOO_SMALL_LOCAL_11_MATCHES_NOT_PRODUCTION_READY,True,False
MID,49395,Richard Rios Montoya,406269,Danilson Gomes Tavares,96.569876,9.959445,96.569876,4,medium_research_only,SAME_ROLE_ONLY;RESEARCH_ONLY;SAMPLE_TOO_SMALL_LOCAL_11_MATCHES_NOT_PRODUCTION_READY,True,False
MID,49395,Richard Rios Montoya,407207,Ennaama El Bellali,99.344763,3.773782,99.344763,4,medium_research_only,SAME_ROLE_ONLY;RESEARCH_ONLY;SAMPLE_TOO_SMALL_LOCAL_11_MATCHES_NOT_PRODUCTION_READY,True,False
MID,49395,Richard Rios Montoya,407506,Oussama Nourdine,96.091735,7.521401,96.091735,4,medium_research_only,SAME_ROLE_ONLY;RESEARCH_ONLY;SAMPLE_TOO_SMALL_LOCAL_11_MATCHES_NOT_PRODUCTION_READY,True,False
MID,49395,Richard Rios Montoya,407852,Abdessamad Mahir,96.604287,7.559365,96.604287,4,medium_research_only,SAME_ROLE_ONLY;RESEARCH_ONLY;SAMPLE_TOO_SMALL_LOCAL_11_MATCHES_NOT_PRODUCTION_READY,True,False
MID,49395,Richard Rios Montoya,415853,Claude Gnolou,97.817271,5.873802,97.817271,4,medium_research_only,SAME_ROLE_ONLY;RESEARCH_ONLY;SAMPLE_TOO_SMALL_LOCAL_11_MATCHES_NOT_PRODUCTION_READY,True,False
MID,49395,Richard Rios Montoya,416303,El Mahdi Akoumi,99.81117,9.277678,99.81117,4,medium_research_only,SAME_ROLE_ONLY;RESEARCH_ONLY;SAMPLE_TOO_SMALL_LOCAL_11_MATCHES_NOT_PRODUCTION_READY,True,False
MID,49395,Richard Rios Montoya,424979,Soufiane Tazi,99.731999,2.221234,99.731999,4,medium_research_only,SAME_ROLE_ONLY;RESEARCH_ONLY;SAMPLE_TOO_SMALL_LOCAL_11_MATCHES_NOT_PRODUCTION_READY,True,False
MID,49395,Richard Rios Montoya,442288,Adnane Berdad,99.053793,6.554653,99.053793,4,medium_research_only,SAME_ROLE_ONLY;RESEARCH_ONLY;SAMPLE_TOO_SMALL_LOCAL_11_MATCHES_NOT_PRODUCTION_READY,True,False
MID,49395,Richard Rios Montoya,442292,Abdellatif El Bajjani,98.125796,5.439109,98.125796,4,medium_research_only,SAME_ROLE_ONLY;RESEARCH_ONLY;SAMPLE_TOO_SMALL_LOCAL_11_MATCHES_NOT_PRODUCTION_READY,True,False
MID,49395,Richard Rios Montoya,443951,Youness Akharraz,98.230262,9.124225,98.230262,4,medium_research_only,SAME_ROLE_ONLY;RESEARCH_ONLY;SAMPLE_TOO_SMALL_LOCAL_11_MATCHES_NOT_PRODUCTION_READY,True,False
MID,49395,Richard Rios Montoya,445163,Ayoub Maamouri,94.219502,13.056843,94.219502,4,medium_research_only,SAME_ROLE_ONLY;RESEARCH_ONLY;SAMPLE_TOO_SMALL_LOCAL_11_MATCHES_NOT_PRODUCTION_READY,True,False
MID,49395,Richard Rios Montoya,446355,Ishak Zidani,99.616937,4.410134,99.616937,4,medium_research_only,SAME_ROLE_ONLY;RESEARCH_ONLY;SAMPLE_TOO_SMALL_LOCAL_11_MATCHES_NOT_PRODUCTION_READY,True,False
MID,49395,Richard Rios Montoya,449373,Marouane Oujeddou,98.028409,8.33369,98.028409,4,medium_research_only,SAME_ROLE_ONLY;RESEARCH_ONLY;SAMPLE_TOO_SMALL_LOCAL_11_MATCHES_NOT_PRODUCTION_READY,True,False
MID,49395,Richard Rios Montoya,449471,Ayman Tarrazi,96.864122,9.169343,96.864122,4,medium_research_only,SAME_ROLE_ONLY;RESEARCH_ONLY;SAMPLE_TOO_SMALL_LOCAL_11_MATCHES_NOT_PRODUCTION_READY,True,False
MID,49395,Richard Rios Montoya,450709,Joseph Bakasu       ,98.42728,5.864192,98.42728,4,medium_research_only,SAME_ROLE_ONLY;RESEARCH_ONLY;SAMPLE_TOO_SMALL_LOCAL_11_MATCHES_NOT_PRODUCTION_READY,True,False
MID,49395,Richard Rios Montoya,460266,Youness Dahmani,78.059195,16.417815,78.059195,4,medium_research_only,SAME_ROLE_ONLY;RESEARCH_ONLY;SAMPLE_TOO_SMALL_LOCAL_11_MATCHES_NOT_PRODUCTION_READY,True,False
MID,49395,Richard Rios Montoya,477679,Redouane Oubidar,94.532896,8.755672,94.532896,4,medium_research_only,SAME_ROLE_ONLY;RESEARCH_ONLY;SAMPLE_TOO_SMALL_LOCAL_11_MATCHES_NOT_PRODUCTION_READY,True,False
MID,49395,Richard Rios Montoya,477680,Hamza Saoud,99.522812,3.964718,99.522812,4,medium_research_only,SAME_ROLE_ONLY;RESEARCH_ONLY;SAMPLE_TOO_SMALL_LOCAL_11_MATCHES_NOT_PRODUCTION_READY,True,False
MID,49395,Richard Rios Montoya,477682,Ayoub Benaadi,96.810755,7.540982,96.810755,4,medium_research_only,SAME_ROLE_ONLY;RESEARCH_ONLY;SAMPLE_TOO_SMALL_LOCAL_11_MATCHES_NOT_PRODUCTION_READY,True,False
MID,49395,Richard Rios Montoya,477688,Ayoub El Khaffi,98.495256,7.403816,98.495256,4,medium_research_only,SAME_ROLE_ONLY;RESEARCH_ONLY;SAMPLE_TOO_SMALL_LOCAL_11_MATCHES_NOT_PRODUCTION_READY,True,False
MID,49395,Richard Rios Montoya,523298,Mohamed Ahayaoui,98.86634,4.076546,98.86634,4,medium_research_only,SAME_ROLE_ONLY;RESEARCH_ONLY;SAMPLE_TOO_SMALL_LOCAL_11_MATCHES_NOT_PRODUCTION_READY,True,False
MID,49395,Richard Rios Montoya,523308,Adil Khalloufi,96.87552,6.696408,96.87552,4,medium_research_only,SAME_ROLE_ONLY;RESEARCH_ONLY;SAMPLE_TOO_SMALL_LOCAL_11_MATCHES_NOT_PRODUCTION_READY,True,False
MID,49395,Richard Rios Montoya,523312,Brahim Mansouri,93.622407,9.484522,93.622407,4,medium_research_only,SAME_ROLE_ONLY;RESEARCH_ONLY;SAMPLE_TOO_SMALL_LOCAL_11_MATCHES_NOT_PRODUCTION_READY,True,False
MID,49395,Richard Rios Montoya,523319,Omar Ouddah,96.159378,7.581715,96.159378,4,medium_research_only,SAME_ROLE_ONLY;RESEARCH_ONLY;SAMPLE_TOO_SMALL_LOCAL_11_MATCHES_NOT_PRODUCTION_READY,True,False
MID,49395,Richard Rios Montoya,523973,Hamza Rafa,98.306978,5.355092,98.306978,4,medium_research_only,SAME_ROLE_ONLY;RESEARCH_ONLY;SAMPLE_TOO_SMALL_LOCAL_11_MATCHES_NOT_PRODUCTION_READY,True,False
MID,49395,Richard Rios Montoya,523996,Fred Duval Ngoma,98.435268,5.174481,98.435268,4,medium_research_only,SAME_ROLE_ONLY;RESEARCH_ONLY;SAMPLE_TOO_SMALL_LOCAL_11_MATCHES_NOT_PRODUCTION_READY,True,False
MID,49395,Richard Rios Montoya,523997,Karim L'Koucha,98.640433,9.78848,98.640433,4,medium_research_only,SAME_ROLE_ONLY;RESEARCH_ONLY;SAMPLE_TOO_SMALL_LOCAL_11_MATCHES_NOT_PRODUCTION_READY,True,False
MID,49395,Richard Rios Montoya,523999,Zakaria Kessary,98.763531,4.398732,98.763531,4,medium_research_only,SAME_ROLE_ONLY;RESEARCH_ONLY;SAMPLE_TOO_SMALL_LOCAL_11_MATCHES_NOT_PRODUCTION_READY,True,False
MID,49395,Richard Rios Montoya,524000,Ahmed Aboulfath,86.94723,13.251272,86.94723,4,medium_research_only,SAME_ROLE_ONLY;RESEARCH_ONLY;SAMPLE_TOO_SMALL_LOCAL_11_MATCHES_NOT_PRODUCTION_READY,True,False
MID,49395,Richard Rios Montoya,524002,Salim Ghazzani,90.123613,14.088115,90.123613,4,medium_research_only,SAME_ROLE_ONLY;RESEARCH_ONLY;SAMPLE_TOO_SMALL_LOCAL_11_MATCHES_NOT_PRODUCTION_READY,True,False
MID,49395,Richard Rios Montoya,524003,Mohammed Es-Sahel,96.337256,8.201662,96.337256,4,medium_research_only,SAME_ROLE_ONLY;RESEARCH_ONLY;SAMPLE_TOO_SMALL_LOCAL_11_MATCHES_NOT_PRODUCTION_READY,True,False
MID,49395,Richard Rios Montoya,524511,Saad Nassik,98.925196,5.909859,98.925196,4,medium_research_only,SAME_ROLE_ONLY;RESEARCH_ONLY;SAMPLE_TOO_SMALL_LOCAL_11_MATCHES_NOT_PRODUCTION_READY,True,False
MID,60138,Kevin Duvan Castaño Gil,134249,Adam Ennaffati,88.538462,89.41993,88.538462,4,medium_research_only,SAME_ROLE_ONLY;RESEARCH_ONLY;SAMPLE_TOO_SMALL_LOCAL_11_MATCHES_NOT_PRODUCTION_READY,True,False
MID,60138,Kevin Duvan Castaño Gil,135202,Walid Sabbar,94.508444,86.506132,94.508444,4,medium_research_only,SAME_ROLE_ONLY;RESEARCH_ONLY;SAMPLE_TOO_SMALL_LOCAL_11_MATCHES_NOT_PRODUCTION_READY,True,False
MID,60138,Kevin Duvan Castaño Gil,138827,Achraf El Idrissi,90.836001,86.794045,90.836001,4,medium_research_only,SAME_ROLE_ONLY;RESEARCH_ONLY;SAMPLE_TOO_SMALL_LOCAL_11_MATCHES_NOT_PRODUCTION_READY,True,False
MID,60138,Kevin Duvan Castaño Gil,138845,Mohsine Moutouali,91.492417,84.28593,91.492417,4,medium_research_only,SAME_ROLE_ONLY;RESEARCH_ONLY;SAMPLE_TOO_SMALL_LOCAL_11_MATCHES_NOT_PRODUCTION_READY,True,False
MID,60138,Kevin Duvan Castaño Gil,138853,Abdellah Farah,93.376316,95.878772,93.376316,4,medium_research_only,SAME_ROLE_ONLY;RESEARCH_ONLY;SAMPLE_TOO_SMALL_LOCAL_11_MATCHES_NOT_PRODUCTION_READY,True,False
MID,60138,Kevin Duvan Castaño Gil,138860,Youssef Michte,87.067867,87.490063,87.067867,4,medium_research_only,SAME_ROLE_ONLY;RESEARCH_ONLY;SAMPLE_TOO_SMALL_LOCAL_11_MATCHES_NOT_PRODUCTION_READY,True,False
MID,60138,Kevin Duvan Castaño Gil,138862,Abderrahmane Kassak,91.931573,84.606239,91.931573,4,medium_research_only,SAME_ROLE_ONLY;RESEARCH_ONLY;SAMPLE_TOO_SMALL_LOCAL_11_MATCHES_NOT_PRODUCTION_READY,True,False
MID,60138,Kevin Duvan Castaño Gil,138872,Oussama Mahrous,92.889368,85.83659,92.889368,4,medium_research_only,SAME_ROLE_ONLY;RESEARCH_ONLY;SAMPLE_TOO_SMALL_LOCAL_11_MATCHES_NOT_PRODUCTION_READY,True,False
MID,60138,Kevin Duvan Castaño Gil,138873,Abdelghafour Lamirat,87.235769,85.090152,87.235769,4,medium_research_only,SAME_ROLE_ONLY;RESEARCH_ONLY;SAMPLE_TOO_SMALL_LOCAL_11_MATCHES_NOT_PRODUCTION_READY,True,False
MID,60138,Kevin Duvan Castaño Gil,138877,Saleh Al Sellami,89.934896,87.440049,89.934896,4,medium_research_only,SAME_ROLE_ONLY;RESEARCH_ONLY;SAMPLE_TOO_SMALL_LOCAL_11_MATCHES_NOT_PRODUCTION_READY,True,False
MID,60138,Kevin Duvan Castaño Gil,138895,Abdelfattah Hadraf,88.335285,81.808964,88.335285,4,medium_research_only,SAME_ROLE_ONLY;RESEARCH_ONLY;SAMPLE_TOO_SMALL_LOCAL_11_MATCHES_NOT_PRODUCTION_READY,True,False
MID,60138,Kevin Duvan Castaño Gil,138898,Ahmed Chentouf,87.523585,78.507635,87.523585,4,medium_research_only,SAME_ROLE_ONLY;RESEARCH_ONLY;SAMPLE_TOO_SMALL_LOCAL_11_MATCHES_NOT_PRODUCTION_READY,True,False
MID,60138,Kevin Duvan Castaño Gil,138983,Zine Eddine Derrag,85.305032,85.72439,85.305032,4,medium_research_only,SAME_ROLE_ONLY;RESEARCH_ONLY;SAMPLE_TOO_SMALL_LOCAL_11_MATCHES_NOT_PRODUCTION_READY,True,False
MID,60138,Kevin Duvan Castaño Gil,139545,Mohammad El Fakih,90.717255,82.935018,90.717255,4,medium_research_only,SAME_ROLE_ONLY;RESEARCH_ONLY;SAMPLE_TOO_SMALL_LOCAL_11_MATCHES_NOT_PRODUCTION_READY,True,False
MID,60138,Kevin Duvan Castaño Gil,139554,Abdoulaye Diarra,90.994016,88.994786,90.994016,4,medium_research_only,SAME_ROLE_ONLY;RESEARCH_ONLY;SAMPLE_TOO_SMALL_LOCAL_11_MATCHES_NOT_PRODUCTION_READY,True,False
MID,60138,Kevin Duvan Castaño Gil,139565,Larbi Naji,87.491272,87.470746,87.491272,4,medium_research_only,SAME_ROLE_ONLY;RESEARCH_ONLY;SAMPLE_TOO_SMALL_LOCAL_11_MATCHES_NOT_PRODUCTION_READY,True,False
MID,60138,Kevin Duvan Castaño Gil,139568,Youssef Zghoudi,86.549972,91.708995,86.549972,4,medium_research_only,SAME_ROLE_ONLY;RESEARCH_ONLY;SAMPLE_TOO_SMALL_LOCAL_11_MATCHES_NOT_PRODUCTION_READY,True,False
MID,60138,Kevin Duvan Castaño Gil,139570,Brahim El Bahraoui,95.431295,94.825885,95.431295,4,medium_research_only,SAME_ROLE_ONLY;RESEARCH_ONLY;SAMPLE_TOO_SMALL_LOCAL_11_MATCHES_NOT_PRODUCTION_READY,True,False
MID,60138,Kevin Duvan Castaño Gil,140871,Khalid Ait Ouarkhane,91.358773,86.614884,91.358773,4,medium_research_only,SAME_ROLE_ONLY;RESEARCH_ONLY;SAMPLE_TOO_SMALL_LOCAL_11_MATCHES_NOT_PRODUCTION_READY,True,False
MID,60138,Kevin Duvan Castaño Gil,140872,Mohamed Rabie Hrimat,87.909007,85.283468,87.909007,4,medium_research_only,SAME_ROLE_ONLY;RESEARCH_ONLY;SAMPLE_TOO_SMALL_LOCAL_11_MATCHES_NOT_PRODUCTION_READY,True,False
MID,60138,Kevin Duvan Castaño Gil,141254,Hamza Afsal,94.795019,85.96182,94.795019,4,medium_research_only,SAME_ROLE_ONLY;RESEARCH_ONLY;SAMPLE_TOO_SMALL_LOCAL_11_MATCHES_NOT_PRODUCTION_READY,True,False
MID,60138,Kevin Duvan Castaño Gil,143166,Zakaria Fati,89.066082,86.369901,89.066082,4,medium_research_only,SAME_ROLE_ONLY;RESEARCH_ONLY;SAMPLE_TOO_SMALL_LOCAL_11_MATCHES_NOT_PRODUCTION_READY,True,False
MID,60138,Kevin Duvan Castaño Gil,143490,Ahmed Hammoudan,87.920441,86.933491,87.920441,4,medium_research_only,SAME_ROLE_ONLY;RESEARCH_ONLY;SAMPLE_TOO_SMALL_LOCAL_11_MATCHES_NOT_PRODUCTION_READY,True,False
MID,60138,Kevin Duvan Castaño Gil,143505,Mohamed Morabit,89.062327,85.711487,89.062327,4,medium_research_only,SAME_ROLE_ONLY;RESEARCH_ONLY;SAMPLE_TOO_SMALL_LOCAL_11_MATCHES_NOT_PRODUCTION_READY,True,False
MID,60138,Kevin Duvan Castaño Gil,144434,Ismail Moutaraji,87.250433,82.389149,87.250433,4,medium_research_only,SAME_ROLE_ONLY;RESEARCH_ONLY;SAMPLE_TOO_SMALL_LOCAL_11_MATCHES_NOT_PRODUCTION_READY,True,False
MID,60138,Kevin Duvan Castaño Gil,144436,Anas Serrhat,93.178216,81.359667,93.178216,4,medium_research_only,SAME_ROLE_ONLY;RESEARCH_ONLY;SAMPLE_TOO_SMALL_LOCAL_11_MATCHES_NOT_PRODUCTION_READY,True,False
MID,60138,Kevin Duvan Castaño Gil,149135,Moses Orkuma,88.682526,85.571577,88.682526,4,medium_research_only,SAME_ROLE_ONLY;RESEARCH_ONLY;SAMPLE_TOO_SMALL_LOCAL_11_MATCHES_NOT_PRODUCTION_READY,True,False
MID,60138,Kevin Duvan Castaño Gil,151743,Mohamed Al Makahasi,88.8107,86.038013,88.8107,4,medium_research_only,SAME_ROLE_ONLY;RESEARCH_ONLY;SAMPLE_TOO_SMALL_LOCAL_11_MATCHES_NOT_PRODUCTION_READY,True,False
MID,60138,Kevin Duvan Castaño Gil,154668,Mamadou Lamine Camara,92.665415,83.583209,92.665415,4,medium_research_only,SAME_ROLE_ONLY;RESEARCH_ONLY;SAMPLE_TOO_SMALL_LOCAL_11_MATCHES_NOT_PRODUCTION_READY,True,False
MID,60138,Kevin Duvan Castaño Gil,161352,Salaheddine Errahouli,91.007083,86.417436,91.007083,4,medium_research_only,SAME_ROLE_ONLY;RESEARCH_ONLY;SAMPLE_TOO_SMALL_LOCAL_11_MATCHES_NOT_PRODUCTION_READY,True,False
MID,60138,Kevin Duvan Castaño Gil,183765,Mohammed Amine Essahel,95.304498,84.040158,95.304498,4,medium_research_only,SAME_ROLE_ONLY;RESEARCH_ONLY;SAMPLE_TOO_SMALL_LOCAL_11_MATCHES_NOT_PRODUCTION_READY,True,False
MID,60138,Kevin Duvan Castaño Gil,194809,Oussama Zemraoui,89.682303,84.247397,89.682303,4,medium_research_only,SAME_ROLE_ONLY;RESEARCH_ONLY;SAMPLE_TOO_SMALL_LOCAL_11_MATCHES_NOT_PRODUCTION_READY,True,False
MID,60138,Kevin Duvan Castaño Gil,194912,Faouzi Abd El Mouttalib,90.295122,86.761087,90.295122,4,medium_research_only,SAME_ROLE_ONLY;RESEARCH_ONLY;SAMPLE_TOO_SMALL_LOCAL_11_MATCHES_NOT_PRODUCTION_READY,True,False
MID,60138,Kevin Duvan Castaño Gil,195016,Mouad Mouchtanim,91.322361,83.840307,91.322361,4,medium_research_only,SAME_ROLE_ONLY;RESEARCH_ONLY;SAMPLE_TOO_SMALL_LOCAL_11_MATCHES_NOT_PRODUCTION_READY,True,False
MID,60138,Kevin Duvan Castaño Gil,199611,Youssef Mehri,88.318991,86.251062,88.318991,4,medium_research_only,SAME_ROLE_ONLY;RESEARCH_ONLY;SAMPLE_TOO_SMALL_LOCAL_11_MATCHES_NOT_PRODUCTION_READY,True,False
MID,60138,Kevin Duvan Castaño Gil,203027,Walid Rhailouf,89.179535,84.241744,89.179535,4,medium_research_only,SAME_ROLE_ONLY;RESEARCH_ONLY;SAMPLE_TOO_SMALL_LOCAL_11_MATCHES_NOT_PRODUCTION_READY,True,False
MID,60138,Kevin Duvan Castaño Gil,225437,Stephane Aziz Ki,90.172415,90.878029,90.172415,4,medium_research_only,SAME_ROLE_ONLY;RESEARCH_ONLY;SAMPLE_TOO_SMALL_LOCAL_11_MATCHES_NOT_PRODUCTION_READY,True,False
MID,60138,Kevin Duvan Castaño Gil,261620,Nadir Lougmani,85.467554,90.772629,85.467554,4,medium_research_only,SAME_ROLE_ONLY;RESEARCH_ONLY;SAMPLE_TOO_SMALL_LOCAL_11_MATCHES_NOT_PRODUCTION_READY,True,False
MID,60138,Kevin Duvan Castaño Gil,275341,Yazid Faffa,94.281548,87.1935,94.281548,4,medium_research_only,SAME_ROLE_ONLY;RESEARCH_ONLY;SAMPLE_TOO_SMALL_LOCAL_11_MATCHES_NOT_PRODUCTION_READY,True,False
MID,60138,Kevin Duvan Castaño Gil,312935,Amine Azri,94.659002,83.523961,94.659002,4,medium_research_only,SAME_ROLE_ONLY;RESEARCH_ONLY;SAMPLE_TOO_SMALL_LOCAL_11_MATCHES_NOT_PRODUCTION_READY,True,False
MID,60138,Kevin Duvan Castaño Gil,313277,Mohamed Chemlal,86.088056,75.303816,86.088056,4,medium_research_only,SAME_ROLE_ONLY;RESEARCH_ONLY;SAMPLE_TOO_SMALL_LOCAL_11_MATCHES_NOT_PRODUCTION_READY,True,False
MID,60138,Kevin Duvan Castaño Gil,313284,Achraf Harmach,87.340385,87.947139,87.340385,4,medium_research_only,SAME_ROLE_ONLY;RESEARCH_ONLY;SAMPLE_TOO_SMALL_LOCAL_11_MATCHES_NOT_PRODUCTION_READY,True,False
MID,60138,Kevin Duvan Castaño Gil,314460,Ayoub Bouaadli,90.299319,85.20438,90.299319,4,medium_research_only,SAME_ROLE_ONLY;RESEARCH_ONLY;SAMPLE_TOO_SMALL_LOCAL_11_MATCHES_NOT_PRODUCTION_READY,True,False
MID,60138,Kevin Duvan Castaño Gil,323979,Zakaria Fatihi,97.886955,78.902419,97.886955,4,medium_research_only,SAME_ROLE_ONLY;RESEARCH_ONLY;SAMPLE_TOO_SMALL_LOCAL_11_MATCHES_NOT_PRODUCTION_READY,True,False
MID,60138,Kevin Duvan Castaño Gil,360838,Zakaria Ami,94.38138,90.752578,94.38138,4,medium_research_only,SAME_ROLE_ONLY;RESEARCH_ONLY;SAMPLE_TOO_SMALL_LOCAL_11_MATCHES_NOT_PRODUCTION_READY,True,False
MID,60138,Kevin Duvan Castaño Gil,380600,Mouad Goulouss,95.203634,90.243181,95.203634,4,medium_research_only,SAME_ROLE_ONLY;RESEARCH_ONLY;SAMPLE_TOO_SMALL_LOCAL_11_MATCHES_NOT_PRODUCTION_READY,True,False
MID,60138,Kevin Duvan Castaño Gil,381935,Ismail Mihrab,94.984191,87.986107,94.984191,4,medium_research_only,SAME_ROLE_ONLY;RESEARCH_ONLY;SAMPLE_TOO_SMALL_LOCAL_11_MATCHES_NOT_PRODUCTION_READY,True,False
MID,60138,Kevin Duvan Castaño Gil,396748,Youssef Laghzal,91.084927,91.596287,91.084927,4,medium_research_only,SAME_ROLE_ONLY;RESEARCH_ONLY;SAMPLE_TOO_SMALL_LOCAL_11_MATCHES_NOT_PRODUCTION_READY,True,False
MID,60138,Kevin Duvan Castaño Gil,405645,Othmane Chraibi,86.735198,82.493059,86.735198,4,medium_research_only,SAME_ROLE_ONLY;RESEARCH_ONLY;SAMPLE_TOO_SMALL_LOCAL_11_MATCHES_NOT_PRODUCTION_READY,True,False
MID,60138,Kevin Duvan Castaño Gil,406269,Danilson Gomes Tavares,95.314233,87.955263,95.314233,4,medium_research_only,SAME_ROLE_ONLY;RESEARCH_ONLY;SAMPLE_TOO_SMALL_LOCAL_11_MATCHES_NOT_PRODUCTION_READY,True,False
MID,60138,Kevin Duvan Castaño Gil,407207,Ennaama El Bellali,88.247672,85.466118,88.247672,4,medium_research_only,SAME_ROLE_ONLY;RESEARCH_ONLY;SAMPLE_TOO_SMALL_LOCAL_11_MATCHES_NOT_PRODUCTION_READY,True,False
MID,60138,Kevin Duvan Castaño Gil,407506,Oussama Nourdine,89.974204,84.865444,89.974204,4,medium_research_only,SAME_ROLE_ONLY;RESEARCH_ONLY;SAMPLE_TOO_SMALL_LOCAL_11_MATCHES_NOT_PRODUCTION_READY,True,False
MID,60138,Kevin Duvan Castaño Gil,407852,Abdessamad Mahir,92.381792,85.312417,92.381792,4,medium_research_only,SAME_ROLE_ONLY;RESEARCH_ONLY;SAMPLE_TOO_SMALL_LOCAL_11_MATCHES_NOT_PRODUCTION_READY,True,False
MID,60138,Kevin Duvan Castaño Gil,415853,Claude Gnolou,91.631894,84.262926,91.631894,4,medium_research_only,SAME_ROLE_ONLY;RESEARCH_ONLY;SAMPLE_TOO_SMALL_LOCAL_11_MATCHES_NOT_PRODUCTION_READY,True,False
MID,60138,Kevin Duvan Castaño Gil,416303,El Mahdi Akoumi,88.049391,90.252489,88.049391,4,medium_research_only,SAME_ROLE_ONLY;RESEARCH_ONLY;SAMPLE_TOO_SMALL_LOCAL_11_MATCHES_NOT_PRODUCTION_READY,True,False
MID,60138,Kevin Duvan Castaño Gil,424979,Soufiane Tazi,89.527495,84.049113,89.527495,4,medium_research_only,SAME_ROLE_ONLY;RESEARCH_ONLY;SAMPLE_TOO_SMALL_LOCAL_11_MATCHES_NOT_PRODUCTION_READY,True,False
MID,60138,Kevin Duvan Castaño Gil,442288,Adnane Berdad,90.739673,87.024644,90.739673,4,medium_research_only,SAME_ROLE_ONLY;RESEARCH_ONLY;SAMPLE_TOO_SMALL_LOCAL_11_MATCHES_NOT_PRODUCTION_READY,True,False
MID,60138,Kevin Duvan Castaño Gil,442292,Abdellatif El Bajjani,91.321213,84.16775,91.321213,4,medium_research_only,SAME_ROLE_ONLY;RESEARCH_ONLY;SAMPLE_TOO_SMALL_LOCAL_11_MATCHES_NOT_PRODUCTION_READY,True,False
MID,60138,Kevin Duvan Castaño Gil,443951,Youness Akharraz,83.297654,90.719423,83.297654,4,medium_research_only,SAME_ROLE_ONLY;RESEARCH_ONLY;SAMPLE_TOO_SMALL_LOCAL_11_MATCHES_NOT_PRODUCTION_READY,True,False
MID,60138,Kevin Duvan Castaño Gil,445163,Ayoub Maamouri,88.712755,91.946705,88.712755,4,medium_research_only,SAME_ROLE_ONLY;RESEARCH_ONLY;SAMPLE_TOO_SMALL_LOCAL_11_MATCHES_NOT_PRODUCTION_READY,True,False
MID,60138,Kevin Duvan Castaño Gil,446355,Ishak Zidani,87.112146,86.857716,87.112146,4,medium_research_only,SAME_ROLE_ONLY;RESEARCH_ONLY;SAMPLE_TOO_SMALL_LOCAL_11_MATCHES_NOT_PRODUCTION_READY,True,False
MID,60138,Kevin Duvan Castaño Gil,449373,Marouane Oujeddou,91.258468,87.946965,91.258468,4,medium_research_only,SAME_ROLE_ONLY;RESEARCH_ONLY;SAMPLE_TOO_SMALL_LOCAL_11_MATCHES_NOT_PRODUCTION_READY,True,False
MID,60138,Kevin Duvan Castaño Gil,449471,Ayman Tarrazi,90.910807,88.280153,90.910807,4,medium_research_only,SAME_ROLE_ONLY;RESEARCH_ONLY;SAMPLE_TOO_SMALL_LOCAL_11_MATCHES_NOT_PRODUCTION_READY,True,False
MID,60138,Kevin Duvan Castaño Gil,450709,Joseph Bakasu       ,84.695701,87.766893,84.695701,4,medium_research_only,SAME_ROLE_ONLY;RESEARCH_ONLY;SAMPLE_TOO_SMALL_LOCAL_11_MATCHES_NOT_PRODUCTION_READY,True,False
MID,60138,Kevin Duvan Castaño Gil,460266,Youness Dahmani,91.013943,92.16319,91.013943,4,medium_research_only,SAME_ROLE_ONLY;RESEARCH_ONLY;SAMPLE_TOO_SMALL_LOCAL_11_MATCHES_NOT_PRODUCTION_READY,True,False
MID,60138,Kevin Duvan Castaño Gil,477679,Redouane Oubidar,91.845665,84.139936,91.845665,4,medium_research_only,SAME_ROLE_ONLY;RESEARCH_ONLY;SAMPLE_TOO_SMALL_LOCAL_11_MATCHES_NOT_PRODUCTION_READY,True,False
MID,60138,Kevin Duvan Castaño Gil,477680,Hamza Saoud,84.075223,84.216126,84.075223,4,medium_research_only,SAME_ROLE_ONLY;RESEARCH_ONLY;SAMPLE_TOO_SMALL_LOCAL_11_MATCHES_NOT_PRODUCTION_READY,True,False
MID,60138,Kevin Duvan Castaño Gil,477682,Ayoub Benaadi,92.594111,85.505084,92.594111,4,medium_research_only,SAME_ROLE_ONLY;RESEARCH_ONLY;SAMPLE_TOO_SMALL_LOCAL_11_MATCHES_NOT_PRODUCTION_READY,True,False
MID,60138,Kevin Duvan Castaño Gil,477688,Ayoub El Khaffi,86.876095,81.352125,86.876095,4,medium_research_only,SAME_ROLE_ONLY;RESEARCH_ONLY;SAMPLE_TOO_SMALL_LOCAL_11_MATCHES_NOT_PRODUCTION_READY,True,False
MID,60138,Kevin Duvan Castaño Gil,523298,Mohamed Ahayaoui,91.210146,82.729725,91.210146,4,medium_research_only,SAME_ROLE_ONLY;RESEARCH_ONLY;SAMPLE_TOO_SMALL_LOCAL_11_MATCHES_NOT_PRODUCTION_READY,True,False
MID,60138,Kevin Duvan Castaño Gil,523308,Adil Khalloufi,92.748547,82.904887,92.748547,4,medium_research_only,SAME_ROLE_ONLY;RESEARCH_ONLY;SAMPLE_TOO_SMALL_LOCAL_11_MATCHES_NOT_PRODUCTION_READY,True,False
MID,60138,Kevin Duvan Castaño Gil,523312,Brahim Mansouri,86.522585,86.958919,86.522585,4,medium_research_only,SAME_ROLE_ONLY;RESEARCH_ONLY;SAMPLE_TOO_SMALL_LOCAL_11_MATCHES_NOT_PRODUCTION_READY,True,False
MID,60138,Kevin Duvan Castaño Gil,523319,Omar Ouddah,89.690693,83.073834,89.690693,4,medium_research_only,SAME_ROLE_ONLY;RESEARCH_ONLY;SAMPLE_TOO_SMALL_LOCAL_11_MATCHES_NOT_PRODUCTION_READY,True,False
MID,60138,Kevin Duvan Castaño Gil,523973,Hamza Rafa,84.529707,87.038453,84.529707,4,medium_research_only,SAME_ROLE_ONLY;RESEARCH_ONLY;SAMPLE_TOO_SMALL_LOCAL_11_MATCHES_NOT_PRODUCTION_READY,True,False
MID,60138,Kevin Duvan Castaño Gil,523996,Fred Duval Ngoma,84.968868,86.835985,84.968868,4,medium_research_only,SAME_ROLE_ONLY;RESEARCH_ONLY;SAMPLE_TOO_SMALL_LOCAL_11_MATCHES_NOT_PRODUCTION_READY,True,False
MID,60138,Kevin Duvan Castaño Gil,523997,Karim L'Koucha,89.414846,89.985032,89.414846,4,medium_research_only,SAME_ROLE_ONLY;RESEARCH_ONLY;SAMPLE_TOO_SMALL_LOCAL_11_MATCHES_NOT_PRODUCTION_READY,True,False
MID,60138,Kevin Duvan Castaño Gil,523999,Zakaria Kessary,90.220817,84.125597,90.220817,4,medium_research_only,SAME_ROLE_ONLY;RESEARCH_ONLY;SAMPLE_TOO_SMALL_LOCAL_11_MATCHES_NOT_PRODUCTION_READY,True,False
MID,60138,Kevin Duvan Castaño Gil,524000,Ahmed Aboulfath,99.042972,86.44212,99.042972,4,medium_research_only,SAME_ROLE_ONLY;RESEARCH_ONLY;SAMPLE_TOO_SMALL_LOCAL_11_MATCHES_NOT_PRODUCTION_READY,True,False
MID,60138,Kevin Duvan Castaño Gil,524002,Salim Ghazzani,97.907833,75.343293,97.907833,4,medium_research_only,SAME_ROLE_ONLY;RESEARCH_ONLY;SAMPLE_TOO_SMALL_LOCAL_11_MATCHES_NOT_PRODUCTION_READY,True,False
MID,60138,Kevin Duvan Castaño Gil,524003,Mohammed Es-Sahel,89.51403,87.051642,89.51403,4,medium_research_only,SAME_ROLE_ONLY;RESEARCH_ONLY;SAMPLE_TOO_SMALL_LOCAL_11_MATCHES_NOT_PRODUCTION_READY,True,False
MID,60138,Kevin Duvan Castaño Gil,524511,Saad Nassik,87.174493,87.452851,87.174493,4,medium_research_only,SAME_ROLE_ONLY;RESEARCH_ONLY;SAMPLE_TOO_SMALL_LOCAL_11_MATCHES_NOT_PRODUCTION_READY,True,False
MID,134249,Adam Ennaffati,135202,Walid Sabbar,95.858467,5.119915,95.858467,4,medium_research_only,SAME_ROLE_ONLY;RESEARCH_ONLY;SAMPLE_TOO_SMALL_LOCAL_11_MATCHES_NOT_PRODUCTION_READY,True,False
MID,134249,Adam Ennaffati,138827,Achraf El Idrissi,88.27648,8.859511,88.27648,4,medium_research_only,SAME_ROLE_ONLY;RESEARCH_ONLY;SAMPLE_TOO_SMALL_LOCAL_11_MATCHES_NOT_PRODUCTION_READY,True,False
MID,134249,Adam Ennaffati,138845,Mohsine Moutouali,99.18366,6.199213,99.18366,4,medium_research_only,SAME_ROLE_ONLY;RESEARCH_ONLY;SAMPLE_TOO_SMALL_LOCAL_11_MATCHES_NOT_PRODUCTION_READY,True,False
MID,134249,Adam Ennaffati,138853,Abdellah Farah,71.77503,10.318905,71.77503,4,medium_research_only,SAME_ROLE_ONLY;RESEARCH_ONLY;SAMPLE_TOO_SMALL_LOCAL_11_MATCHES_NOT_PRODUCTION_READY,True,False
MID,134249,Adam Ennaffati,138860,Youssef Michte,84.157608,10.611585,84.157608,4,medium_research_only,SAME_ROLE_ONLY;RESEARCH_ONLY;SAMPLE_TOO_SMALL_LOCAL_11_MATCHES_NOT_PRODUCTION_READY,True,False
MID,134249,Adam Ennaffati,138862,Abderrahmane Kassak,98.30868,6.134407,98.30868,4,medium_research_only,SAME_ROLE_ONLY;RESEARCH_ONLY;SAMPLE_TOO_SMALL_LOCAL_11_MATCHES_NOT_PRODUCTION_READY,True,False
MID,134249,Adam Ennaffati,138872,Oussama Mahrous,90.920882,8.141987,90.920882,4,medium_research_only,SAME_ROLE_ONLY;RESEARCH_ONLY;SAMPLE_TOO_SMALL_LOCAL_11_MATCHES_NOT_PRODUCTION_READY,True,False
MID,134249,Adam Ennaffati,138873,Abdelghafour Lamirat,84.259339,13.191192,84.259339,4,medium_research_only,SAME_ROLE_ONLY;RESEARCH_ONLY;SAMPLE_TOO_SMALL_LOCAL_11_MATCHES_NOT_PRODUCTION_READY,True,False
MID,134249,Adam Ennaffati,138877,Saleh Al Sellami,93.662862,6.476409,93.662862,4,medium_research_only,SAME_ROLE_ONLY;RESEARCH_ONLY;SAMPLE_TOO_SMALL_LOCAL_11_MATCHES_NOT_PRODUCTION_READY,True,False
MID,134249,Adam Ennaffati,138895,Abdelfattah Hadraf,80.714391,17.812793,80.714391,4,medium_research_only,SAME_ROLE_ONLY;RESEARCH_ONLY;SAMPLE_TOO_SMALL_LOCAL_11_MATCHES_NOT_PRODUCTION_READY,True,False
MID,134249,Adam Ennaffati,138898,Ahmed Chentouf,71.568117,25.827483,71.568117,4,medium_research_only,SAME_ROLE_ONLY;RESEARCH_ONLY;SAMPLE_TOO_SMALL_LOCAL_11_MATCHES_NOT_PRODUCTION_READY,True,False
MID,134249,Adam Ennaffati,138983,Zine Eddine Derrag,83.540756,13.622292,83.540756,4,medium_research_only,SAME_ROLE_ONLY;RESEARCH_ONLY;SAMPLE_TOO_SMALL_LOCAL_11_MATCHES_NOT_PRODUCTION_READY,True,False
MID,134249,Adam Ennaffati,139545,Mohammad El Fakih,99.303775,8.293835,99.303775,4,medium_research_only,SAME_ROLE_ONLY;RESEARCH_ONLY;SAMPLE_TOO_SMALL_LOCAL_11_MATCHES_NOT_PRODUCTION_READY,True,False
MID,134249,Adam Ennaffati,139554,Abdoulaye Diarra,86.989407,7.893439,86.989407,4,medium_research_only,SAME_ROLE_ONLY;RESEARCH_ONLY;SAMPLE_TOO_SMALL_LOCAL_11_MATCHES_NOT_PRODUCTION_READY,True,False
MID,134249,Adam Ennaffati,139565,Larbi Naji,90.255601,8.473081,90.255601,4,medium_research_only,SAME_ROLE_ONLY;RESEARCH_ONLY;SAMPLE_TOO_SMALL_LOCAL_11_MATCHES_NOT_PRODUCTION_READY,True,False
MID,134249,Adam Ennaffati,139568,Youssef Zghoudi,84.803561,7.961593,84.803561,4,medium_research_only,SAME_ROLE_ONLY;RESEARCH_ONLY;SAMPLE_TOO_SMALL_LOCAL_11_MATCHES_NOT_PRODUCTION_READY,True,False
MID,134249,Adam Ennaffati,139570,Brahim El Bahraoui,94.767031,8.364917,94.767031,4,medium_research_only,SAME_ROLE_ONLY;RESEARCH_ONLY;SAMPLE_TOO_SMALL_LOCAL_11_MATCHES_NOT_PRODUCTION_READY,True,False
MID,134249,Adam Ennaffati,140871,Khalid Ait Ouarkhane,98.628313,3.968499,98.628313,4,medium_research_only,SAME_ROLE_ONLY;RESEARCH_ONLY;SAMPLE_TOO_SMALL_LOCAL_11_MATCHES_NOT_PRODUCTION_READY,True,False
MID,134249,Adam Ennaffati,140872,Mohamed Rabie Hrimat,96.153442,8.285152,96.153442,4,medium_research_only,SAME_ROLE_ONLY;RESEARCH_ONLY;SAMPLE_TOO_SMALL_LOCAL_11_MATCHES_NOT_PRODUCTION_READY,True,False
MID,134249,Adam Ennaffati,141254,Hamza Afsal,89.979418,7.987142,89.979418,4,medium_research_only,SAME_ROLE_ONLY;RESEARCH_ONLY;SAMPLE_TOO_SMALL_LOCAL_11_MATCHES_NOT_PRODUCTION_READY,True,False
MID,134249,Adam Ennaffati,143166,Zakaria Fati,88.45703,9.671624,88.45703,4,medium_research_only,SAME_ROLE_ONLY;RESEARCH_ONLY;SAMPLE_TOO_SMALL_LOCAL_11_MATCHES_NOT_PRODUCTION_READY,True,False
MID,134249,Adam Ennaffati,143490,Ahmed Hammoudan,97.080159,5.800561,97.080159,4,medium_research_only,SAME_ROLE_ONLY;RESEARCH_ONLY;SAMPLE_TOO_SMALL_LOCAL_11_MATCHES_NOT_PRODUCTION_READY,True,False
MID,134249,Adam Ennaffati,143505,Mohamed Morabit,98.614998,5.896338,98.614998,4,medium_research_only,SAME_ROLE_ONLY;RESEARCH_ONLY;SAMPLE_TOO_SMALL_LOCAL_11_MATCHES_NOT_PRODUCTION_READY,True,False
MID,134249,Adam Ennaffati,144434,Ismail Moutaraji,84.03589,16.862298,84.03589,4,medium_research_only,SAME_ROLE_ONLY;RESEARCH_ONLY;SAMPLE_TOO_SMALL_LOCAL_11_MATCHES_NOT_PRODUCTION_READY,True,False
MID,134249,Adam Ennaffati,144436,Anas Serrhat,91.702093,12.014704,91.702093,4,medium_research_only,SAME_ROLE_ONLY;RESEARCH_ONLY;SAMPLE_TOO_SMALL_LOCAL_11_MATCHES_NOT_PRODUCTION_READY,True,False
MID,134249,Adam Ennaffati,149135,Moses Orkuma,84.06511,12.038518,84.06511,4,medium_research_only,SAME_ROLE_ONLY;RESEARCH_ONLY;SAMPLE_TOO_SMALL_LOCAL_11_MATCHES_NOT_PRODUCTION_READY,True,False
MID,134249,Adam Ennaffati,151743,Mohamed Al Makahasi,91.904391,8.825302,91.904391,4,medium_research_only,SAME_ROLE_ONLY;RESEARCH_ONLY;SAMPLE_TOO_SMALL_LOCAL_11_MATCHES_NOT_PRODUCTION_READY,True,False
MID,134249,Adam Ennaffati,154668,Mamadou Lamine Camara,92.317044,9.690448,92.317044,4,medium_research_only,SAME_ROLE_ONLY;RESEARCH_ONLY;SAMPLE_TOO_SMALL_LOCAL_11_MATCHES_NOT_PRODUCTION_READY,True,False
MID,134249,Adam Ennaffati,161352,Salaheddine Errahouli,99.282878,3.773486,99.282878,4,medium_research_only,SAME_ROLE_ONLY;RESEARCH_ONLY;SAMPLE_TOO_SMALL_LOCAL_11_MATCHES_NOT_PRODUCTION_READY,True,False
MID,134249,Adam Ennaffati,183765,Mohammed Amine Essahel,86.062649,10.600715,86.062649,4,medium_research_only,SAME_ROLE_ONLY;RESEARCH_ONLY;SAMPLE_TOO_SMALL_LOCAL_11_MATCHES_NOT_PRODUCTION_READY,True,False
MID,134249,Adam Ennaffati,194809,Oussama Zemraoui,96.688046,8.442312,96.688046,4,medium_research_only,SAME_ROLE_ONLY;RESEARCH_ONLY;SAMPLE_TOO_SMALL_LOCAL_11_MATCHES_NOT_PRODUCTION_READY,True,False
MID,134249,Adam Ennaffati,194912,Faouzi Abd El Mouttalib,87.282913,9.356906,87.282913,4,medium_research_only,SAME_ROLE_ONLY;RESEARCH_ONLY;SAMPLE_TOO_SMALL_LOCAL_11_MATCHES_NOT_PRODUCTION_READY,True,False
MID,134249,Adam Ennaffati,195016,Mouad Mouchtanim,90.987886,10.483069,90.987886,4,medium_research_only,SAME_ROLE_ONLY;RESEARCH_ONLY;SAMPLE_TOO_SMALL_LOCAL_11_MATCHES_NOT_PRODUCTION_READY,True,False
MID,134249,Adam Ennaffati,199611,Youssef Mehri,97.865102,5.996204,97.865102,4,medium_research_only,SAME_ROLE_ONLY;RESEARCH_ONLY;SAMPLE_TOO_SMALL_LOCAL_11_MATCHES_NOT_PRODUCTION_READY,True,False
MID,134249,Adam Ennaffati,203027,Walid Rhailouf,91.751844,10.741002,91.751844,4,medium_research_only,SAME_ROLE_ONLY;RESEARCH_ONLY;SAMPLE_TOO_SMALL_LOCAL_11_MATCHES_NOT_PRODUCTION_READY,True,False
MID,134249,Adam Ennaffati,225437,Stephane Aziz Ki,97.225935,4.057594,97.225935,4,medium_research_only,SAME_ROLE_ONLY;RESEARCH_ONLY;SAMPLE_TOO_SMALL_LOCAL_11_MATCHES_NOT_PRODUCTION_READY,True,False
MID,134249,Adam Ennaffati,261620,Nadir Lougmani,87.401763,7.55788,87.401763,4,medium_research_only,SAME_ROLE_ONLY;RESEARCH_ONLY;SAMPLE_TOO_SMALL_LOCAL_11_MATCHES_NOT_PRODUCTION_READY,True,False
MID,134249,Adam Ennaffati,275341,Yazid Faffa,90.327133,7.232134,90.327133,4,medium_research_only,SAME_ROLE_ONLY;RESEARCH_ONLY;SAMPLE_TOO_SMALL_LOCAL_11_MATCHES_NOT_PRODUCTION_READY,True,False
MID,134249,Adam Ennaffati,312935,Amine Azri,88.057956,10.569448,88.057956,4,medium_research_only,SAME_ROLE_ONLY;RESEARCH_ONLY;SAMPLE_TOO_SMALL_LOCAL_11_MATCHES_NOT_PRODUCTION_READY,True,False
MID,134249,Adam Ennaffati,313277,Mohamed Chemlal,99.797812,26.306791,99.797812,4,medium_research_only,SAME_ROLE_ONLY;RESEARCH_ONLY;SAMPLE_TOO_SMALL_LOCAL_11_MATCHES_NOT_PRODUCTION_READY,True,False
MID,134249,Adam Ennaffati,313284,Achraf Harmach,85.880903,9.57602,85.880903,4,medium_research_only,SAME_ROLE_ONLY;RESEARCH_ONLY;SAMPLE_TOO_SMALL_LOCAL_11_MATCHES_NOT_PRODUCTION_READY,True,False
MID,134249,Adam Ennaffati,314460,Ayoub Bouaadli,89.277586,10.101407,89.277586,4,medium_research_only,SAME_ROLE_ONLY;RESEARCH_ONLY;SAMPLE_TOO_SMALL_LOCAL_11_MATCHES_NOT_PRODUCTION_READY,True,False
MID,134249,Adam Ennaffati,323979,Zakaria Fatihi,84.847512,14.460981,84.847512,4,medium_research_only,SAME_ROLE_ONLY;RESEARCH_ONLY;SAMPLE_TOO_SMALL_LOCAL_11_MATCHES_NOT_PRODUCTION_READY,True,False
MID,134249,Adam Ennaffati,360838,Zakaria Ami,87.755618,7.25839,87.755618,4,medium_research_only,SAME_ROLE_ONLY;RESEARCH_ONLY;SAMPLE_TOO_SMALL_LOCAL_11_MATCHES_NOT_PRODUCTION_READY,True,False
MID,134249,Adam Ennaffati,380600,Mouad Goulouss,89.513407,6.784322,89.513407,4,medium_research_only,SAME_ROLE_ONLY;RESEARCH_ONLY;SAMPLE_TOO_SMALL_LOCAL_11_MATCHES_NOT_PRODUCTION_READY,True,False
MID,134249,Adam Ennaffati,381935,Ismail Mihrab,87.118576,7.875542,87.118576,4,medium_research_only,SAME_ROLE_ONLY;RESEARCH_ONLY;SAMPLE_TOO_SMALL_LOCAL_11_MATCHES_NOT_PRODUCTION_READY,True,False
MID,134249,Adam Ennaffati,396748,Youssef Laghzal,79.983101,8.883437,79.983101,4,medium_research_only,SAME_ROLE_ONLY;RESEARCH_ONLY;SAMPLE_TOO_SMALL_LOCAL_11_MATCHES_NOT_PRODUCTION_READY,True,False
MID,134249,Adam Ennaffati,405645,Othmane Chraibi,84.28398,17.037468,84.28398,4,medium_research_only,SAME_ROLE_ONLY;RESEARCH_ONLY;SAMPLE_TOO_SMALL_LOCAL_11_MATCHES_NOT_PRODUCTION_READY,True,False
MID,134249,Adam Ennaffati,406269,Danilson Gomes Tavares,87.79973,7.646357,87.79973,4,medium_research_only,SAME_ROLE_ONLY;RESEARCH_ONLY;SAMPLE_TOO_SMALL_LOCAL_11_MATCHES_NOT_PRODUCTION_READY,True,False
MID,134249,Adam Ennaffati,407207,Ennaama El Bellali,86.930798,11.437608,86.930798,4,medium_research_only,SAME_ROLE_ONLY;RESEARCH_ONLY;SAMPLE_TOO_SMALL_LOCAL_11_MATCHES_NOT_PRODUCTION_READY,True,False
MID,134249,Adam Ennaffati,407506,Oussama Nourdine,81.806917,12.928767,81.806917,4,medium_research_only,SAME_ROLE_ONLY;RESEARCH_ONLY;SAMPLE_TOO_SMALL_LOCAL_11_MATCHES_NOT_PRODUCTION_READY,True,False
MID,134249,Adam Ennaffati,407852,Abdessamad Mahir,85.90666,10.444176,85.90666,4,medium_research_only,SAME_ROLE_ONLY;RESEARCH_ONLY;SAMPLE_TOO_SMALL_LOCAL_11_MATCHES_NOT_PRODUCTION_READY,True,False
MID,134249,Adam Ennaffati,415853,Claude Gnolou,85.450469,11.801934,85.450469,4,medium_research_only,SAME_ROLE_ONLY;RESEARCH_ONLY;SAMPLE_TOO_SMALL_LOCAL_11_MATCHES_NOT_PRODUCTION_READY,True,False
MID,134249,Adam Ennaffati,416303,El Mahdi Akoumi,88.67722,7.15868,88.67722,4,medium_research_only,SAME_ROLE_ONLY;RESEARCH_ONLY;SAMPLE_TOO_SMALL_LOCAL_11_MATCHES_NOT_PRODUCTION_READY,True,False
MID,134249,Adam Ennaffati,424979,Soufiane Tazi,90.797604,11.144539,90.797604,4,medium_research_only,SAME_ROLE_ONLY;RESEARCH_ONLY;SAMPLE_TOO_SMALL_LOCAL_11_MATCHES_NOT_PRODUCTION_READY,True,False
MID,134249,Adam Ennaffati,442288,Adnane Berdad,87.348072,9.016219,87.348072,4,medium_research_only,SAME_ROLE_ONLY;RESEARCH_ONLY;SAMPLE_TOO_SMALL_LOCAL_11_MATCHES_NOT_PRODUCTION_READY,True,False
MID,134249,Adam Ennaffati,442292,Abdellatif El Bajjani,87.169339,11.467611,87.169339,4,medium_research_only,SAME_ROLE_ONLY;RESEARCH_ONLY;SAMPLE_TOO_SMALL_LOCAL_11_MATCHES_NOT_PRODUCTION_READY,True,False
MID,134249,Adam Ennaffati,443951,Youness Akharraz,82.678204,9.16513,82.678204,4,medium_research_only,SAME_ROLE_ONLY;RESEARCH_ONLY;SAMPLE_TOO_SMALL_LOCAL_11_MATCHES_NOT_PRODUCTION_READY,True,False
MID,134249,Adam Ennaffati,445163,Ayoub Maamouri,98.243598,4.263842,98.243598,4,medium_research_only,SAME_ROLE_ONLY;RESEARCH_ONLY;SAMPLE_TOO_SMALL_LOCAL_11_MATCHES_NOT_PRODUCTION_READY,True,False
MID,134249,Adam Ennaffati,446355,Ishak Zidani,89.076214,9.641728,89.076214,4,medium_research_only,SAME_ROLE_ONLY;RESEARCH_ONLY;SAMPLE_TOO_SMALL_LOCAL_11_MATCHES_NOT_PRODUCTION_READY,True,False
MID,134249,Adam Ennaffati,449373,Marouane Oujeddou,97.164943,4.028855,97.164943,4,medium_research_only,SAME_ROLE_ONLY;RESEARCH_ONLY;SAMPLE_TOO_SMALL_LOCAL_11_MATCHES_NOT_PRODUCTION_READY,True,False
MID,134249,Adam Ennaffati,449471,Ayman Tarrazi,82.981218,9.439845,82.981218,4,medium_research_only,SAME_ROLE_ONLY;RESEARCH_ONLY;SAMPLE_TOO_SMALL_LOCAL_11_MATCHES_NOT_PRODUCTION_READY,True,False
MID,134249,Adam Ennaffati,450709,Joseph Bakasu       ,83.027183,11.488316,83.027183,4,medium_research_only,SAME_ROLE_ONLY;RESEARCH_ONLY;SAMPLE_TOO_SMALL_LOCAL_11_MATCHES_NOT_PRODUCTION_READY,True,False
MID,134249,Adam Ennaffati,460266,Youness Dahmani,80.783085,8.705192,80.783085,4,medium_research_only,SAME_ROLE_ONLY;RESEARCH_ONLY;SAMPLE_TOO_SMALL_LOCAL_11_MATCHES_NOT_PRODUCTION_READY,True,False
MID,134249,Adam Ennaffati,477679,Redouane Oubidar,83.684415,12.380744,83.684415,4,medium_research_only,SAME_ROLE_ONLY;RESEARCH_ONLY;SAMPLE_TOO_SMALL_LOCAL_11_MATCHES_NOT_PRODUCTION_READY,True,False
MID,134249,Adam Ennaffati,477680,Hamza Saoud,89.077861,15.040243,89.077861,4,medium_research_only,SAME_ROLE_ONLY;RESEARCH_ONLY;SAMPLE_TOO_SMALL_LOCAL_11_MATCHES_NOT_PRODUCTION_READY,True,False
MID,134249,Adam Ennaffati,477682,Ayoub Benaadi,97.458823,5.441359,97.458823,4,medium_research_only,SAME_ROLE_ONLY;RESEARCH_ONLY;SAMPLE_TOO_SMALL_LOCAL_11_MATCHES_NOT_PRODUCTION_READY,True,False
MID,134249,Adam Ennaffati,477688,Ayoub El Khaffi,83.472062,18.875072,83.472062,4,medium_research_only,SAME_ROLE_ONLY;RESEARCH_ONLY;SAMPLE_TOO_SMALL_LOCAL_11_MATCHES_NOT_PRODUCTION_READY,True,False
MID,134249,Adam Ennaffati,523298,Mohamed Ahayaoui,88.39649,12.642742,88.39649,4,medium_research_only,SAME_ROLE_ONLY;RESEARCH_ONLY;SAMPLE_TOO_SMALL_LOCAL_11_MATCHES_NOT_PRODUCTION_READY,True,False
MID,134249,Adam Ennaffati,523308,Adil Khalloufi,84.484493,12.996518,84.484493,4,medium_research_only,SAME_ROLE_ONLY;RESEARCH_ONLY;SAMPLE_TOO_SMALL_LOCAL_11_MATCHES_NOT_PRODUCTION_READY,True,False
MID,134249,Adam Ennaffati,523312,Brahim Mansouri,99.339714,4.967947,99.339714,4,medium_research_only,SAME_ROLE_ONLY;RESEARCH_ONLY;SAMPLE_TOO_SMALL_LOCAL_11_MATCHES_NOT_PRODUCTION_READY,True,False
MID,134249,Adam Ennaffati,523319,Omar Ouddah,82.466221,14.864857,82.466221,4,medium_research_only,SAME_ROLE_ONLY;RESEARCH_ONLY;SAMPLE_TOO_SMALL_LOCAL_11_MATCHES_NOT_PRODUCTION_READY,True,False
MID,134249,Adam Ennaffati,523973,Hamza Rafa,83.246672,12.382048,83.246672,4,medium_research_only,SAME_ROLE_ONLY;RESEARCH_ONLY;SAMPLE_TOO_SMALL_LOCAL_11_MATCHES_NOT_PRODUCTION_READY,True,False
MID,134249,Adam Ennaffati,523996,Fred Duval Ngoma,83.178552,12.45105,83.178552,4,medium_research_only,SAME_ROLE_ONLY;RESEARCH_ONLY;SAMPLE_TOO_SMALL_LOCAL_11_MATCHES_NOT_PRODUCTION_READY,True,False
MID,134249,Adam Ennaffati,523997,Karim L'Koucha,85.270919,8.135142,85.270919,4,medium_research_only,SAME_ROLE_ONLY;RESEARCH_ONLY;SAMPLE_TOO_SMALL_LOCAL_11_MATCHES_NOT_PRODUCTION_READY,True,False
MID,134249,Adam Ennaffati,523999,Zakaria Kessary,89.920875,11.043493,89.920875,4,medium_research_only,SAME_ROLE_ONLY;RESEARCH_ONLY;SAMPLE_TOO_SMALL_LOCAL_11_MATCHES_NOT_PRODUCTION_READY,True,False
MID,134249,Adam Ennaffati,524000,Ahmed Aboulfath,82.98441,9.293273,82.98441,4,medium_research_only,SAME_ROLE_ONLY;RESEARCH_ONLY;SAMPLE_TOO_SMALL_LOCAL_11_MATCHES_NOT_PRODUCTION_READY,True,False
MID,134249,Adam Ennaffati,524002,Salim Ghazzani,95.845064,14.179129,95.845064,4,medium_research_only,SAME_ROLE_ONLY;RESEARCH_ONLY;SAMPLE_TOO_SMALL_LOCAL_11_MATCHES_NOT_PRODUCTION_READY,True,False
MID,134249,Adam Ennaffati,524003,Mohammed Es-Sahel,82.771598,10.708014,82.771598,4,medium_research_only,SAME_ROLE_ONLY;RESEARCH_ONLY;SAMPLE_TOO_SMALL_LOCAL_11_MATCHES_NOT_PRODUCTION_READY,True,False
MID,134249,Adam Ennaffati,524511,Saad Nassik,84.694975,10.451532,84.694975,4,medium_research_only,SAME_ROLE_ONLY;RESEARCH_ONLY;SAMPLE_TOO_SMALL_LOCAL_11_MATCHES_NOT_PRODUCTION_READY,True,False
MID,135202,Walid Sabbar,138827,Achraf El Idrissi,97.564333,4.250721,97.564333,4,medium_research_only,SAME_ROLE_ONLY;RESEARCH_ONLY;SAMPLE_TOO_SMALL_LOCAL_11_MATCHES_NOT_PRODUCTION_READY,True,False
MID,135202,Walid Sabbar,138845,Mohsine Moutouali,97.819291,5.877801,97.819291,4,medium_research_only,SAME_ROLE_ONLY;RESEARCH_ONLY;SAMPLE_TOO_SMALL_LOCAL_11_MATCHES_NOT_PRODUCTION_READY,True,False
MID,135202,Walid Sabbar,138853,Abdellah Farah,79.302117,11.660758,79.302117,4,medium_research_only,SAME_ROLE_ONLY;RESEARCH_ONLY;SAMPLE_TOO_SMALL_LOCAL_11_MATCHES_NOT_PRODUCTION_READY,True,False
MID,135202,Walid Sabbar,138860,Youssef Michte,95.095041,6.243654,95.095041,4,medium_research_only,SAME_ROLE_ONLY;RESEARCH_ONLY;SAMPLE_TOO_SMALL_LOCAL_11_MATCHES_NOT_PRODUCTION_READY,True,False
MID,135202,Walid Sabbar,138862,Abderrahmane Kassak,98.814294,4.585352,98.814294,4,medium_research_only,SAME_ROLE_ONLY;RESEARCH_ONLY;SAMPLE_TOO_SMALL_LOCAL_11_MATCHES_NOT_PRODUCTION_READY,True,False
MID,135202,Walid Sabbar,138872,Oussama Mahrous,98.867797,3.178701,98.867797,4,medium_research_only,SAME_ROLE_ONLY;RESEARCH_ONLY;SAMPLE_TOO_SMALL_LOCAL_11_MATCHES_NOT_PRODUCTION_READY,True,False
MID,135202,Walid Sabbar,138873,Abdelghafour Lamirat,95.189389,8.487615,95.189389,4,medium_research_only,SAME_ROLE_ONLY;RESEARCH_ONLY;SAMPLE_TOO_SMALL_LOCAL_11_MATCHES_NOT_PRODUCTION_READY,True,False
MID,135202,Walid Sabbar,138877,Saleh Al Sellami,98.943714,2.717872,98.943714,4,medium_research_only,SAME_ROLE_ONLY;RESEARCH_ONLY;SAMPLE_TOO_SMALL_LOCAL_11_MATCHES_NOT_PRODUCTION_READY,True,False
MID,135202,Walid Sabbar,138895,Abdelfattah Hadraf,84.758646,16.282091,84.758646,4,medium_research_only,SAME_ROLE_ONLY;RESEARCH_ONLY;SAMPLE_TOO_SMALL_LOCAL_11_MATCHES_NOT_PRODUCTION_READY,True,False
MID,135202,Walid Sabbar,138898,Ahmed Chentouf,82.036819,22.648698,82.036819,4,medium_research_only,SAME_ROLE_ONLY;RESEARCH_ONLY;SAMPLE_TOO_SMALL_LOCAL_11_MATCHES_NOT_PRODUCTION_READY,True,False
MID,135202,Walid Sabbar,138983,Zine Eddine Derrag,94.292831,9.165526,94.292831,4,medium_research_only,SAME_ROLE_ONLY;RESEARCH_ONLY;SAMPLE_TOO_SMALL_LOCAL_11_MATCHES_NOT_PRODUCTION_READY,True,False
MID,135202,Walid Sabbar,139545,Mohammad El Fakih,97.976601,7.645559,97.976601,4,medium_research_only,SAME_ROLE_ONLY;RESEARCH_ONLY;SAMPLE_TOO_SMALL_LOCAL_11_MATCHES_NOT_PRODUCTION_READY,True,False
MID,135202,Walid Sabbar,139554,Abdoulaye Diarra,97.097743,4.438337,97.097743,4,medium_research_only,SAME_ROLE_ONLY;RESEARCH_ONLY;SAMPLE_TOO_SMALL_LOCAL_11_MATCHES_NOT_PRODUCTION_READY,True,False
MID,135202,Walid Sabbar,139565,Larbi Naji,97.495155,4.531039,97.495155,4,medium_research_only,SAME_ROLE_ONLY;RESEARCH_ONLY;SAMPLE_TOO_SMALL_LOCAL_11_MATCHES_NOT_PRODUCTION_READY,True,False
MID,135202,Walid Sabbar,139568,Youssef Zghoudi,95.259618,6.269663,95.259618,4,medium_research_only,SAME_ROLE_ONLY;RESEARCH_ONLY;SAMPLE_TOO_SMALL_LOCAL_11_MATCHES_NOT_PRODUCTION_READY,True,False
MID,135202,Walid Sabbar,139570,Brahim El Bahraoui,99.900519,9.628464,99.900519,4,medium_research_only,SAME_ROLE_ONLY;RESEARCH_ONLY;SAMPLE_TOO_SMALL_LOCAL_11_MATCHES_NOT_PRODUCTION_READY,True,False
MID,135202,Walid Sabbar,140871,Khalid Ait Ouarkhane,99.055055,2.770798,99.055055,4,medium_research_only,SAME_ROLE_ONLY;RESEARCH_ONLY;SAMPLE_TOO_SMALL_LOCAL_11_MATCHES_NOT_PRODUCTION_READY,True,False
MID,135202,Walid Sabbar,140872,Mohamed Rabie Hrimat,98.55461,5.795035,98.55461,4,medium_research_only,SAME_ROLE_ONLY;RESEARCH_ONLY;SAMPLE_TOO_SMALL_LOCAL_11_MATCHES_NOT_PRODUCTION_READY,True,False
MID,135202,Walid Sabbar,141254,Hamza Afsal,95.286435,5.674651,95.286435,4,medium_research_only,SAME_ROLE_ONLY;RESEARCH_ONLY;SAMPLE_TOO_SMALL_LOCAL_11_MATCHES_NOT_PRODUCTION_READY,True,False
MID,135202,Walid Sabbar,143166,Zakaria Fati,97.175748,5.227564,97.175748,4,medium_research_only,SAME_ROLE_ONLY;RESEARCH_ONLY;SAMPLE_TOO_SMALL_LOCAL_11_MATCHES_NOT_PRODUCTION_READY,True,False
MID,135202,Walid Sabbar,143490,Ahmed Hammoudan,98.407909,4.061251,98.407909,4,medium_research_only,SAME_ROLE_ONLY;RESEARCH_ONLY;SAMPLE_TOO_SMALL_LOCAL_11_MATCHES_NOT_PRODUCTION_READY,True,False
MID,135202,Walid Sabbar,143505,Mohamed Morabit,95.899165,6.663521,95.899165,4,medium_research_only,SAME_ROLE_ONLY;RESEARCH_ONLY;SAMPLE_TOO_SMALL_LOCAL_11_MATCHES_NOT_PRODUCTION_READY,True,False
MID,135202,Walid Sabbar,144434,Ismail Moutaraji,95.035222,12.166116,95.035222,4,medium_research_only,SAME_ROLE_ONLY;RESEARCH_ONLY;SAMPLE_TOO_SMALL_LOCAL_11_MATCHES_NOT_PRODUCTION_READY,True,False
MID,135202,Walid Sabbar,144436,Anas Serrhat,99.1477,7.418748,99.1477,4,medium_research_only,SAME_ROLE_ONLY;RESEARCH_ONLY;SAMPLE_TOO_SMALL_LOCAL_11_MATCHES_NOT_PRODUCTION_READY,True,False
MID,135202,Walid Sabbar,149135,Moses Orkuma,95.288219,7.292673,95.288219,4,medium_research_only,SAME_ROLE_ONLY;RESEARCH_ONLY;SAMPLE_TOO_SMALL_LOCAL_11_MATCHES_NOT_PRODUCTION_READY,True,False
MID,135202,Walid Sabbar,151743,Mohamed Al Makahasi,98.348296,4.688722,98.348296,4,medium_research_only,SAME_ROLE_ONLY;RESEARCH_ONLY;SAMPLE_TOO_SMALL_LOCAL_11_MATCHES_NOT_PRODUCTION_READY,True,False
MID,135202,Walid Sabbar,154668,Mamadou Lamine Camara,99.252946,5.000821,99.252946,4,medium_research_only,SAME_ROLE_ONLY;RESEARCH_ONLY;SAMPLE_TOO_SMALL_LOCAL_11_MATCHES_NOT_PRODUCTION_READY,True,False
MID,135202,Walid Sabbar,161352,Salaheddine Errahouli,98.450494,3.63587,98.450494,4,medium_research_only,SAME_ROLE_ONLY;RESEARCH_ONLY;SAMPLE_TOO_SMALL_LOCAL_11_MATCHES_NOT_PRODUCTION_READY,True,False
MID,135202,Walid Sabbar,183765,Mohammed Amine Essahel,96.294495,5.954492,96.294495,4,medium_research_only,SAME_ROLE_ONLY;RESEARCH_ONLY;SAMPLE_TOO_SMALL_LOCAL_11_MATCHES_NOT_PRODUCTION_READY,True,False
MID,135202,Walid Sabbar,194809,Oussama Zemraoui,99.107663,5.776788,99.107663,4,medium_research_only,SAME_ROLE_ONLY;RESEARCH_ONLY;SAMPLE_TOO_SMALL_LOCAL_11_MATCHES_NOT_PRODUCTION_READY,True,False
MID,135202,Walid Sabbar,194912,Faouzi Abd El Mouttalib,96.951889,4.835841,96.951889,4,medium_research_only,SAME_ROLE_ONLY;RESEARCH_ONLY;SAMPLE_TOO_SMALL_LOCAL_11_MATCHES_NOT_PRODUCTION_READY,True,False
MID,135202,Walid Sabbar,195016,Mouad Mouchtanim,98.380584,6.014304,98.380584,4,medium_research_only,SAME_ROLE_ONLY;RESEARCH_ONLY;SAMPLE_TOO_SMALL_LOCAL_11_MATCHES_NOT_PRODUCTION_READY,True,False
MID,135202,Walid Sabbar,199611,Youssef Mehri,98.453665,4.557714,98.453665,4,medium_research_only,SAME_ROLE_ONLY;RESEARCH_ONLY;SAMPLE_TOO_SMALL_LOCAL_11_MATCHES_NOT_PRODUCTION_READY,True,False
MID,135202,Walid Sabbar,203027,Walid Rhailouf,98.298778,6.643653,98.298778,4,medium_research_only,SAME_ROLE_ONLY;RESEARCH_ONLY;SAMPLE_TOO_SMALL_LOCAL_11_MATCHES_NOT_PRODUCTION_READY,True,False
MID,135202,Walid Sabbar,225437,Stephane Aziz Ki,99.236532,4.516202,99.236532,4,medium_research_only,SAME_ROLE_ONLY;RESEARCH_ONLY;SAMPLE_TOO_SMALL_LOCAL_11_MATCHES_NOT_PRODUCTION_READY,True,False
MID,135202,Walid Sabbar,261620,Nadir Lougmani,95.772203,5.36418,95.772203,4,medium_research_only,SAME_ROLE_ONLY;RESEARCH_ONLY;SAMPLE_TOO_SMALL_LOCAL_11_MATCHES_NOT_PRODUCTION_READY,True,False
MID,135202,Walid Sabbar,275341,Yazid Faffa,98.423241,3.192551,98.423241,4,medium_research_only,SAME_ROLE_ONLY;RESEARCH_ONLY;SAMPLE_TOO_SMALL_LOCAL_11_MATCHES_NOT_PRODUCTION_READY,True,False
MID,135202,Walid Sabbar,312935,Amine Azri,97.399753,5.764824,97.399753,4,medium_research_only,SAME_ROLE_ONLY;RESEARCH_ONLY;SAMPLE_TOO_SMALL_LOCAL_11_MATCHES_NOT_PRODUCTION_READY,True,False
MID,135202,Walid Sabbar,313277,Mohamed Chemlal,94.329578,26.650113,94.329578,4,medium_research_only,SAME_ROLE_ONLY;RESEARCH_ONLY;SAMPLE_TOO_SMALL_LOCAL_11_MATCHES_NOT_PRODUCTION_READY,True,False
MID,135202,Walid Sabbar,313284,Achraf Harmach,95.921522,5.396336,95.921522,4,medium_research_only,SAME_ROLE_ONLY;RESEARCH_ONLY;SAMPLE_TOO_SMALL_LOCAL_11_MATCHES_NOT_PRODUCTION_READY,True,False
MID,135202,Walid Sabbar,314460,Ayoub Bouaadli,97.853862,5.383524,97.853862,4,medium_research_only,SAME_ROLE_ONLY;RESEARCH_ONLY;SAMPLE_TOO_SMALL_LOCAL_11_MATCHES_NOT_PRODUCTION_READY,True,False
MID,135202,Walid Sabbar,323979,Zakaria Fatihi,95.233322,9.89089,95.233322,4,medium_research_only,SAME_ROLE_ONLY;RESEARCH_ONLY;SAMPLE_TOO_SMALL_LOCAL_11_MATCHES_NOT_PRODUCTION_READY,True,False
MID,135202,Walid Sabbar,360838,Zakaria Ami,90.101587,7.971271,90.101587,4,medium_research_only,SAME_ROLE_ONLY;RESEARCH_ONLY;SAMPLE_TOO_SMALL_LOCAL_11_MATCHES_NOT_PRODUCTION_READY,True,False
MID,135202,Walid Sabbar,380600,Mouad Goulouss,98.429432,5.15731,98.429432,4,medium_research_only,SAME_ROLE_ONLY;RESEARCH_ONLY;SAMPLE_TOO_SMALL_LOCAL_11_MATCHES_NOT_PRODUCTION_READY,True,False
MID,135202,Walid Sabbar,381935,Ismail Mihrab,96.584941,4.733075,96.584941,4,medium_research_only,SAME_ROLE_ONLY;RESEARCH_ONLY;SAMPLE_TOO_SMALL_LOCAL_11_MATCHES_NOT_PRODUCTION_READY,True,False
MID,135202,Walid Sabbar,396748,Youssef Laghzal,91.943037,7.638544,91.943037,4,medium_research_only,SAME_ROLE_ONLY;RESEARCH_ONLY;SAMPLE_TOO_SMALL_LOCAL_11_MATCHES_NOT_PRODUCTION_READY,True,False
MID,135202,Walid Sabbar,405645,Othmane Chraibi,94.837954,12.508814,94.837954,4,medium_research_only,SAME_ROLE_ONLY;RESEARCH_ONLY;SAMPLE_TOO_SMALL_LOCAL_11_MATCHES_NOT_PRODUCTION_READY,True,False
MID,135202,Walid Sabbar,406269,Danilson Gomes Tavares,97.345328,4.27936,97.345328,4,medium_research_only,SAME_ROLE_ONLY;RESEARCH_ONLY;SAMPLE_TOO_SMALL_LOCAL_11_MATCHES_NOT_PRODUCTION_READY,True,False
MID,135202,Walid Sabbar,407207,Ennaama El Bellali,96.548505,6.811627,96.548505,4,medium_research_only,SAME_ROLE_ONLY;RESEARCH_ONLY;SAMPLE_TOO_SMALL_LOCAL_11_MATCHES_NOT_PRODUCTION_READY,True,False
MID,135202,Walid Sabbar,407506,Oussama Nourdine,93.836579,8.285541,93.836579,4,medium_research_only,SAME_ROLE_ONLY;RESEARCH_ONLY;SAMPLE_TOO_SMALL_LOCAL_11_MATCHES_NOT_PRODUCTION_READY,True,False
MID,135202,Walid Sabbar,407852,Abdessamad Mahir,95.910823,6.030893,95.910823,4,medium_research_only,SAME_ROLE_ONLY;RESEARCH_ONLY;SAMPLE_TOO_SMALL_LOCAL_11_MATCHES_NOT_PRODUCTION_READY,True,False
MID,135202,Walid Sabbar,415853,Claude Gnolou,96.259303,6.889256,96.259303,4,medium_research_only,SAME_ROLE_ONLY;RESEARCH_ONLY;SAMPLE_TOO_SMALL_LOCAL_11_MATCHES_NOT_PRODUCTION_READY,True,False
MID,135202,Walid Sabbar,416303,El Mahdi Akoumi,97.168791,4.670901,97.168791,4,medium_research_only,SAME_ROLE_ONLY;RESEARCH_ONLY;SAMPLE_TOO_SMALL_LOCAL_11_MATCHES_NOT_PRODUCTION_READY,True,False
MID,135202,Walid Sabbar,424979,Soufiane Tazi,98.189185,6.776581,98.189185,4,medium_research_only,SAME_ROLE_ONLY;RESEARCH_ONLY;SAMPLE_TOO_SMALL_LOCAL_11_MATCHES_NOT_PRODUCTION_READY,True,False
MID,135202,Walid Sabbar,442288,Adnane Berdad,97.200673,4.447533,97.200673,4,medium_research_only,SAME_ROLE_ONLY;RESEARCH_ONLY;SAMPLE_TOO_SMALL_LOCAL_11_MATCHES_NOT_PRODUCTION_READY,True,False
MID,135202,Walid Sabbar,442292,Abdellatif El Bajjani,96.96766,6.648091,96.96766,4,medium_research_only,SAME_ROLE_ONLY;RESEARCH_ONLY;SAMPLE_TOO_SMALL_LOCAL_11_MATCHES_NOT_PRODUCTION_READY,True,False
MID,135202,Walid Sabbar,443951,Youness Akharraz,93.391116,6.333871,93.391116,4,medium_research_only,SAME_ROLE_ONLY;RESEARCH_ONLY;SAMPLE_TOO_SMALL_LOCAL_11_MATCHES_NOT_PRODUCTION_READY,True,False
MID,135202,Walid Sabbar,445163,Ayoub Maamouri,96.990183,6.222238,96.990183,4,medium_research_only,SAME_ROLE_ONLY;RESEARCH_ONLY;SAMPLE_TOO_SMALL_LOCAL_11_MATCHES_NOT_PRODUCTION_READY,True,False
MID,135202,Walid Sabbar,446355,Ishak Zidani,96.966281,5.540745,96.966281,4,medium_research_only,SAME_ROLE_ONLY;RESEARCH_ONLY;SAMPLE_TOO_SMALL_LOCAL_11_MATCHES_NOT_PRODUCTION_READY,True,False
MID,135202,Walid Sabbar,449373,Marouane Oujeddou,99.528142,1.827508,99.528142,4,medium_research_only,SAME_ROLE_ONLY;RESEARCH_ONLY;SAMPLE_TOO_SMALL_LOCAL_11_MATCHES_NOT_PRODUCTION_READY,True,False
MID,135202,Walid Sabbar,449471,Ayman Tarrazi,94.874479,5.631721,94.874479,4,medium_research_only,SAME_ROLE_ONLY;RESEARCH_ONLY;SAMPLE_TOO_SMALL_LOCAL_11_MATCHES_NOT_PRODUCTION_READY,True,False
MID,135202,Walid Sabbar,450709,Joseph Bakasu       ,93.980873,7.28281,93.980873,4,medium_research_only,SAME_ROLE_ONLY;RESEARCH_ONLY;SAMPLE_TOO_SMALL_LOCAL_11_MATCHES_NOT_PRODUCTION_READY,True,False
MID,135202,Walid Sabbar,460266,Youness Dahmani,84.448755,9.448895,84.448755,4,medium_research_only,SAME_ROLE_ONLY;RESEARCH_ONLY;SAMPLE_TOO_SMALL_LOCAL_11_MATCHES_NOT_PRODUCTION_READY,True,False
MID,135202,Walid Sabbar,477679,Redouane Oubidar,94.034286,8.183933,94.034286,4,medium_research_only,SAME_ROLE_ONLY;RESEARCH_ONLY;SAMPLE_TOO_SMALL_LOCAL_11_MATCHES_NOT_PRODUCTION_READY,True,False
MID,135202,Walid Sabbar,477680,Hamza Saoud,96.009112,11.42129,96.009112,4,medium_research_only,SAME_ROLE_ONLY;RESEARCH_ONLY;SAMPLE_TOO_SMALL_LOCAL_11_MATCHES_NOT_PRODUCTION_READY,True,False
MID,135202,Walid Sabbar,477682,Ayoub Benaadi,99.445798,2.80195,99.445798,4,medium_research_only,SAME_ROLE_ONLY;RESEARCH_ONLY;SAMPLE_TOO_SMALL_LOCAL_11_MATCHES_NOT_PRODUCTION_READY,True,False
MID,135202,Walid Sabbar,477688,Ayoub El Khaffi,94.751902,14.174582,94.751902,4,medium_research_only,SAME_ROLE_ONLY;RESEARCH_ONLY;SAMPLE_TOO_SMALL_LOCAL_11_MATCHES_NOT_PRODUCTION_READY,True,False
MID,135202,Walid Sabbar,523298,Mohamed Ahayaoui,97.464618,7.94519,97.464618,4,medium_research_only,SAME_ROLE_ONLY;RESEARCH_ONLY;SAMPLE_TOO_SMALL_LOCAL_11_MATCHES_NOT_PRODUCTION_READY,True,False
MID,135202,Walid Sabbar,523308,Adil Khalloufi,95.850677,7.997569,95.850677,4,medium_research_only,SAME_ROLE_ONLY;RESEARCH_ONLY;SAMPLE_TOO_SMALL_LOCAL_11_MATCHES_NOT_PRODUCTION_READY,True,False
MID,135202,Walid Sabbar,523312,Brahim Mansouri,96.423615,6.009082,96.423615,4,medium_research_only,SAME_ROLE_ONLY;RESEARCH_ONLY;SAMPLE_TOO_SMALL_LOCAL_11_MATCHES_NOT_PRODUCTION_READY,True,False
MID,135202,Walid Sabbar,523319,Omar Ouddah,93.942621,10.236203,93.942621,4,medium_research_only,SAME_ROLE_ONLY;RESEARCH_ONLY;SAMPLE_TOO_SMALL_LOCAL_11_MATCHES_NOT_PRODUCTION_READY,True,False
MID,135202,Walid Sabbar,523973,Hamza Rafa,93.959863,8.107631,93.959863,4,medium_research_only,SAME_ROLE_ONLY;RESEARCH_ONLY;SAMPLE_TOO_SMALL_LOCAL_11_MATCHES_NOT_PRODUCTION_READY,True,False
MID,135202,Walid Sabbar,523996,Fred Duval Ngoma,94.111914,8.071599,94.111914,4,medium_research_only,SAME_ROLE_ONLY;RESEARCH_ONLY;SAMPLE_TOO_SMALL_LOCAL_11_MATCHES_NOT_PRODUCTION_READY,True,False
MID,135202,Walid Sabbar,523997,Karim L'Koucha,96.003056,5.284001,96.003056,4,medium_research_only,SAME_ROLE_ONLY;RESEARCH_ONLY;SAMPLE_TOO_SMALL_LOCAL_11_MATCHES_NOT_PRODUCTION_READY,True,False
MID,135202,Walid Sabbar,523999,Zakaria Kessary,97.733126,6.655197,97.733126,4,medium_research_only,SAME_ROLE_ONLY;RESEARCH_ONLY;SAMPLE_TOO_SMALL_LOCAL_11_MATCHES_NOT_PRODUCTION_READY,True,False
MID,135202,Walid Sabbar,524000,Ahmed Aboulfath,92.359375,6.804545,92.359375,4,medium_research_only,SAME_ROLE_ONLY;RESEARCH_ONLY;SAMPLE_TOO_SMALL_LOCAL_11_MATCHES_NOT_PRODUCTION_READY,True,False
MID,135202,Walid Sabbar,524002,Salim Ghazzani,97.12993,12.347501,97.12993,4,medium_research_only,SAME_ROLE_ONLY;RESEARCH_ONLY;SAMPLE_TOO_SMALL_LOCAL_11_MATCHES_NOT_PRODUCTION_READY,True,False
MID,135202,Walid Sabbar,524003,Mohammed Es-Sahel,94.062064,6.610283,94.062064,4,medium_research_only,SAME_ROLE_ONLY;RESEARCH_ONLY;SAMPLE_TOO_SMALL_LOCAL_11_MATCHES_NOT_PRODUCTION_READY,True,False
MID,135202,Walid Sabbar,524511,Saad Nassik,95.366989,6.083216,95.366989,4,medium_research_only,SAME_ROLE_ONLY;RESEARCH_ONLY;SAMPLE_TOO_SMALL_LOCAL_11_MATCHES_NOT_PRODUCTION_READY,True,False
MID,138827,Achraf El Idrissi,138845,Mohsine Moutouali,91.394461,9.389134,91.394461,4,medium_research_only,SAME_ROLE_ONLY;RESEARCH_ONLY;SAMPLE_TOO_SMALL_LOCAL_11_MATCHES_NOT_PRODUCTION_READY,True,False
MID,138827,Achraf El Idrissi,138853,Abdellah Farah,75.490284,12.819997,75.490284,4,medium_research_only,SAME_ROLE_ONLY;RESEARCH_ONLY;SAMPLE_TOO_SMALL_LOCAL_11_MATCHES_NOT_PRODUCTION_READY,True,False
MID,138827,Achraf El Idrissi,138860,Youssef Michte,99.238971,2.554442,99.238971,4,medium_research_only,SAME_ROLE_ONLY;RESEARCH_ONLY;SAMPLE_TOO_SMALL_LOCAL_11_MATCHES_NOT_PRODUCTION_READY,True,False
MID,138827,Achraf El Idrissi,138862,Abderrahmane Kassak,94.594834,7.310082,94.594834,4,medium_research_only,SAME_ROLE_ONLY;RESEARCH_ONLY;SAMPLE_TOO_SMALL_LOCAL_11_MATCHES_NOT_PRODUCTION_READY,True,False
MID,138827,Achraf El Idrissi,138872,Oussama Mahrous,99.600583,1.80569,99.600583,4,medium_research_only,SAME_ROLE_ONLY;RESEARCH_ONLY;SAMPLE_TOO_SMALL_LOCAL_11_MATCHES_NOT_PRODUCTION_READY,True,False
MID,138827,Achraf El Idrissi,138873,Abdelghafour Lamirat,99.344006,4.978895,99.344006,4,medium_research_only,SAME_ROLE_ONLY;RESEARCH_ONLY;SAMPLE_TOO_SMALL_LOCAL_11_MATCHES_NOT_PRODUCTION_READY,True,False
MID,138827,Achraf El Idrissi,138877,Saleh Al Sellami,98.402886,3.446914,98.402886,4,medium_research_only,SAME_ROLE_ONLY;RESEARCH_ONLY;SAMPLE_TOO_SMALL_LOCAL_11_MATCHES_NOT_PRODUCTION_READY,True,False
MID,138827,Achraf El Idrissi,138895,Abdelfattah Hadraf,79.621866,17.989102,79.621866,4,medium_research_only,SAME_ROLE_ONLY;RESEARCH_ONLY;SAMPLE_TOO_SMALL_LOCAL_11_MATCHES_NOT_PRODUCTION_READY,True,False
MID,138827,Achraf El Idrissi,138898,Ahmed Chentouf,81.783726,22.5122,81.783726,4,medium_research_only,SAME_ROLE_ONLY;RESEARCH_ONLY;SAMPLE_TOO_SMALL_LOCAL_11_MATCHES_NOT_PRODUCTION_READY,True,False
MID,138827,Achraf El Idrissi,138983,Zine Eddine Derrag,99.161418,5.396306,99.161418,4,medium_research_only,SAME_ROLE_ONLY;RESEARCH_ONLY;SAMPLE_TOO_SMALL_LOCAL_11_MATCHES_NOT_PRODUCTION_READY,True,False
MID,138827,Achraf El Idrissi,139545,Mohammad El Fakih,92.497596,10.281354,92.497596,4,medium_research_only,SAME_ROLE_ONLY;RESEARCH_ONLY;SAMPLE_TOO_SMALL_LOCAL_11_MATCHES_NOT_PRODUCTION_READY,True,False
MID,138827,Achraf El Idrissi,139554,Abdoulaye Diarra,99.904432,3.01241,99.904432,4,medium_research_only,SAME_ROLE_ONLY;RESEARCH_ONLY;SAMPLE_TOO_SMALL_LOCAL_11_MATCHES_NOT_PRODUCTION_READY,True,False
MID,138827,Achraf El Idrissi,139565,Larbi Naji,99.358883,2.302183,99.358883,4,medium_research_only,SAME_ROLE_ONLY;RESEARCH_ONLY;SAMPLE_TOO_SMALL_LOCAL_11_MATCHES_NOT_PRODUCTION_READY,True,False
MID,138827,Achraf El Idrissi,139568,Youssef Zghoudi,99.456868,5.592779,99.456868,4,medium_research_only,SAME_ROLE_ONLY;RESEARCH_ONLY;SAMPLE_TOO_SMALL_LOCAL_11_MATCHES_NOT_PRODUCTION_READY,True,False
MID,138827,Achraf El Idrissi,139570,Brahim El Bahraoui,97.855674,10.791842,97.855674,4,medium_research_only,SAME_ROLE_ONLY;RESEARCH_ONLY;SAMPLE_TOO_SMALL_LOCAL_11_MATCHES_NOT_PRODUCTION_READY,True,False
MID,138827,Achraf El Idrissi,140871,Khalid Ait Ouarkhane,94.519212,6.441299,94.519212,4,medium_research_only,SAME_ROLE_ONLY;RESEARCH_ONLY;SAMPLE_TOO_SMALL_LOCAL_11_MATCHES_NOT_PRODUCTION_READY,True,False
MID,138827,Achraf El Idrissi,140872,Mohamed Rabie Hrimat,96.75672,6.600788,96.75672,4,medium_research_only,SAME_ROLE_ONLY;RESEARCH_ONLY;SAMPLE_TOO_SMALL_LOCAL_11_MATCHES_NOT_PRODUCTION_READY,True,False
MID,138827,Achraf El Idrissi,141254,Hamza Afsal,91.686571,7.805216,91.686571,4,medium_research_only,SAME_ROLE_ONLY;RESEARCH_ONLY;SAMPLE_TOO_SMALL_LOCAL_11_MATCHES_NOT_PRODUCTION_READY,True,False
MID,138827,Achraf El Idrissi,143166,Zakaria Fati,99.829812,1.807543,99.829812,4,medium_research_only,SAME_ROLE_ONLY;RESEARCH_ONLY;SAMPLE_TOO_SMALL_LOCAL_11_MATCHES_NOT_PRODUCTION_READY,True,False
MID,138827,Achraf El Idrissi,143490,Ahmed Hammoudan,95.402974,6.226303,95.402974,4,medium_research_only,SAME_ROLE_ONLY;RESEARCH_ONLY;SAMPLE_TOO_SMALL_LOCAL_11_MATCHES_NOT_PRODUCTION_READY,True,False
MID,138827,Achraf El Idrissi,143505,Mohamed Morabit,88.541956,10.311946,88.541956,4,medium_research_only,SAME_ROLE_ONLY;RESEARCH_ONLY;SAMPLE_TOO_SMALL_LOCAL_11_MATCHES_NOT_PRODUCTION_READY,True,False
MID,138827,Achraf El Idrissi,144434,Ismail Moutaraji,99.516874,8.906977,99.516874,4,medium_research_only,SAME_ROLE_ONLY;RESEARCH_ONLY;SAMPLE_TOO_SMALL_LOCAL_11_MATCHES_NOT_PRODUCTION_READY,True,False
MID,138827,Achraf El Idrissi,144436,Anas Serrhat,99.461826,6.299813,99.461826,4,medium_research_only,SAME_ROLE_ONLY;RESEARCH_ONLY;SAMPLE_TOO_SMALL_LOCAL_11_MATCHES_NOT_PRODUCTION_READY,True,False
MID,138827,Achraf El Idrissi,149135,Moses Orkuma,98.98933,4.052459,98.98933,4,medium_research_only,SAME_ROLE_ONLY;RESEARCH_ONLY;SAMPLE_TOO_SMALL_LOCAL_11_MATCHES_NOT_PRODUCTION_READY,True,False
MID,138827,Achraf El Idrissi,151743,Mohamed Al Makahasi,99.163991,3.325745,99.163991,4,medium_research_only,SAME_ROLE_ONLY;RESEARCH_ONLY;SAMPLE_TOO_SMALL_LOCAL_11_MATCHES_NOT_PRODUCTION_READY,True,False
MID,138827,Achraf El Idrissi,154668,Mamadou Lamine Camara,99.309251,4.169809,99.309251,4,medium_research_only,SAME_ROLE_ONLY;RESEARCH_ONLY;SAMPLE_TOO_SMALL_LOCAL_11_MATCHES_NOT_PRODUCTION_READY,True,False
MID,138827,Achraf El Idrissi,161352,Salaheddine Errahouli,92.966172,7.414729,92.966172,4,medium_research_only,SAME_ROLE_ONLY;RESEARCH_ONLY;SAMPLE_TOO_SMALL_LOCAL_11_MATCHES_NOT_PRODUCTION_READY,True,False
MID,138827,Achraf El Idrissi,183765,Mohammed Amine Essahel,97.10441,5.176281,97.10441,4,medium_research_only,SAME_ROLE_ONLY;RESEARCH_ONLY;SAMPLE_TOO_SMALL_LOCAL_11_MATCHES_NOT_PRODUCTION_READY,True,False
MID,138827,Achraf El Idrissi,194809,Oussama Zemraoui,96.876072,6.838274,96.876072,4,medium_research_only,SAME_ROLE_ONLY;RESEARCH_ONLY;SAMPLE_TOO_SMALL_LOCAL_11_MATCHES_NOT_PRODUCTION_READY,True,False
MID,138827,Achraf El Idrissi,194912,Faouzi Abd El Mouttalib,99.913196,0.860659,99.913196,4,medium_research_only,SAME_ROLE_ONLY;RESEARCH_ONLY;SAMPLE_TOO_SMALL_LOCAL_11_MATCHES_NOT_PRODUCTION_READY,True,False
MID,138827,Achraf El Idrissi,195016,Mouad Mouchtanim,98.712537,5.078186,98.712537,4,medium_research_only,SAME_ROLE_ONLY;RESEARCH_ONLY;SAMPLE_TOO_SMALL_LOCAL_11_MATCHES_NOT_PRODUCTION_READY,True,False
MID,138827,Achraf El Idrissi,199611,Youssef Mehri,95.093747,6.770967,95.093747,4,medium_research_only,SAME_ROLE_ONLY;RESEARCH_ONLY;SAMPLE_TOO_SMALL_LOCAL_11_MATCHES_NOT_PRODUCTION_READY,True,False
MID,138827,Achraf El Idrissi,203027,Walid Rhailouf,99.366161,5.00924,99.366161,4,medium_research_only,SAME_ROLE_ONLY;RESEARCH_ONLY;SAMPLE_TOO_SMALL_LOCAL_11_MATCHES_NOT_PRODUCTION_READY,True,False
MID,138827,Achraf El Idrissi,225437,Stephane Aziz Ki,96.353131,6.600982,96.353131,4,medium_research_only,SAME_ROLE_ONLY;RESEARCH_ONLY;SAMPLE_TOO_SMALL_LOCAL_11_MATCHES_NOT_PRODUCTION_READY,True,False
MID,138827,Achraf El Idrissi,261620,Nadir Lougmani,99.132301,4.255833,99.132301,4,medium_research_only,SAME_ROLE_ONLY;RESEARCH_ONLY;SAMPLE_TOO_SMALL_LOCAL_11_MATCHES_NOT_PRODUCTION_READY,True,False
MID,138827,Achraf El Idrissi,275341,Yazid Faffa,98.36932,3.709861,98.36932,4,medium_research_only,SAME_ROLE_ONLY;RESEARCH_ONLY;SAMPLE_TOO_SMALL_LOCAL_11_MATCHES_NOT_PRODUCTION_READY,True,False
MID,138827,Achraf El Idrissi,312935,Amine Azri,97.94897,4.915928,97.94897,4,medium_research_only,SAME_ROLE_ONLY;RESEARCH_ONLY;SAMPLE_TOO_SMALL_LOCAL_11_MATCHES_NOT_PRODUCTION_READY,True,False
MID,138827,Achraf El Idrissi,313277,Mohamed Chemlal,86.400544,28.86502,86.400544,4,medium_research_only,SAME_ROLE_ONLY;RESEARCH_ONLY;SAMPLE_TOO_SMALL_LOCAL_11_MATCHES_NOT_PRODUCTION_READY,True,False
MID,138827,Achraf El Idrissi,313284,Achraf Harmach,99.574649,1.78914,99.574649,4,medium_research_only,SAME_ROLE_ONLY;RESEARCH_ONLY;SAMPLE_TOO_SMALL_LOCAL_11_MATCHES_NOT_PRODUCTION_READY,True,False
MID,138827,Achraf El Idrissi,314460,Ayoub Bouaadli,99.947028,2.466427,99.947028,4,medium_research_only,SAME_ROLE_ONLY;RESEARCH_ONLY;SAMPLE_TOO_SMALL_LOCAL_11_MATCHES_NOT_PRODUCTION_READY,True,False
MID,138827,Achraf El Idrissi,323979,Zakaria Fatihi,95.89895,9.014501,95.89895,4,medium_research_only,SAME_ROLE_ONLY;RESEARCH_ONLY;SAMPLE_TOO_SMALL_LOCAL_11_MATCHES_NOT_PRODUCTION_READY,True,False
MID,138827,Achraf El Idrissi,360838,Zakaria Ami,83.315965,10.331665,83.315965,4,medium_research_only,SAME_ROLE_ONLY;RESEARCH_ONLY;SAMPLE_TOO_SMALL_LOCAL_11_MATCHES_NOT_PRODUCTION_READY,True,False
MID,138827,Achraf El Idrissi,380600,Mouad Goulouss,99.106919,5.828043,99.106919,4,medium_research_only,SAME_ROLE_ONLY;RESEARCH_ONLY;SAMPLE_TOO_SMALL_LOCAL_11_MATCHES_NOT_PRODUCTION_READY,True,False
MID,138827,Achraf El Idrissi,381935,Ismail Mihrab,96.826786,5.210129,96.826786,4,medium_research_only,SAME_ROLE_ONLY;RESEARCH_ONLY;SAMPLE_TOO_SMALL_LOCAL_11_MATCHES_NOT_PRODUCTION_READY,True,False
MID,138827,Achraf El Idrissi,396748,Youssef Laghzal,94.154378,7.945913,94.154378,4,medium_research_only,SAME_ROLE_ONLY;RESEARCH_ONLY;SAMPLE_TOO_SMALL_LOCAL_11_MATCHES_NOT_PRODUCTION_READY,True,False
MID,138827,Achraf El Idrissi,405645,Othmane Chraibi,99.354012,9.291907,99.354012,4,medium_research_only,SAME_ROLE_ONLY;RESEARCH_ONLY;SAMPLE_TOO_SMALL_LOCAL_11_MATCHES_NOT_PRODUCTION_READY,True,False
MID,138827,Achraf El Idrissi,406269,Danilson Gomes Tavares,97.910126,4.573112,97.910126,4,medium_research_only,SAME_ROLE_ONLY;RESEARCH_ONLY;SAMPLE_TOO_SMALL_LOCAL_11_MATCHES_NOT_PRODUCTION_READY,True,False
MID,138827,Achraf El Idrissi,407207,Ennaama El Bellali,99.794845,3.387854,99.794845,4,medium_research_only,SAME_ROLE_ONLY;RESEARCH_ONLY;SAMPLE_TOO_SMALL_LOCAL_11_MATCHES_NOT_PRODUCTION_READY,True,False
MID,138827,Achraf El Idrissi,407506,Oussama Nourdine,97.116453,5.964198,97.116453,4,medium_research_only,SAME_ROLE_ONLY;RESEARCH_ONLY;SAMPLE_TOO_SMALL_LOCAL_11_MATCHES_NOT_PRODUCTION_READY,True,False
MID,138827,Achraf El Idrissi,407852,Abdessamad Mahir,97.164797,4.996821,97.164797,4,medium_research_only,SAME_ROLE_ONLY;RESEARCH_ONLY;SAMPLE_TOO_SMALL_LOCAL_11_MATCHES_NOT_PRODUCTION_READY,True,False
MID,138827,Achraf El Idrissi,415853,Claude Gnolou,98.787177,4.455378,98.787177,4,medium_research_only,SAME_ROLE_ONLY;RESEARCH_ONLY;SAMPLE_TOO_SMALL_LOCAL_11_MATCHES_NOT_PRODUCTION_READY,True,False
MID,138827,Achraf El Idrissi,416303,El Mahdi Akoumi,99.55391,4.024524,99.55391,4,medium_research_only,SAME_ROLE_ONLY;RESEARCH_ONLY;SAMPLE_TOO_SMALL_LOCAL_11_MATCHES_NOT_PRODUCTION_READY,True,False
MID,138827,Achraf El Idrissi,424979,Soufiane Tazi,99.66839,4.762331,99.66839,4,medium_research_only,SAME_ROLE_ONLY;RESEARCH_ONLY;SAMPLE_TOO_SMALL_LOCAL_11_MATCHES_NOT_PRODUCTION_READY,True,False
MID,138827,Achraf El Idrissi,442288,Adnane Berdad,99.714994,1.477352,99.714994,4,medium_research_only,SAME_ROLE_ONLY;RESEARCH_ONLY;SAMPLE_TOO_SMALL_LOCAL_11_MATCHES_NOT_PRODUCTION_READY,True,False
MID,138827,Achraf El Idrissi,442292,Abdellatif El Bajjani,99.787367,3.529786,99.787367,4,medium_research_only,SAME_ROLE_ONLY;RESEARCH_ONLY;SAMPLE_TOO_SMALL_LOCAL_11_MATCHES_NOT_PRODUCTION_READY,True,False
MID,138827,Achraf El Idrissi,443951,Youness Akharraz,98.65012,3.97856,98.65012,4,medium_research_only,SAME_ROLE_ONLY;RESEARCH_ONLY;SAMPLE_TOO_SMALL_LOCAL_11_MATCHES_NOT_PRODUCTION_READY,True,False
MID,138827,Achraf El Idrissi,445163,Ayoub Maamouri,91.082117,8.690008,91.082117,4,medium_research_only,SAME_ROLE_ONLY;RESEARCH_ONLY;SAMPLE_TOO_SMALL_LOCAL_11_MATCHES_NOT_PRODUCTION_READY,True,False
MID,138827,Achraf El Idrissi,446355,Ishak Zidani,99.46661,2.677316,99.46661,4,medium_research_only,SAME_ROLE_ONLY;RESEARCH_ONLY;SAMPLE_TOO_SMALL_LOCAL_11_MATCHES_NOT_PRODUCTION_READY,True,False
MID,138827,Achraf El Idrissi,449373,Marouane Oujeddou,96.669778,4.987936,96.669778,4,medium_research_only,SAME_ROLE_ONLY;RESEARCH_ONLY;SAMPLE_TOO_SMALL_LOCAL_11_MATCHES_NOT_PRODUCTION_READY,True,False
MID,138827,Achraf El Idrissi,449471,Ayman Tarrazi,98.160274,3.973012,98.160274,4,medium_research_only,SAME_ROLE_ONLY;RESEARCH_ONLY;SAMPLE_TOO_SMALL_LOCAL_11_MATCHES_NOT_PRODUCTION_READY,True,False
MID,138827,Achraf El Idrissi,450709,Joseph Bakasu       ,98.992735,3.270436,98.992735,4,medium_research_only,SAME_ROLE_ONLY;RESEARCH_ONLY;SAMPLE_TOO_SMALL_LOCAL_11_MATCHES_NOT_PRODUCTION_READY,True,False
MID,138827,Achraf El Idrissi,460266,Youness Dahmani,78.389418,11.359803,78.389418,4,medium_research_only,SAME_ROLE_ONLY;RESEARCH_ONLY;SAMPLE_TOO_SMALL_LOCAL_11_MATCHES_NOT_PRODUCTION_READY,True,False
MID,138827,Achraf El Idrissi,477679,Redouane Oubidar,95.132465,7.338497,95.132465,4,medium_research_only,SAME_ROLE_ONLY;RESEARCH_ONLY;SAMPLE_TOO_SMALL_LOCAL_11_MATCHES_NOT_PRODUCTION_READY,True,False
MID,138827,Achraf El Idrissi,477680,Hamza Saoud,98.509856,9.284386,98.509856,4,medium_research_only,SAME_ROLE_ONLY;RESEARCH_ONLY;SAMPLE_TOO_SMALL_LOCAL_11_MATCHES_NOT_PRODUCTION_READY,True,False
MID,138827,Achraf El Idrissi,477682,Ayoub Benaadi,96.178519,5.628754,96.178519,4,medium_research_only,SAME_ROLE_ONLY;RESEARCH_ONLY;SAMPLE_TOO_SMALL_LOCAL_11_MATCHES_NOT_PRODUCTION_READY,True,False
MID,138827,Achraf El Idrissi,477688,Ayoub El Khaffi,99.317511,11.068886,99.317511,4,medium_research_only,SAME_ROLE_ONLY;RESEARCH_ONLY;SAMPLE_TOO_SMALL_LOCAL_11_MATCHES_NOT_PRODUCTION_READY,True,False
MID,138827,Achraf El Idrissi,523298,Mohamed Ahayaoui,98.96206,6.165554,98.96206,4,medium_research_only,SAME_ROLE_ONLY;RESEARCH_ONLY;SAMPLE_TOO_SMALL_LOCAL_11_MATCHES_NOT_PRODUCTION_READY,True,False
MID,138827,Achraf El Idrissi,523308,Adil Khalloufi,98.408962,5.707127,98.408962,4,medium_research_only,SAME_ROLE_ONLY;RESEARCH_ONLY;SAMPLE_TOO_SMALL_LOCAL_11_MATCHES_NOT_PRODUCTION_READY,True,False
MID,138827,Achraf El Idrissi,523312,Brahim Mansouri,90.25837,9.296042,90.25837,4,medium_research_only,SAME_ROLE_ONLY;RESEARCH_ONLY;SAMPLE_TOO_SMALL_LOCAL_11_MATCHES_NOT_PRODUCTION_READY,True,False
MID,138827,Achraf El Idrissi,523319,Omar Ouddah,96.789411,8.166431,96.789411,4,medium_research_only,SAME_ROLE_ONLY;RESEARCH_ONLY;SAMPLE_TOO_SMALL_LOCAL_11_MATCHES_NOT_PRODUCTION_READY,True,False
MID,138827,Achraf El Idrissi,523973,Hamza Rafa,98.980351,4.161141,98.980351,4,medium_research_only,SAME_ROLE_ONLY;RESEARCH_ONLY;SAMPLE_TOO_SMALL_LOCAL_11_MATCHES_NOT_PRODUCTION_READY,True,False
MID,138827,Achraf El Idrissi,523996,Fred Duval Ngoma,99.068978,4.112871,99.068978,4,medium_research_only,SAME_ROLE_ONLY;RESEARCH_ONLY;SAMPLE_TOO_SMALL_LOCAL_11_MATCHES_NOT_PRODUCTION_READY,True,False
MID,138827,Achraf El Idrissi,523997,Karim L'Koucha,99.259474,4.254791,99.259474,4,medium_research_only,SAME_ROLE_ONLY;RESEARCH_ONLY;SAMPLE_TOO_SMALL_LOCAL_11_MATCHES_NOT_PRODUCTION_READY,True,False
MID,138827,Achraf El Idrissi,523999,Zakaria Kessary,99.587903,4.373724,99.587903,4,medium_research_only,SAME_ROLE_ONLY;RESEARCH_ONLY;SAMPLE_TOO_SMALL_LOCAL_11_MATCHES_NOT_PRODUCTION_READY,True,False
MID,138827,Achraf El Idrissi,524000,Ahmed Aboulfath,91.429648,7.695895,91.429648,4,medium_research_only,SAME_ROLE_ONLY;RESEARCH_ONLY;SAMPLE_TOO_SMALL_LOCAL_11_MATCHES_NOT_PRODUCTION_READY,True,False
MID,138827,Achraf El Idrissi,524002,Salim Ghazzani,91.101154,14.584504,91.101154,4,medium_research_only,SAME_ROLE_ONLY;RESEARCH_ONLY;SAMPLE_TOO_SMALL_LOCAL_11_MATCHES_NOT_PRODUCTION_READY,True,False
MID,138827,Achraf El Idrissi,524003,Mohammed Es-Sahel,96.831433,4.934616,96.831433,4,medium_research_only,SAME_ROLE_ONLY;RESEARCH_ONLY;SAMPLE_TOO_SMALL_LOCAL_11_MATCHES_NOT_PRODUCTION_READY,True,False
MID,138827,Achraf El Idrissi,524511,Saad Nassik,99.355022,2.368797,99.355022,4,medium_research_only,SAME_ROLE_ONLY;RESEARCH_ONLY;SAMPLE_TOO_SMALL_LOCAL_11_MATCHES_NOT_PRODUCTION_READY,True,False
MID,138845,Mohsine Moutouali,138853,Abdellah Farah,76.944898,15.726006,76.944898,4,medium_research_only,SAME_ROLE_ONLY;RESEARCH_ONLY;SAMPLE_TOO_SMALL_LOCAL_11_MATCHES_NOT_PRODUCTION_READY,True,False
MID,138845,Mohsine Moutouali,138860,Youssef Michte,88.277819,10.891109,88.277819,4,medium_research_only,SAME_ROLE_ONLY;RESEARCH_ONLY;SAMPLE_TOO_SMALL_LOCAL_11_MATCHES_NOT_PRODUCTION_READY,True,False
MID,138845,Mohsine Moutouali,138862,Abderrahmane Kassak,98.328035,4.292993,98.328035,4,medium_research_only,SAME_ROLE_ONLY;RESEARCH_ONLY;SAMPLE_TOO_SMALL_LOCAL_11_MATCHES_NOT_PRODUCTION_READY,True,False
MID,138845,Mohsine Moutouali,138872,Oussama Mahrous,94.141419,7.887786,94.141419,4,medium_research_only,SAME_ROLE_ONLY;RESEARCH_ONLY;SAMPLE_TOO_SMALL_LOCAL_11_MATCHES_NOT_PRODUCTION_READY,True,False
MID,138845,Mohsine Moutouali,138873,Abdelghafour Lamirat,88.284543,11.958838,88.284543,4,medium_research_only,SAME_ROLE_ONLY;RESEARCH_ONLY;SAMPLE_TOO_SMALL_LOCAL_11_MATCHES_NOT_PRODUCTION_READY,True,False
MID,138845,Mohsine Moutouali,138877,Saleh Al Sellami,96.222783,6.75917,96.222783,4,medium_research_only,SAME_ROLE_ONLY;RESEARCH_ONLY;SAMPLE_TOO_SMALL_LOCAL_11_MATCHES_NOT_PRODUCTION_READY,True,False
MID,138845,Mohsine Moutouali,138895,Abdelfattah Hadraf,86.511496,15.255523,86.511496,4,medium_research_only,SAME_ROLE_ONLY;RESEARCH_ONLY;SAMPLE_TOO_SMALL_LOCAL_11_MATCHES_NOT_PRODUCTION_READY,True,False
MID,138845,Mohsine Moutouali,138898,Ahmed Chentouf,79.106884,23.248354,79.106884,4,medium_research_only,SAME_ROLE_ONLY;RESEARCH_ONLY;SAMPLE_TOO_SMALL_LOCAL_11_MATCHES_NOT_PRODUCTION_READY,True,False
MID,138845,Mohsine Moutouali,138983,Zine Eddine Derrag,86.717378,12.849511,86.717378,4,medium_research_only,SAME_ROLE_ONLY;RESEARCH_ONLY;SAMPLE_TOO_SMALL_LOCAL_11_MATCHES_NOT_PRODUCTION_READY,True,False
MID,138845,Mohsine Moutouali,139545,Mohammad El Fakih,98.896535,4.364923,98.896535,4,medium_research_only,SAME_ROLE_ONLY;RESEARCH_ONLY;SAMPLE_TOO_SMALL_LOCAL_11_MATCHES_NOT_PRODUCTION_READY,True,False
MID,138845,Mohsine Moutouali,139554,Abdoulaye Diarra,90.623546,10.14415,90.623546,4,medium_research_only,SAME_ROLE_ONLY;RESEARCH_ONLY;SAMPLE_TOO_SMALL_LOCAL_11_MATCHES_NOT_PRODUCTION_READY,True,False
MID,138845,Mohsine Moutouali,139565,Larbi Naji,92.650758,8.735582,92.650758,4,medium_research_only,SAME_ROLE_ONLY;RESEARCH_ONLY;SAMPLE_TOO_SMALL_LOCAL_11_MATCHES_NOT_PRODUCTION_READY,True,False
MID,138845,Mohsine Moutouali,139568,Youssef Zghoudi,88.316606,11.636346,88.316606,4,medium_research_only,SAME_ROLE_ONLY;RESEARCH_ONLY;SAMPLE_TOO_SMALL_LOCAL_11_MATCHES_NOT_PRODUCTION_READY,True,False
MID,138845,Mohsine Moutouali,139570,Brahim El Bahraoui,97.200108,13.826067,97.200108,4,medium_research_only,SAME_ROLE_ONLY;RESEARCH_ONLY;SAMPLE_TOO_SMALL_LOCAL_11_MATCHES_NOT_PRODUCTION_READY,True,False
MID,138845,Mohsine Moutouali,140871,Khalid Ait Ouarkhane,99.464426,3.709506,99.464426,4,medium_research_only,SAME_ROLE_ONLY;RESEARCH_ONLY;SAMPLE_TOO_SMALL_LOCAL_11_MATCHES_NOT_PRODUCTION_READY,True,False
MID,138845,Mohsine Moutouali,140872,Mohamed Rabie Hrimat,97.033894,5.890866,97.033894,4,medium_research_only,SAME_ROLE_ONLY;RESEARCH_ONLY;SAMPLE_TOO_SMALL_LOCAL_11_MATCHES_NOT_PRODUCTION_READY,True,False
MID,138845,Mohsine Moutouali,141254,Hamza Afsal,94.6287,7.72772,94.6287,4,medium_research_only,SAME_ROLE_ONLY;RESEARCH_ONLY;SAMPLE_TOO_SMALL_LOCAL_11_MATCHES_NOT_PRODUCTION_READY,True,False
MID,138845,Mohsine Moutouali,143166,Zakaria Fati,91.021548,9.66833,91.021548,4,medium_research_only,SAME_ROLE_ONLY;RESEARCH_ONLY;SAMPLE_TOO_SMALL_LOCAL_11_MATCHES_NOT_PRODUCTION_READY,True,False
MID,138845,Mohsine Moutouali,143490,Ahmed Hammoudan,98.288197,4.53641,98.288197,4,medium_research_only,SAME_ROLE_ONLY;RESEARCH_ONLY;SAMPLE_TOO_SMALL_LOCAL_11_MATCHES_NOT_PRODUCTION_READY,True,False
MID,138845,Mohsine Moutouali,143505,Mohamed Morabit,99.573483,2.250828,99.573483,4,medium_research_only,SAME_ROLE_ONLY;RESEARCH_ONLY;SAMPLE_TOO_SMALL_LOCAL_11_MATCHES_NOT_PRODUCTION_READY,True,False
MID,138845,Mohsine Moutouali,144434,Ismail Moutaraji,87.52761,14.744993,87.52761,4,medium_research_only,SAME_ROLE_ONLY;RESEARCH_ONLY;SAMPLE_TOO_SMALL_LOCAL_11_MATCHES_NOT_PRODUCTION_READY,True,False
MID,138845,Mohsine Moutouali,144436,Anas Serrhat,94.755357,8.75886,94.755357,4,medium_research_only,SAME_ROLE_ONLY;RESEARCH_ONLY;SAMPLE_TOO_SMALL_LOCAL_11_MATCHES_NOT_PRODUCTION_READY,True,False
MID,138845,Mohsine Moutouali,149135,Moses Orkuma,88.69182,11.162119,88.69182,4,medium_research_only,SAME_ROLE_ONLY;RESEARCH_ONLY;SAMPLE_TOO_SMALL_LOCAL_11_MATCHES_NOT_PRODUCTION_READY,True,False
MID,138845,Mohsine Moutouali,151743,Mohamed Al Makahasi,94.398363,7.744087,94.398363,4,medium_research_only,SAME_ROLE_ONLY;RESEARCH_ONLY;SAMPLE_TOO_SMALL_LOCAL_11_MATCHES_NOT_PRODUCTION_READY,True,False
MID,138845,Mohsine Moutouali,154668,Mamadou Lamine Camara,95.26807,7.356046,95.26807,4,medium_research_only,SAME_ROLE_ONLY;RESEARCH_ONLY;SAMPLE_TOO_SMALL_LOCAL_11_MATCHES_NOT_PRODUCTION_READY,True,False
MID,138845,Mohsine Moutouali,161352,Salaheddine Errahouli,99.715645,3.049215,99.715645,4,medium_research_only,SAME_ROLE_ONLY;RESEARCH_ONLY;SAMPLE_TOO_SMALL_LOCAL_11_MATCHES_NOT_PRODUCTION_READY,True,False
MID,138845,Mohsine Moutouali,183765,Mohammed Amine Essahel,91.081923,9.66634,91.081923,4,medium_research_only,SAME_ROLE_ONLY;RESEARCH_ONLY;SAMPLE_TOO_SMALL_LOCAL_11_MATCHES_NOT_PRODUCTION_READY,True,False
MID,138845,Mohsine Moutouali,194809,Oussama Zemraoui,97.614215,5.428279,97.614215,4,medium_research_only,SAME_ROLE_ONLY;RESEARCH_ONLY;SAMPLE_TOO_SMALL_LOCAL_11_MATCHES_NOT_PRODUCTION_READY,True,False
MID,138845,Mohsine Moutouali,194912,Faouzi Abd El Mouttalib,90.205198,9.966259,90.205198,4,medium_research_only,SAME_ROLE_ONLY;RESEARCH_ONLY;SAMPLE_TOO_SMALL_LOCAL_11_MATCHES_NOT_PRODUCTION_READY,True,False
MID,138845,Mohsine Moutouali,195016,Mouad Mouchtanim,94.686023,7.900412,94.686023,4,medium_research_only,SAME_ROLE_ONLY;RESEARCH_ONLY;SAMPLE_TOO_SMALL_LOCAL_11_MATCHES_NOT_PRODUCTION_READY,True,False
MID,138845,Mohsine Moutouali,199611,Youssef Mehri,98.255945,4.411248,98.255945,4,medium_research_only,SAME_ROLE_ONLY;RESEARCH_ONLY;SAMPLE_TOO_SMALL_LOCAL_11_MATCHES_NOT_PRODUCTION_READY,True,False
MID,138845,Mohsine Moutouali,203027,Walid Rhailouf,93.75085,8.800642,93.75085,4,medium_research_only,SAME_ROLE_ONLY;RESEARCH_ONLY;SAMPLE_TOO_SMALL_LOCAL_11_MATCHES_NOT_PRODUCTION_READY,True,False
MID,138845,Mohsine Moutouali,225437,Stephane Aziz Ki,98.424536,8.662075,98.424536,4,medium_research_only,SAME_ROLE_ONLY;RESEARCH_ONLY;SAMPLE_TOO_SMALL_LOCAL_11_MATCHES_NOT_PRODUCTION_READY,True,False
MID,138845,Mohsine Moutouali,261620,Nadir Lougmani,89.580686,10.701896,89.580686,4,medium_research_only,SAME_ROLE_ONLY;RESEARCH_ONLY;SAMPLE_TOO_SMALL_LOCAL_11_MATCHES_NOT_PRODUCTION_READY,True,False
MID,138845,Mohsine Moutouali,275341,Yazid Faffa,94.392847,8.210199,94.392847,4,medium_research_only,SAME_ROLE_ONLY;RESEARCH_ONLY;SAMPLE_TOO_SMALL_LOCAL_11_MATCHES_NOT_PRODUCTION_READY,True,False
MID,138845,Mohsine Moutouali,312935,Amine Azri,92.673616,8.926133,92.673616,4,medium_research_only,SAME_ROLE_ONLY;RESEARCH_ONLY;SAMPLE_TOO_SMALL_LOCAL_11_MATCHES_NOT_PRODUCTION_READY,True,False
MID,138845,Mohsine Moutouali,313277,Mohamed Chemlal,98.207997,21.613081,98.207997,4,medium_research_only,SAME_ROLE_ONLY;RESEARCH_ONLY;SAMPLE_TOO_SMALL_LOCAL_11_MATCHES_NOT_PRODUCTION_READY,True,False
MID,138845,Mohsine Moutouali,313284,Achraf Harmach,89.446301,10.294319,89.446301,4,medium_research_only,SAME_ROLE_ONLY;RESEARCH_ONLY;SAMPLE_TOO_SMALL_LOCAL_11_MATCHES_NOT_PRODUCTION_READY,True,False
MID,138845,Mohsine Moutouali,314460,Ayoub Bouaadli,92.165544,9.215188,92.165544,4,medium_research_only,SAME_ROLE_ONLY;RESEARCH_ONLY;SAMPLE_TOO_SMALL_LOCAL_11_MATCHES_NOT_PRODUCTION_READY,True,False
MID,138845,Mohsine Moutouali,323979,Zakaria Fatihi,88.73612,12.595982,88.73612,4,medium_research_only,SAME_ROLE_ONLY;RESEARCH_ONLY;SAMPLE_TOO_SMALL_LOCAL_11_MATCHES_NOT_PRODUCTION_READY,True,False
MID,138845,Mohsine Moutouali,360838,Zakaria Ami,91.950562,11.008453,91.950562,4,medium_research_only,SAME_ROLE_ONLY;RESEARCH_ONLY;SAMPLE_TOO_SMALL_LOCAL_11_MATCHES_NOT_PRODUCTION_READY,True,False
MID,138845,Mohsine Moutouali,380600,Mouad Goulouss,93.157851,10.464628,93.157851,4,medium_research_only,SAME_ROLE_ONLY;RESEARCH_ONLY;SAMPLE_TOO_SMALL_LOCAL_11_MATCHES_NOT_PRODUCTION_READY,True,False
MID,138845,Mohsine Moutouali,381935,Ismail Mihrab,92.116117,9.574591,92.116117,4,medium_research_only,SAME_ROLE_ONLY;RESEARCH_ONLY;SAMPLE_TOO_SMALL_LOCAL_11_MATCHES_NOT_PRODUCTION_READY,True,False
MID,138845,Mohsine Moutouali,396748,Youssef Laghzal,86.42049,12.392052,86.42049,4,medium_research_only,SAME_ROLE_ONLY;RESEARCH_ONLY;SAMPLE_TOO_SMALL_LOCAL_11_MATCHES_NOT_PRODUCTION_READY,True,False
MID,138845,Mohsine Moutouali,405645,Othmane Chraibi,87.163392,15.116162,87.163392,4,medium_research_only,SAME_ROLE_ONLY;RESEARCH_ONLY;SAMPLE_TOO_SMALL_LOCAL_11_MATCHES_NOT_PRODUCTION_READY,True,False
MID,138845,Mohsine Moutouali,406269,Danilson Gomes Tavares,92.375747,9.494627,92.375747,4,medium_research_only,SAME_ROLE_ONLY;RESEARCH_ONLY;SAMPLE_TOO_SMALL_LOCAL_11_MATCHES_NOT_PRODUCTION_READY,True,False
MID,138845,Mohsine Moutouali,407207,Ennaama El Bellali,90.211264,10.506287,90.211264,4,medium_research_only,SAME_ROLE_ONLY;RESEARCH_ONLY;SAMPLE_TOO_SMALL_LOCAL_11_MATCHES_NOT_PRODUCTION_READY,True,False
MID,138845,Mohsine Moutouali,407506,Oussama Nourdine,87.510914,11.834301,87.510914,4,medium_research_only,SAME_ROLE_ONLY;RESEARCH_ONLY;SAMPLE_TOO_SMALL_LOCAL_11_MATCHES_NOT_PRODUCTION_READY,True,False
MID,138845,Mohsine Moutouali,407852,Abdessamad Mahir,91.156184,9.583765,91.156184,4,medium_research_only,SAME_ROLE_ONLY;RESEARCH_ONLY;SAMPLE_TOO_SMALL_LOCAL_11_MATCHES_NOT_PRODUCTION_READY,True,False
MID,138845,Mohsine Moutouali,415853,Claude Gnolou,90.23345,10.449427,90.23345,4,medium_research_only,SAME_ROLE_ONLY;RESEARCH_ONLY;SAMPLE_TOO_SMALL_LOCAL_11_MATCHES_NOT_PRODUCTION_READY,True,False
MID,138845,Mohsine Moutouali,416303,El Mahdi Akoumi,91.881893,9.972119,91.881893,4,medium_research_only,SAME_ROLE_ONLY;RESEARCH_ONLY;SAMPLE_TOO_SMALL_LOCAL_11_MATCHES_NOT_PRODUCTION_READY,True,False
MID,138845,Mohsine Moutouali,424979,Soufiane Tazi,93.277964,9.146425,93.277964,4,medium_research_only,SAME_ROLE_ONLY;RESEARCH_ONLY;SAMPLE_TOO_SMALL_LOCAL_11_MATCHES_NOT_PRODUCTION_READY,True,False
MID,138845,Mohsine Moutouali,442288,Adnane Berdad,91.243435,9.468277,91.243435,4,medium_research_only,SAME_ROLE_ONLY;RESEARCH_ONLY;SAMPLE_TOO_SMALL_LOCAL_11_MATCHES_NOT_PRODUCTION_READY,True,False
MID,138845,Mohsine Moutouali,442292,Abdellatif El Bajjani,90.036481,10.646401,90.036481,4,medium_research_only,SAME_ROLE_ONLY;RESEARCH_ONLY;SAMPLE_TOO_SMALL_LOCAL_11_MATCHES_NOT_PRODUCTION_READY,True,False
MID,138845,Mohsine Moutouali,443951,Youness Akharraz,85.880099,11.703678,85.880099,4,medium_research_only,SAME_ROLE_ONLY;RESEARCH_ONLY;SAMPLE_TOO_SMALL_LOCAL_11_MATCHES_NOT_PRODUCTION_READY,True,False
MID,138845,Mohsine Moutouali,445163,Ayoub Maamouri,99.539847,9.328388,99.539847,4,medium_research_only,SAME_ROLE_ONLY;RESEARCH_ONLY;SAMPLE_TOO_SMALL_LOCAL_11_MATCHES_NOT_PRODUCTION_READY,True,False
MID,138845,Mohsine Moutouali,446355,Ishak Zidani,91.472813,9.467991,91.472813,4,medium_research_only,SAME_ROLE_ONLY;RESEARCH_ONLY;SAMPLE_TOO_SMALL_LOCAL_11_MATCHES_NOT_PRODUCTION_READY,True,False
MID,138845,Mohsine Moutouali,449373,Marouane Oujeddou,98.430887,5.857866,98.430887,4,medium_research_only,SAME_ROLE_ONLY;RESEARCH_ONLY;SAMPLE_TOO_SMALL_LOCAL_11_MATCHES_NOT_PRODUCTION_READY,True,False
MID,138845,Mohsine Moutouali,449471,Ayman Tarrazi,88.232357,10.83528,88.232357,4,medium_research_only,SAME_ROLE_ONLY;RESEARCH_ONLY;SAMPLE_TOO_SMALL_LOCAL_11_MATCHES_NOT_PRODUCTION_READY,True,False
MID,138845,Mohsine Moutouali,450709,Joseph Bakasu       ,86.522829,11.823774,86.522829,4,medium_research_only,SAME_ROLE_ONLY;RESEARCH_ONLY;SAMPLE_TOO_SMALL_LOCAL_11_MATCHES_NOT_PRODUCTION_READY,True,False
MID,138845,Mohsine Moutouali,460266,Youness Dahmani,86.12355,12.726898,86.12355,4,medium_research_only,SAME_ROLE_ONLY;RESEARCH_ONLY;SAMPLE_TOO_SMALL_LOCAL_11_MATCHES_NOT_PRODUCTION_READY,True,False
MID,138845,Mohsine Moutouali,477679,Redouane Oubidar,89.578117,10.81105,89.578117,4,medium_research_only,SAME_ROLE_ONLY;RESEARCH_ONLY;SAMPLE_TOO_SMALL_LOCAL_11_MATCHES_NOT_PRODUCTION_READY,True,False
MID,138845,Mohsine Moutouali,477680,Hamza Saoud,91.163842,12.564948,91.163842,4,medium_research_only,SAME_ROLE_ONLY;RESEARCH_ONLY;SAMPLE_TOO_SMALL_LOCAL_11_MATCHES_NOT_PRODUCTION_READY,True,False
MID,138845,Mohsine Moutouali,477682,Ayoub Benaadi,98.100332,4.78895,98.100332,4,medium_research_only,SAME_ROLE_ONLY;RESEARCH_ONLY;SAMPLE_TOO_SMALL_LOCAL_11_MATCHES_NOT_PRODUCTION_READY,True,False
MID,138845,Mohsine Moutouali,477688,Ayoub El Khaffi,87.411466,16.253924,87.411466,4,medium_research_only,SAME_ROLE_ONLY;RESEARCH_ONLY;SAMPLE_TOO_SMALL_LOCAL_11_MATCHES_NOT_PRODUCTION_READY,True,False
MID,138845,Mohsine Moutouali,523298,Mohamed Ahayaoui,92.637999,9.919466,92.637999,4,medium_research_only,SAME_ROLE_ONLY;RESEARCH_ONLY;SAMPLE_TOO_SMALL_LOCAL_11_MATCHES_NOT_PRODUCTION_READY,True,False
MID,138845,Mohsine Moutouali,523308,Adil Khalloufi,89.466619,11.279887,89.466619,4,medium_research_only,SAME_ROLE_ONLY;RESEARCH_ONLY;SAMPLE_TOO_SMALL_LOCAL_11_MATCHES_NOT_PRODUCTION_READY,True,False
MID,138845,Mohsine Moutouali,523312,Brahim Mansouri,99.248331,3.04391,99.248331,4,medium_research_only,SAME_ROLE_ONLY;RESEARCH_ONLY;SAMPLE_TOO_SMALL_LOCAL_11_MATCHES_NOT_PRODUCTION_READY,True,False
MID,138845,Mohsine Moutouali,523319,Omar Ouddah,88.194592,12.684771,88.194592,4,medium_research_only,SAME_ROLE_ONLY;RESEARCH_ONLY;SAMPLE_TOO_SMALL_LOCAL_11_MATCHES_NOT_PRODUCTION_READY,True,False
MID,138845,Mohsine Moutouali,523973,Hamza Rafa,86.394369,12.289893,86.394369,4,medium_research_only,SAME_ROLE_ONLY;RESEARCH_ONLY;SAMPLE_TOO_SMALL_LOCAL_11_MATCHES_NOT_PRODUCTION_READY,True,False
MID,138845,Mohsine Moutouali,523996,Fred Duval Ngoma,86.631977,12.205454,86.631977,4,medium_research_only,SAME_ROLE_ONLY;RESEARCH_ONLY;SAMPLE_TOO_SMALL_LOCAL_11_MATCHES_NOT_PRODUCTION_READY,True,False
MID,138845,Mohsine Moutouali,523997,Karim L'Koucha,89.682314,10.699964,89.682314,4,medium_research_only,SAME_ROLE_ONLY;RESEARCH_ONLY;SAMPLE_TOO_SMALL_LOCAL_11_MATCHES_NOT_PRODUCTION_READY,True,False
MID,138845,Mohsine Moutouali,523999,Zakaria Kessary,91.940352,9.796569,91.940352,4,medium_research_only,SAME_ROLE_ONLY;RESEARCH_ONLY;SAMPLE_TOO_SMALL_LOCAL_11_MATCHES_NOT_PRODUCTION_READY,True,False
MID,138845,Mohsine Moutouali,524000,Ahmed Aboulfath,86.659672,11.411221,86.659672,4,medium_research_only,SAME_ROLE_ONLY;RESEARCH_ONLY;SAMPLE_TOO_SMALL_LOCAL_11_MATCHES_NOT_PRODUCTION_READY,True,False
MID,138845,Mohsine Moutouali,524002,Salim Ghazzani,96.90705,9.799785,96.90705,4,medium_research_only,SAME_ROLE_ONLY;RESEARCH_ONLY;SAMPLE_TOO_SMALL_LOCAL_11_MATCHES_NOT_PRODUCTION_READY,True,False
MID,138845,Mohsine Moutouali,524003,Mohammed Es-Sahel,88.449081,10.754877,88.449081,4,medium_research_only,SAME_ROLE_ONLY;RESEARCH_ONLY;SAMPLE_TOO_SMALL_LOCAL_11_MATCHES_NOT_PRODUCTION_READY,True,False
MID,138845,Mohsine Moutouali,524511,Saad Nassik,88.664434,10.718724,88.664434,4,medium_research_only,SAME_ROLE_ONLY;RESEARCH_ONLY;SAMPLE_TOO_SMALL_LOCAL_11_MATCHES_NOT_PRODUCTION_READY,True,False
MID,138853,Abdellah Farah,138860,Youssef Michte,73.204764,13.608616,73.204764,4,medium_research_only,SAME_ROLE_ONLY;RESEARCH_ONLY;SAMPLE_TOO_SMALL_LOCAL_11_MATCHES_NOT_PRODUCTION_READY,True,False
MID,138853,Abdellah Farah,138862,Abderrahmane Kassak,73.838015,15.233333,73.838015,4,medium_research_only,SAME_ROLE_ONLY;RESEARCH_ONLY;SAMPLE_TOO_SMALL_LOCAL_11_MATCHES_NOT_PRODUCTION_READY,True,False
MID,138853,Abdellah Farah,138872,Oussama Mahrous,78.56396,13.074394,78.56396,4,medium_research_only,SAME_ROLE_ONLY;RESEARCH_ONLY;SAMPLE_TOO_SMALL_LOCAL_11_MATCHES_NOT_PRODUCTION_READY,True,False
MID,138853,Abdellah Farah,138873,Abdelghafour Lamirat,73.161731,17.166698,73.161731,4,medium_research_only,SAME_ROLE_ONLY;RESEARCH_ONLY;SAMPLE_TOO_SMALL_LOCAL_11_MATCHES_NOT_PRODUCTION_READY,True,False
MID,138853,Abdellah Farah,138877,Saleh Al Sellami,73.988986,12.393684,73.988986,4,medium_research_only,SAME_ROLE_ONLY;RESEARCH_ONLY;SAMPLE_TOO_SMALL_LOCAL_11_MATCHES_NOT_PRODUCTION_READY,True,False
MID,138853,Abdellah Farah,138895,Abdelfattah Hadraf,91.435335,20.648197,91.435335,4,medium_research_only,SAME_ROLE_ONLY;RESEARCH_ONLY;SAMPLE_TOO_SMALL_LOCAL_11_MATCHES_NOT_PRODUCTION_READY,True,False
MID,138853,Abdellah Farah,138898,Ahmed Chentouf,92.844386,26.851245,92.844386,4,medium_research_only,SAME_ROLE_ONLY;RESEARCH_ONLY;SAMPLE_TOO_SMALL_LOCAL_11_MATCHES_NOT_PRODUCTION_READY,True,False
MID,138853,Abdellah Farah,138983,Zine Eddine Derrag,69.047903,17.613334,69.047903,4,medium_research_only,SAME_ROLE_ONLY;RESEARCH_ONLY;SAMPLE_TOO_SMALL_LOCAL_11_MATCHES_NOT_PRODUCTION_READY,True,False
MID,138853,Abdellah Farah,139545,Mohammad El Fakih,72.716567,18.139517,72.716567,4,medium_research_only,SAME_ROLE_ONLY;RESEARCH_ONLY;SAMPLE_TOO_SMALL_LOCAL_11_MATCHES_NOT_PRODUCTION_READY,True,False
MID,138853,Abdellah Farah,139554,Abdoulaye Diarra,76.860455,9.878029,76.860455,4,medium_research_only,SAME_ROLE_ONLY;RESEARCH_ONLY;SAMPLE_TOO_SMALL_LOCAL_11_MATCHES_NOT_PRODUCTION_READY,True,False
MID,138853,Abdellah Farah,139565,Larbi Naji,69.937897,13.577971,69.937897,4,medium_research_only,SAME_ROLE_ONLY;RESEARCH_ONLY;SAMPLE_TOO_SMALL_LOCAL_11_MATCHES_NOT_PRODUCTION_READY,True,False
MID,138853,Abdellah Farah,139568,Youssef Zghoudi,71.122158,7.740399,71.122158,4,medium_research_only,SAME_ROLE_ONLY;RESEARCH_ONLY;SAMPLE_TOO_SMALL_LOCAL_11_MATCHES_NOT_PRODUCTION_READY,True,False
MID,138853,Abdellah Farah,139570,Brahim El Bahraoui,81.332019,2.438045,81.332019,4,medium_research_only,SAME_ROLE_ONLY;RESEARCH_ONLY;SAMPLE_TOO_SMALL_LOCAL_11_MATCHES_NOT_PRODUCTION_READY,True,False
MID,138853,Abdellah Farah,140871,Khalid Ait Ouarkhane,74.758883,12.874358,74.758883,4,medium_research_only,SAME_ROLE_ONLY;RESEARCH_ONLY;SAMPLE_TOO_SMALL_LOCAL_11_MATCHES_NOT_PRODUCTION_READY,True,False
MID,138853,Abdellah Farah,140872,Mohamed Rabie Hrimat,68.902576,16.641634,68.902576,4,medium_research_only,SAME_ROLE_ONLY;RESEARCH_ONLY;SAMPLE_TOO_SMALL_LOCAL_11_MATCHES_NOT_PRODUCTION_READY,True,False
MID,138853,Abdellah Farah,141254,Hamza Afsal,89.260956,11.735253,89.260956,4,medium_research_only,SAME_ROLE_ONLY;RESEARCH_ONLY;SAMPLE_TOO_SMALL_LOCAL_11_MATCHES_NOT_PRODUCTION_READY,True,False
MID,138853,Abdellah Farah,143166,Zakaria Fati,72.134902,14.316048,72.134902,4,medium_research_only,SAME_ROLE_ONLY;RESEARCH_ONLY;SAMPLE_TOO_SMALL_LOCAL_11_MATCHES_NOT_PRODUCTION_READY,True,False
MID,138853,Abdellah Farah,143490,Ahmed Hammoudan,70.433801,14.137476,70.433801,4,medium_research_only,SAME_ROLE_ONLY;RESEARCH_ONLY;SAMPLE_TOO_SMALL_LOCAL_11_MATCHES_NOT_PRODUCTION_READY,True,False
MID,138853,Abdellah Farah,143505,Mohamed Morabit,75.928932,15.078439,75.928932,4,medium_research_only,SAME_ROLE_ONLY;RESEARCH_ONLY;SAMPLE_TOO_SMALL_LOCAL_11_MATCHES_NOT_PRODUCTION_READY,True,False
MID,138853,Abdellah Farah,144434,Ismail Moutaraji,72.002505,21.488068,72.002505,4,medium_research_only,SAME_ROLE_ONLY;RESEARCH_ONLY;SAMPLE_TOO_SMALL_LOCAL_11_MATCHES_NOT_PRODUCTION_READY,True,False
MID,138853,Abdellah Farah,144436,Anas Serrhat,78.666836,18.465886,78.666836,4,medium_research_only,SAME_ROLE_ONLY;RESEARCH_ONLY;SAMPLE_TOO_SMALL_LOCAL_11_MATCHES_NOT_PRODUCTION_READY,True,False
MID,138853,Abdellah Farah,149135,Moses Orkuma,76.534457,15.451954,76.534457,4,medium_research_only,SAME_ROLE_ONLY;RESEARCH_ONLY;SAMPLE_TOO_SMALL_LOCAL_11_MATCHES_NOT_PRODUCTION_READY,True,False
MID,138853,Abdellah Farah,151743,Mohamed Al Makahasi,71.940501,14.918151,71.940501,4,medium_research_only,SAME_ROLE_ONLY;RESEARCH_ONLY;SAMPLE_TOO_SMALL_LOCAL_11_MATCHES_NOT_PRODUCTION_READY,True,False
MID,138853,Abdellah Farah,154668,Mamadou Lamine Camara,77.854795,15.994893,77.854795,4,medium_research_only,SAME_ROLE_ONLY;RESEARCH_ONLY;SAMPLE_TOO_SMALL_LOCAL_11_MATCHES_NOT_PRODUCTION_READY,True,False
MID,138853,Abdellah Farah,161352,Salaheddine Errahouli,74.481824,13.284113,74.481824,4,medium_research_only,SAME_ROLE_ONLY;RESEARCH_ONLY;SAMPLE_TOO_SMALL_LOCAL_11_MATCHES_NOT_PRODUCTION_READY,True,False
MID,138853,Abdellah Farah,183765,Mohammed Amine Essahel,87.262482,13.8397,87.262482,4,medium_research_only,SAME_ROLE_ONLY;RESEARCH_ONLY;SAMPLE_TOO_SMALL_LOCAL_11_MATCHES_NOT_PRODUCTION_READY,True,False
MID,138853,Abdellah Farah,194809,Oussama Zemraoui,71.241644,17.003193,71.241644,4,medium_research_only,SAME_ROLE_ONLY;RESEARCH_ONLY;SAMPLE_TOO_SMALL_LOCAL_11_MATCHES_NOT_PRODUCTION_READY,True,False
MID,138853,Abdellah Farah,194912,Faouzi Abd El Mouttalib,74.481901,13.129956,74.481901,4,medium_research_only,SAME_ROLE_ONLY;RESEARCH_ONLY;SAMPLE_TOO_SMALL_LOCAL_11_MATCHES_NOT_PRODUCTION_READY,True,False
MID,138853,Abdellah Farah,195016,Mouad Mouchtanim,78.03485,16.350462,78.03485,4,medium_research_only,SAME_ROLE_ONLY;RESEARCH_ONLY;SAMPLE_TOO_SMALL_LOCAL_11_MATCHES_NOT_PRODUCTION_READY,True,False
MID,138853,Abdellah Farah,199611,Youssef Mehri,69.486595,14.9692,69.486595,4,medium_research_only,SAME_ROLE_ONLY;RESEARCH_ONLY;SAMPLE_TOO_SMALL_LOCAL_11_MATCHES_NOT_PRODUCTION_READY,True,False
MID,138853,Abdellah Farah,203027,Walid Rhailouf,71.305599,17.304642,71.305599,4,medium_research_only,SAME_ROLE_ONLY;RESEARCH_ONLY;SAMPLE_TOO_SMALL_LOCAL_11_MATCHES_NOT_PRODUCTION_READY,True,False
MID,138853,Abdellah Farah,225437,Stephane Aziz Ki,72.762483,7.897092,72.762483,4,medium_research_only,SAME_ROLE_ONLY;RESEARCH_ONLY;SAMPLE_TOO_SMALL_LOCAL_11_MATCHES_NOT_PRODUCTION_READY,True,False
MID,138853,Abdellah Farah,261620,Nadir Lougmani,67.099573,9.59301,67.099573,4,medium_research_only,SAME_ROLE_ONLY;RESEARCH_ONLY;SAMPLE_TOO_SMALL_LOCAL_11_MATCHES_NOT_PRODUCTION_READY,True,False
MID,138853,Abdellah Farah,275341,Yazid Faffa,82.954722,10.773118,82.954722,4,medium_research_only,SAME_ROLE_ONLY;RESEARCH_ONLY;SAMPLE_TOO_SMALL_LOCAL_11_MATCHES_NOT_PRODUCTION_READY,True,False
MID,138853,Abdellah Farah,312935,Amine Azri,84.94369,14.815082,84.94369,4,medium_research_only,SAME_ROLE_ONLY;RESEARCH_ONLY;SAMPLE_TOO_SMALL_LOCAL_11_MATCHES_NOT_PRODUCTION_READY,True,False
MID,138853,Abdellah Farah,313277,Mohamed Chemlal,68.224098,36.591085,68.224098,4,medium_research_only,SAME_ROLE_ONLY;RESEARCH_ONLY;SAMPLE_TOO_SMALL_LOCAL_11_MATCHES_NOT_PRODUCTION_READY,True,False
MID,138853,Abdellah Farah,313284,Achraf Harmach,72.148354,12.851274,72.148354,4,medium_research_only,SAME_ROLE_ONLY;RESEARCH_ONLY;SAMPLE_TOO_SMALL_LOCAL_11_MATCHES_NOT_PRODUCTION_READY,True,False
MID,138853,Abdellah Farah,314460,Ayoub Bouaadli,74.305776,15.221883,74.305776,4,medium_research_only,SAME_ROLE_ONLY;RESEARCH_ONLY;SAMPLE_TOO_SMALL_LOCAL_11_MATCHES_NOT_PRODUCTION_READY,True,False
MID,138853,Abdellah Farah,323979,Zakaria Fatihi,89.263977,18.226946,89.263977,4,medium_research_only,SAME_ROLE_ONLY;RESEARCH_ONLY;SAMPLE_TOO_SMALL_LOCAL_11_MATCHES_NOT_PRODUCTION_READY,True,False
MID,138853,Abdellah Farah,360838,Zakaria Ami,93.453735,6.157652,93.453735,4,medium_research_only,SAME_ROLE_ONLY;RESEARCH_ONLY;SAMPLE_TOO_SMALL_LOCAL_11_MATCHES_NOT_PRODUCTION_READY,True,False
MID,138853,Abdellah Farah,380600,Mouad Goulouss,82.876022,7.096563,82.876022,4,medium_research_only,SAME_ROLE_ONLY;RESEARCH_ONLY;SAMPLE_TOO_SMALL_LOCAL_11_MATCHES_NOT_PRODUCTION_READY,True,False
MID,138853,Abdellah Farah,381935,Ismail Mihrab,86.93072,9.475506,86.93072,4,medium_research_only,SAME_ROLE_ONLY;RESEARCH_ONLY;SAMPLE_TOO_SMALL_LOCAL_11_MATCHES_NOT_PRODUCTION_READY,True,False
MID,138853,Abdellah Farah,396748,Youssef Laghzal,86.757238,6.145963,86.757238,4,medium_research_only,SAME_ROLE_ONLY;RESEARCH_ONLY;SAMPLE_TOO_SMALL_LOCAL_11_MATCHES_NOT_PRODUCTION_READY,True,False
MID,138853,Abdellah Farah,405645,Othmane Chraibi,70.183741,21.846281,70.183741,4,medium_research_only,SAME_ROLE_ONLY;RESEARCH_ONLY;SAMPLE_TOO_SMALL_LOCAL_11_MATCHES_NOT_PRODUCTION_READY,True,False
MID,138853,Abdellah Farah,406269,Danilson Gomes Tavares,85.769794,9.475383,85.769794,4,medium_research_only,SAME_ROLE_ONLY;RESEARCH_ONLY;SAMPLE_TOO_SMALL_LOCAL_11_MATCHES_NOT_PRODUCTION_READY,True,False
MID,138853,Abdellah Farah,407207,Ennaama El Bellali,72.583696,16.017136,72.583696,4,medium_research_only,SAME_ROLE_ONLY;RESEARCH_ONLY;SAMPLE_TOO_SMALL_LOCAL_11_MATCHES_NOT_PRODUCTION_READY,True,False
MID,138853,Abdellah Farah,407506,Oussama Nourdine,81.760328,15.523864,81.760328,4,medium_research_only,SAME_ROLE_ONLY;RESEARCH_ONLY;SAMPLE_TOO_SMALL_LOCAL_11_MATCHES_NOT_PRODUCTION_READY,True,False
MID,138853,Abdellah Farah,407852,Abdessamad Mahir,83.819142,13.696046,83.819142,4,medium_research_only,SAME_ROLE_ONLY;RESEARCH_ONLY;SAMPLE_TOO_SMALL_LOCAL_11_MATCHES_NOT_PRODUCTION_READY,True,False
MID,138853,Abdellah Farah,415853,Claude Gnolou,80.829836,15.514658,80.829836,4,medium_research_only,SAME_ROLE_ONLY;RESEARCH_ONLY;SAMPLE_TOO_SMALL_LOCAL_11_MATCHES_NOT_PRODUCTION_READY,True,False
MID,138853,Abdellah Farah,416303,El Mahdi Akoumi,72.249287,9.308631,72.249287,4,medium_research_only,SAME_ROLE_ONLY;RESEARCH_ONLY;SAMPLE_TOO_SMALL_LOCAL_11_MATCHES_NOT_PRODUCTION_READY,True,False
MID,138853,Abdellah Farah,424979,Soufiane Tazi,72.578419,17.315846,72.578419,4,medium_research_only,SAME_ROLE_ONLY;RESEARCH_ONLY;SAMPLE_TOO_SMALL_LOCAL_11_MATCHES_NOT_PRODUCTION_READY,True,False
MID,138853,Abdellah Farah,442288,Adnane Berdad,77.158764,12.484058,77.158764,4,medium_research_only,SAME_ROLE_ONLY;RESEARCH_ONLY;SAMPLE_TOO_SMALL_LOCAL_11_MATCHES_NOT_PRODUCTION_READY,True,False
MID,138853,Abdellah Farah,442292,Abdellatif El Bajjani,75.819543,16.017262,75.819543,4,medium_research_only,SAME_ROLE_ONLY;RESEARCH_ONLY;SAMPLE_TOO_SMALL_LOCAL_11_MATCHES_NOT_PRODUCTION_READY,True,False
MID,138853,Abdellah Farah,443951,Youness Akharraz,66.816433,10.4628,66.816433,4,medium_research_only,SAME_ROLE_ONLY;RESEARCH_ONLY;SAMPLE_TOO_SMALL_LOCAL_11_MATCHES_NOT_PRODUCTION_READY,True,False
MID,138853,Abdellah Farah,445163,Ayoub Maamouri,74.476573,6.770475,74.476573,4,medium_research_only,SAME_ROLE_ONLY;RESEARCH_ONLY;SAMPLE_TOO_SMALL_LOCAL_11_MATCHES_NOT_PRODUCTION_READY,True,False
MID,138853,Abdellah Farah,446355,Ishak Zidani,69.420088,14.700164,69.420088,4,medium_research_only,SAME_ROLE_ONLY;RESEARCH_ONLY;SAMPLE_TOO_SMALL_LOCAL_11_MATCHES_NOT_PRODUCTION_READY,True,False
MID,138853,Abdellah Farah,449373,Marouane Oujeddou,74.130164,11.242225,74.130164,4,medium_research_only,SAME_ROLE_ONLY;RESEARCH_ONLY;SAMPLE_TOO_SMALL_LOCAL_11_MATCHES_NOT_PRODUCTION_READY,True,False
MID,138853,Abdellah Farah,449471,Ayman Tarrazi,81.344217,10.61083,81.344217,4,medium_research_only,SAME_ROLE_ONLY;RESEARCH_ONLY;SAMPLE_TOO_SMALL_LOCAL_11_MATCHES_NOT_PRODUCTION_READY,True,False
MID,138853,Abdellah Farah,450709,Joseph Bakasu       ,69.017699,14.588701,69.017699,4,medium_research_only,SAME_ROLE_ONLY;RESEARCH_ONLY;SAMPLE_TOO_SMALL_LOCAL_11_MATCHES_NOT_PRODUCTION_READY,True,False
MID,138853,Abdellah Farah,460266,Youness Dahmani,94.881225,5.034254,94.881225,4,medium_research_only,SAME_ROLE_ONLY;RESEARCH_ONLY;SAMPLE_TOO_SMALL_LOCAL_11_MATCHES_NOT_PRODUCTION_READY,True,False
MID,138853,Abdellah Farah,477679,Redouane Oubidar,85.854618,15.342457,85.854618,4,medium_research_only,SAME_ROLE_ONLY;RESEARCH_ONLY;SAMPLE_TOO_SMALL_LOCAL_11_MATCHES_NOT_PRODUCTION_READY,True,False
MID,138853,Abdellah Farah,477680,Hamza Saoud,65.404374,21.458199,65.404374,4,medium_research_only,SAME_ROLE_ONLY;RESEARCH_ONLY;SAMPLE_TOO_SMALL_LOCAL_11_MATCHES_NOT_PRODUCTION_READY,True,False
MID,138853,Abdellah Farah,477682,Ayoub Benaadi,74.956085,13.760653,74.956085,4,medium_research_only,SAME_ROLE_ONLY;RESEARCH_ONLY;SAMPLE_TOO_SMALL_LOCAL_11_MATCHES_NOT_PRODUCTION_READY,True,False
MID,138853,Abdellah Farah,477688,Ayoub El Khaffi,72.565426,23.536666,72.565426,4,medium_research_only,SAME_ROLE_ONLY;RESEARCH_ONLY;SAMPLE_TOO_SMALL_LOCAL_11_MATCHES_NOT_PRODUCTION_READY,True,False
MID,138853,Abdellah Farah,523298,Mohamed Ahayaoui,78.931546,17.849538,78.931546,4,medium_research_only,SAME_ROLE_ONLY;RESEARCH_ONLY;SAMPLE_TOO_SMALL_LOCAL_11_MATCHES_NOT_PRODUCTION_READY,True,False
MID,138853,Abdellah Farah,523308,Adil Khalloufi,83.00547,16.576899,83.00547,4,medium_research_only,SAME_ROLE_ONLY;RESEARCH_ONLY;SAMPLE_TOO_SMALL_LOCAL_11_MATCHES_NOT_PRODUCTION_READY,True,False
MID,138853,Abdellah Farah,523312,Brahim Mansouri,69.277158,14.864453,69.277158,4,medium_research_only,SAME_ROLE_ONLY;RESEARCH_ONLY;SAMPLE_TOO_SMALL_LOCAL_11_MATCHES_NOT_PRODUCTION_READY,True,False
MID,138853,Abdellah Farah,523319,Omar Ouddah,81.620875,18.205445,81.620875,4,medium_research_only,SAME_ROLE_ONLY;RESEARCH_ONLY;SAMPLE_TOO_SMALL_LOCAL_11_MATCHES_NOT_PRODUCTION_READY,True,False
MID,138853,Abdellah Farah,523973,Hamza Rafa,68.09548,15.949242,68.09548,4,medium_research_only,SAME_ROLE_ONLY;RESEARCH_ONLY;SAMPLE_TOO_SMALL_LOCAL_11_MATCHES_NOT_PRODUCTION_READY,True,False
MID,138853,Abdellah Farah,523996,Fred Duval Ngoma,69.237324,15.965328,69.237324,4,medium_research_only,SAME_ROLE_ONLY;RESEARCH_ONLY;SAMPLE_TOO_SMALL_LOCAL_11_MATCHES_NOT_PRODUCTION_READY,True,False
MID,138853,Abdellah Farah,523997,Karim L'Koucha,76.837854,9.063651,76.837854,4,medium_research_only,SAME_ROLE_ONLY;RESEARCH_ONLY;SAMPLE_TOO_SMALL_LOCAL_11_MATCHES_NOT_PRODUCTION_READY,True,False
MID,138853,Abdellah Farah,523999,Zakaria Kessary,72.662532,16.804097,72.662532,4,medium_research_only,SAME_ROLE_ONLY;RESEARCH_ONLY;SAMPLE_TOO_SMALL_LOCAL_11_MATCHES_NOT_PRODUCTION_READY,True,False
MID,138853,Abdellah Farah,524000,Ahmed Aboulfath,93.416972,9.731354,93.416972,4,medium_research_only,SAME_ROLE_ONLY;RESEARCH_ONLY;SAMPLE_TOO_SMALL_LOCAL_11_MATCHES_NOT_PRODUCTION_READY,True,False
MID,138853,Abdellah Farah,524002,Salim Ghazzani,86.288177,22.158055,86.288177,4,medium_research_only,SAME_ROLE_ONLY;RESEARCH_ONLY;SAMPLE_TOO_SMALL_LOCAL_11_MATCHES_NOT_PRODUCTION_READY,True,False
MID,138853,Abdellah Farah,524003,Mohammed Es-Sahel,81.242585,12.768979,81.242585,4,medium_research_only,SAME_ROLE_ONLY;RESEARCH_ONLY;SAMPLE_TOO_SMALL_LOCAL_11_MATCHES_NOT_PRODUCTION_READY,True,False
MID,138853,Abdellah Farah,524511,Saad Nassik,72.941292,13.624329,72.941292,4,medium_research_only,SAME_ROLE_ONLY;RESEARCH_ONLY;SAMPLE_TOO_SMALL_LOCAL_11_MATCHES_NOT_PRODUCTION_READY,True,False
MID,138860,Youssef Michte,138862,Abderrahmane Kassak,90.850983,9.374928,90.850983,4,medium_research_only,SAME_ROLE_ONLY;RESEARCH_ONLY;SAMPLE_TOO_SMALL_LOCAL_11_MATCHES_NOT_PRODUCTION_READY,True,False
MID,138860,Youssef Michte,138872,Oussama Mahrous,98.560934,3.441494,98.560934,4,medium_research_only,SAME_ROLE_ONLY;RESEARCH_ONLY;SAMPLE_TOO_SMALL_LOCAL_11_MATCHES_NOT_PRODUCTION_READY,True,False
MID,138860,Youssef Michte,138873,Abdelghafour Lamirat,99.992386,3.592804,99.992386,4,medium_research_only,SAME_ROLE_ONLY;RESEARCH_ONLY;SAMPLE_TOO_SMALL_LOCAL_11_MATCHES_NOT_PRODUCTION_READY,True,False
MID,138860,Youssef Michte,138877,Saleh Al Sellami,97.503999,4.530121,97.503999,4,medium_research_only,SAME_ROLE_ONLY;RESEARCH_ONLY;SAMPLE_TOO_SMALL_LOCAL_11_MATCHES_NOT_PRODUCTION_READY,True,False
MID,138860,Youssef Michte,138895,Abdelfattah Hadraf,79.894035,17.925052,79.894035,4,medium_research_only,SAME_ROLE_ONLY;RESEARCH_ONLY;SAMPLE_TOO_SMALL_LOCAL_11_MATCHES_NOT_PRODUCTION_READY,True,False
MID,138860,Youssef Michte,138898,Ahmed Chentouf,83.52278,21.734875,83.52278,4,medium_research_only,SAME_ROLE_ONLY;RESEARCH_ONLY;SAMPLE_TOO_SMALL_LOCAL_11_MATCHES_NOT_PRODUCTION_READY,True,False
MID,138860,Youssef Michte,138983,Zine Eddine Derrag,99.433882,4.563985,99.433882,4,medium_research_only,SAME_ROLE_ONLY;RESEARCH_ONLY;SAMPLE_TOO_SMALL_LOCAL_11_MATCHES_NOT_PRODUCTION_READY,True,False
MID,138860,Youssef Michte,139545,Mohammad El Fakih,88.536513,12.095462,88.536513,4,medium_research_only,SAME_ROLE_ONLY;RESEARCH_ONLY;SAMPLE_TOO_SMALL_LOCAL_11_MATCHES_NOT_PRODUCTION_READY,True,False
MID,138860,Youssef Michte,139554,Abdoulaye Diarra,99.502512,4.01908,99.502512,4,medium_research_only,SAME_ROLE_ONLY;RESEARCH_ONLY;SAMPLE_TOO_SMALL_LOCAL_11_MATCHES_NOT_PRODUCTION_READY,True,False
MID,138860,Youssef Michte,139565,Larbi Naji,98.776418,3.18014,98.776418,4,medium_research_only,SAME_ROLE_ONLY;RESEARCH_ONLY;SAMPLE_TOO_SMALL_LOCAL_11_MATCHES_NOT_PRODUCTION_READY,True,False
MID,138860,Youssef Michte,139568,Youssef Zghoudi,99.835454,6.12455,99.835454,4,medium_research_only,SAME_ROLE_ONLY;RESEARCH_ONLY;SAMPLE_TOO_SMALL_LOCAL_11_MATCHES_NOT_PRODUCTION_READY,True,False
MID,138860,Youssef Michte,139570,Brahim El Bahraoui,95.566673,11.66291,95.566673,4,medium_research_only,SAME_ROLE_ONLY;RESEARCH_ONLY;SAMPLE_TOO_SMALL_LOCAL_11_MATCHES_NOT_PRODUCTION_READY,True,False
MID,138860,Youssef Michte,140871,Khalid Ait Ouarkhane,91.668119,8.167811,91.668119,4,medium_research_only,SAME_ROLE_ONLY;RESEARCH_ONLY;SAMPLE_TOO_SMALL_LOCAL_11_MATCHES_NOT_PRODUCTION_READY,True,False
MID,138860,Youssef Michte,140872,Mohamed Rabie Hrimat,94.799874,7.760551,94.799874,4,medium_research_only,SAME_ROLE_ONLY;RESEARCH_ONLY;SAMPLE_TOO_SMALL_LOCAL_11_MATCHES_NOT_PRODUCTION_READY,True,False
MID,138860,Youssef Michte,141254,Hamza Afsal,90.834571,8.464914,90.834571,4,medium_research_only,SAME_ROLE_ONLY;RESEARCH_ONLY;SAMPLE_TOO_SMALL_LOCAL_11_MATCHES_NOT_PRODUCTION_READY,True,False
MID,138860,Youssef Michte,143166,Zakaria Fati,98.97399,3.065546,98.97399,4,medium_research_only,SAME_ROLE_ONLY;RESEARCH_ONLY;SAMPLE_TOO_SMALL_LOCAL_11_MATCHES_NOT_PRODUCTION_READY,True,False
MID,138860,Youssef Michte,143490,Ahmed Hammoudan,93.686074,7.371468,93.686074,4,medium_research_only,SAME_ROLE_ONLY;RESEARCH_ONLY;SAMPLE_TOO_SMALL_LOCAL_11_MATCHES_NOT_PRODUCTION_READY,True,False
MID,138860,Youssef Michte,143505,Mohamed Morabit,85.871087,11.553582,85.871087,4,medium_research_only,SAME_ROLE_ONLY;RESEARCH_ONLY;SAMPLE_TOO_SMALL_LOCAL_11_MATCHES_NOT_PRODUCTION_READY,True,False
MID,138860,Youssef Michte,144434,Ismail Moutaraji,99.675412,8.134322,99.675412,4,medium_research_only,SAME_ROLE_ONLY;RESEARCH_ONLY;SAMPLE_TOO_SMALL_LOCAL_11_MATCHES_NOT_PRODUCTION_READY,True,False
MID,138860,Youssef Michte,144436,Anas Serrhat,98.232042,6.802383,98.232042,4,medium_research_only,SAME_ROLE_ONLY;RESEARCH_ONLY;SAMPLE_TOO_SMALL_LOCAL_11_MATCHES_NOT_PRODUCTION_READY,True,False
MID,138860,Youssef Michte,149135,Moses Orkuma,99.810301,2.412135,99.810301,4,medium_research_only,SAME_ROLE_ONLY;RESEARCH_ONLY;SAMPLE_TOO_SMALL_LOCAL_11_MATCHES_NOT_PRODUCTION_READY,True,False
MID,138860,Youssef Michte,151743,Mohamed Al Makahasi,98.434781,3.97492,98.434781,4,medium_research_only,SAME_ROLE_ONLY;RESEARCH_ONLY;SAMPLE_TOO_SMALL_LOCAL_11_MATCHES_NOT_PRODUCTION_READY,True,False
MID,138860,Youssef Michte,154668,Mamadou Lamine Camara,98.127018,5.024878,98.127018,4,medium_research_only,SAME_ROLE_ONLY;RESEARCH_ONLY;SAMPLE_TOO_SMALL_LOCAL_11_MATCHES_NOT_PRODUCTION_READY,True,False
MID,138860,Youssef Michte,161352,Salaheddine Errahouli,89.741337,9.167108,89.741337,4,medium_research_only,SAME_ROLE_ONLY;RESEARCH_ONLY;SAMPLE_TOO_SMALL_LOCAL_11_MATCHES_NOT_PRODUCTION_READY,True,False
MID,138860,Youssef Michte,183765,Mohammed Amine Essahel,96.688747,5.478786,96.688747,4,medium_research_only,SAME_ROLE_ONLY;RESEARCH_ONLY;SAMPLE_TOO_SMALL_LOCAL_11_MATCHES_NOT_PRODUCTION_READY,True,False
MID,138860,Youssef Michte,194809,Oussama Zemraoui,94.582767,8.169123,94.582767,4,medium_research_only,SAME_ROLE_ONLY;RESEARCH_ONLY;SAMPLE_TOO_SMALL_LOCAL_11_MATCHES_NOT_PRODUCTION_READY,True,False
MID,138860,Youssef Michte,194912,Faouzi Abd El Mouttalib,99.040317,2.819639,99.040317,4,medium_research_only,SAME_ROLE_ONLY;RESEARCH_ONLY;SAMPLE_TOO_SMALL_LOCAL_11_MATCHES_NOT_PRODUCTION_READY,True,False
MID,138860,Youssef Michte,195016,Mouad Mouchtanim,98.41133,4.982504,98.41133,4,medium_research_only,SAME_ROLE_ONLY;RESEARCH_ONLY;SAMPLE_TOO_SMALL_LOCAL_11_MATCHES_NOT_PRODUCTION_READY,True,False
MID,138860,Youssef Michte,199611,Youssef Mehri,92.553142,8.293551,92.553142,4,medium_research_only,SAME_ROLE_ONLY;RESEARCH_ONLY;SAMPLE_TOO_SMALL_LOCAL_11_MATCHES_NOT_PRODUCTION_READY,True,False
MID,138860,Youssef Michte,203027,Walid Rhailouf,98.105316,5.747847,98.105316,4,medium_research_only,SAME_ROLE_ONLY;RESEARCH_ONLY;SAMPLE_TOO_SMALL_LOCAL_11_MATCHES_NOT_PRODUCTION_READY,True,False
MID,138860,Youssef Michte,225437,Stephane Aziz Ki,94.181594,7.928718,94.181594,4,medium_research_only,SAME_ROLE_ONLY;RESEARCH_ONLY;SAMPLE_TOO_SMALL_LOCAL_11_MATCHES_NOT_PRODUCTION_READY,True,False
MID,138860,Youssef Michte,261620,Nadir Lougmani,98.657125,5.164996,98.657125,4,medium_research_only,SAME_ROLE_ONLY;RESEARCH_ONLY;SAMPLE_TOO_SMALL_LOCAL_11_MATCHES_NOT_PRODUCTION_READY,True,False
MID,138860,Youssef Michte,275341,Yazid Faffa,97.647815,4.711791,97.647815,4,medium_research_only,SAME_ROLE_ONLY;RESEARCH_ONLY;SAMPLE_TOO_SMALL_LOCAL_11_MATCHES_NOT_PRODUCTION_READY,True,False
MID,138860,Youssef Michte,312935,Amine Azri,97.488162,5.14746,97.488162,4,medium_research_only,SAME_ROLE_ONLY;RESEARCH_ONLY;SAMPLE_TOO_SMALL_LOCAL_11_MATCHES_NOT_PRODUCTION_READY,True,False
MID,138860,Youssef Michte,313277,Mohamed Chemlal,81.990789,30.166751,81.990789,4,medium_research_only,SAME_ROLE_ONLY;RESEARCH_ONLY;SAMPLE_TOO_SMALL_LOCAL_11_MATCHES_NOT_PRODUCTION_READY,True,False
MID,138860,Youssef Michte,313284,Achraf Harmach,99.882276,1.258939,99.882276,4,medium_research_only,SAME_ROLE_ONLY;RESEARCH_ONLY;SAMPLE_TOO_SMALL_LOCAL_11_MATCHES_NOT_PRODUCTION_READY,True,False
MID,138860,Youssef Michte,314460,Ayoub Bouaadli,99.150634,3.272666,99.150634,4,medium_research_only,SAME_ROLE_ONLY;RESEARCH_ONLY;SAMPLE_TOO_SMALL_LOCAL_11_MATCHES_NOT_PRODUCTION_READY,True,False
MID,138860,Youssef Michte,323979,Zakaria Fatihi,93.68332,10.046263,93.68332,4,medium_research_only,SAME_ROLE_ONLY;RESEARCH_ONLY;SAMPLE_TOO_SMALL_LOCAL_11_MATCHES_NOT_PRODUCTION_READY,True,False
MID,138860,Youssef Michte,360838,Zakaria Ami,81.368836,11.308838,81.368836,4,medium_research_only,SAME_ROLE_ONLY;RESEARCH_ONLY;SAMPLE_TOO_SMALL_LOCAL_11_MATCHES_NOT_PRODUCTION_READY,True,False
MID,138860,Youssef Michte,380600,Mouad Goulouss,97.798262,6.964921,97.798262,4,medium_research_only,SAME_ROLE_ONLY;RESEARCH_ONLY;SAMPLE_TOO_SMALL_LOCAL_11_MATCHES_NOT_PRODUCTION_READY,True,False
MID,138860,Youssef Michte,381935,Ismail Mihrab,96.500806,5.882586,96.500806,4,medium_research_only,SAME_ROLE_ONLY;RESEARCH_ONLY;SAMPLE_TOO_SMALL_LOCAL_11_MATCHES_NOT_PRODUCTION_READY,True,False
MID,138860,Youssef Michte,396748,Youssef Laghzal,95.470707,8.235318,95.470707,4,medium_research_only,SAME_ROLE_ONLY;RESEARCH_ONLY;SAMPLE_TOO_SMALL_LOCAL_11_MATCHES_NOT_PRODUCTION_READY,True,False
MID,138860,Youssef Michte,405645,Othmane Chraibi,99.073656,8.865068,99.073656,4,medium_research_only,SAME_ROLE_ONLY;RESEARCH_ONLY;SAMPLE_TOO_SMALL_LOCAL_11_MATCHES_NOT_PRODUCTION_READY,True,False
MID,138860,Youssef Michte,406269,Danilson Gomes Tavares,97.242481,5.499718,97.242481,4,medium_research_only,SAME_ROLE_ONLY;RESEARCH_ONLY;SAMPLE_TOO_SMALL_LOCAL_11_MATCHES_NOT_PRODUCTION_READY,True,False
MID,138860,Youssef Michte,407207,Ennaama El Bellali,99.70209,2.942439,99.70209,4,medium_research_only,SAME_ROLE_ONLY;RESEARCH_ONLY;SAMPLE_TOO_SMALL_LOCAL_11_MATCHES_NOT_PRODUCTION_READY,True,False
MID,138860,Youssef Michte,407506,Oussama Nourdine,98.35244,4.611548,98.35244,4,medium_research_only,SAME_ROLE_ONLY;RESEARCH_ONLY;SAMPLE_TOO_SMALL_LOCAL_11_MATCHES_NOT_PRODUCTION_READY,True,False
MID,138860,Youssef Michte,407852,Abdessamad Mahir,97.642104,4.555193,97.642104,4,medium_research_only,SAME_ROLE_ONLY;RESEARCH_ONLY;SAMPLE_TOO_SMALL_LOCAL_11_MATCHES_NOT_PRODUCTION_READY,True,False
MID,138860,Youssef Michte,415853,Claude Gnolou,99.116874,3.68966,99.116874,4,medium_research_only,SAME_ROLE_ONLY;RESEARCH_ONLY;SAMPLE_TOO_SMALL_LOCAL_11_MATCHES_NOT_PRODUCTION_READY,True,False
MID,138860,Youssef Michte,416303,El Mahdi Akoumi,99.512396,4.71113,99.512396,4,medium_research_only,SAME_ROLE_ONLY;RESEARCH_ONLY;SAMPLE_TOO_SMALL_LOCAL_11_MATCHES_NOT_PRODUCTION_READY,True,False
MID,138860,Youssef Michte,424979,Soufiane Tazi,98.739235,5.191639,98.739235,4,medium_research_only,SAME_ROLE_ONLY;RESEARCH_ONLY;SAMPLE_TOO_SMALL_LOCAL_11_MATCHES_NOT_PRODUCTION_READY,True,False
MID,138860,Youssef Michte,442288,Adnane Berdad,99.615964,1.97763,99.615964,4,medium_research_only,SAME_ROLE_ONLY;RESEARCH_ONLY;SAMPLE_TOO_SMALL_LOCAL_11_MATCHES_NOT_PRODUCTION_READY,True,False
MID,138860,Youssef Michte,442292,Abdellatif El Bajjani,98.607304,4.4856,98.607304,4,medium_research_only,SAME_ROLE_ONLY;RESEARCH_ONLY;SAMPLE_TOO_SMALL_LOCAL_11_MATCHES_NOT_PRODUCTION_READY,True,False
MID,138860,Youssef Michte,443951,Youness Akharraz,99.330647,4.032612,99.330647,4,medium_research_only,SAME_ROLE_ONLY;RESEARCH_ONLY;SAMPLE_TOO_SMALL_LOCAL_11_MATCHES_NOT_PRODUCTION_READY,True,False
MID,138860,Youssef Michte,445163,Ayoub Maamouri,88.982238,9.779397,88.982238,4,medium_research_only,SAME_ROLE_ONLY;RESEARCH_ONLY;SAMPLE_TOO_SMALL_LOCAL_11_MATCHES_NOT_PRODUCTION_READY,True,False
MID,138860,Youssef Michte,446355,Ishak Zidani,98.920102,3.235239,98.920102,4,medium_research_only,SAME_ROLE_ONLY;RESEARCH_ONLY;SAMPLE_TOO_SMALL_LOCAL_11_MATCHES_NOT_PRODUCTION_READY,True,False
MID,138860,Youssef Michte,449373,Marouane Oujeddou,94.326638,6.719016,94.326638,4,medium_research_only,SAME_ROLE_ONLY;RESEARCH_ONLY;SAMPLE_TOO_SMALL_LOCAL_11_MATCHES_NOT_PRODUCTION_READY,True,False
MID,138860,Youssef Michte,449471,Ayman Tarrazi,98.906738,3.811214,98.906738,4,medium_research_only,SAME_ROLE_ONLY;RESEARCH_ONLY;SAMPLE_TOO_SMALL_LOCAL_11_MATCHES_NOT_PRODUCTION_READY,True,False
MID,138860,Youssef Michte,450709,Joseph Bakasu       ,99.659461,1.910074,99.659461,4,medium_research_only,SAME_ROLE_ONLY;RESEARCH_ONLY;SAMPLE_TOO_SMALL_LOCAL_11_MATCHES_NOT_PRODUCTION_READY,True,False
MID,138860,Youssef Michte,460266,Youness Dahmani,77.521965,12.110816,77.521965,4,medium_research_only,SAME_ROLE_ONLY;RESEARCH_ONLY;SAMPLE_TOO_SMALL_LOCAL_11_MATCHES_NOT_PRODUCTION_READY,True,False
MID,138860,Youssef Michte,477679,Redouane Oubidar,96.046837,6.601576,96.046837,4,medium_research_only,SAME_ROLE_ONLY;RESEARCH_ONLY;SAMPLE_TOO_SMALL_LOCAL_11_MATCHES_NOT_PRODUCTION_READY,True,False
MID,138860,Youssef Michte,477680,Hamza Saoud,98.316698,8.86425,98.316698,4,medium_research_only,SAME_ROLE_ONLY;RESEARCH_ONLY;SAMPLE_TOO_SMALL_LOCAL_11_MATCHES_NOT_PRODUCTION_READY,True,False
MID,138860,Youssef Michte,477682,Ayoub Benaadi,92.927664,7.745106,92.927664,4,medium_research_only,SAME_ROLE_ONLY;RESEARCH_ONLY;SAMPLE_TOO_SMALL_LOCAL_11_MATCHES_NOT_PRODUCTION_READY,True,False
MID,138860,Youssef Michte,477688,Ayoub El Khaffi,99.927791,10.003547,99.927791,4,medium_research_only,SAME_ROLE_ONLY;RESEARCH_ONLY;SAMPLE_TOO_SMALL_LOCAL_11_MATCHES_NOT_PRODUCTION_READY,True,False
MID,138860,Youssef Michte,523298,Mohamed Ahayaoui,99.065951,5.537092,99.065951,4,medium_research_only,SAME_ROLE_ONLY;RESEARCH_ONLY;SAMPLE_TOO_SMALL_LOCAL_11_MATCHES_NOT_PRODUCTION_READY,True,False
MID,138860,Youssef Michte,523308,Adil Khalloufi,98.577642,5.136451,98.577642,4,medium_research_only,SAME_ROLE_ONLY;RESEARCH_ONLY;SAMPLE_TOO_SMALL_LOCAL_11_MATCHES_NOT_PRODUCTION_READY,True,False
MID,138860,Youssef Michte,523312,Brahim Mansouri,87.396494,10.6911,87.396494,4,medium_research_only,SAME_ROLE_ONLY;RESEARCH_ONLY;SAMPLE_TOO_SMALL_LOCAL_11_MATCHES_NOT_PRODUCTION_READY,True,False
MID,138860,Youssef Michte,523319,Omar Ouddah,98.123624,6.783902,98.123624,4,medium_research_only,SAME_ROLE_ONLY;RESEARCH_ONLY;SAMPLE_TOO_SMALL_LOCAL_11_MATCHES_NOT_PRODUCTION_READY,True,False
MID,138860,Youssef Michte,523973,Hamza Rafa,99.378401,3.243519,99.378401,4,medium_research_only,SAME_ROLE_ONLY;RESEARCH_ONLY;SAMPLE_TOO_SMALL_LOCAL_11_MATCHES_NOT_PRODUCTION_READY,True,False
MID,138860,Youssef Michte,523996,Fred Duval Ngoma,99.647025,2.8715,99.647025,4,medium_research_only,SAME_ROLE_ONLY;RESEARCH_ONLY;SAMPLE_TOO_SMALL_LOCAL_11_MATCHES_NOT_PRODUCTION_READY,True,False
MID,138860,Youssef Michte,523997,Karim L'Koucha,99.797046,4.570796,99.797046,4,medium_research_only,SAME_ROLE_ONLY;RESEARCH_ONLY;SAMPLE_TOO_SMALL_LOCAL_11_MATCHES_NOT_PRODUCTION_READY,True,False
MID,138860,Youssef Michte,523999,Zakaria Kessary,98.021364,5.510568,98.021364,4,medium_research_only,SAME_ROLE_ONLY;RESEARCH_ONLY;SAMPLE_TOO_SMALL_LOCAL_11_MATCHES_NOT_PRODUCTION_READY,True,False
MID,138860,Youssef Michte,524000,Ahmed Aboulfath,88.296954,9.292721,88.296954,4,medium_research_only,SAME_ROLE_ONLY;RESEARCH_ONLY;SAMPLE_TOO_SMALL_LOCAL_11_MATCHES_NOT_PRODUCTION_READY,True,False
MID,138860,Youssef Michte,524002,Salim Ghazzani,86.502917,16.371433,86.502917,4,medium_research_only,SAME_ROLE_ONLY;RESEARCH_ONLY;SAMPLE_TOO_SMALL_LOCAL_11_MATCHES_NOT_PRODUCTION_READY,True,False
MID,138860,Youssef Michte,524003,Mohammed Es-Sahel,98.180111,3.860709,98.180111,4,medium_research_only,SAME_ROLE_ONLY;RESEARCH_ONLY;SAMPLE_TOO_SMALL_LOCAL_11_MATCHES_NOT_PRODUCTION_READY,True,False
MID,138860,Youssef Michte,524511,Saad Nassik,99.990844,0.276435,99.990844,4,medium_research_only,SAME_ROLE_ONLY;RESEARCH_ONLY;SAMPLE_TOO_SMALL_LOCAL_11_MATCHES_NOT_PRODUCTION_READY,True,False
MID,138862,Abderrahmane Kassak,138872,Oussama Mahrous,95.95507,6.380716,95.95507,4,medium_research_only,SAME_ROLE_ONLY;RESEARCH_ONLY;SAMPLE_TOO_SMALL_LOCAL_11_MATCHES_NOT_PRODUCTION_READY,True,False
MID,138862,Abderrahmane Kassak,138873,Abdelghafour Lamirat,91.047934,10.373603,91.047934,4,medium_research_only,SAME_ROLE_ONLY;RESEARCH_ONLY;SAMPLE_TOO_SMALL_LOCAL_11_MATCHES_NOT_PRODUCTION_READY,True,False
MID,138862,Abderrahmane Kassak,138877,Saleh Al Sellami,96.99862,5.812428,96.99862,4,medium_research_only,SAME_ROLE_ONLY;RESEARCH_ONLY;SAMPLE_TOO_SMALL_LOCAL_11_MATCHES_NOT_PRODUCTION_READY,True,False
MID,138862,Abderrahmane Kassak,138895,Abdelfattah Hadraf,79.148106,18.397222,79.148106,4,medium_research_only,SAME_ROLE_ONLY;RESEARCH_ONLY;SAMPLE_TOO_SMALL_LOCAL_11_MATCHES_NOT_PRODUCTION_READY,True,False
MID,138862,Abderrahmane Kassak,138898,Ahmed Chentouf,73.88695,25.237288,73.88695,4,medium_research_only,SAME_ROLE_ONLY;RESEARCH_ONLY;SAMPLE_TOO_SMALL_LOCAL_11_MATCHES_NOT_PRODUCTION_READY,True,False
MID,138862,Abderrahmane Kassak,138983,Zine Eddine Derrag,91.039173,10.506916,91.039173,4,medium_research_only,SAME_ROLE_ONLY;RESEARCH_ONLY;SAMPLE_TOO_SMALL_LOCAL_11_MATCHES_NOT_PRODUCTION_READY,True,False
MID,138862,Abderrahmane Kassak,139545,Mohammad El Fakih,99.771629,3.325354,99.771629,4,medium_research_only,SAME_ROLE_ONLY;RESEARCH_ONLY;SAMPLE_TOO_SMALL_LOCAL_11_MATCHES_NOT_PRODUCTION_READY,True,False
MID,138862,Abderrahmane Kassak,139554,Abdoulaye Diarra,93.491809,8.558651,93.491809,4,medium_research_only,SAME_ROLE_ONLY;RESEARCH_ONLY;SAMPLE_TOO_SMALL_LOCAL_11_MATCHES_NOT_PRODUCTION_READY,True,False
MID,138862,Abderrahmane Kassak,139565,Larbi Naji,95.494124,6.693141,95.494124,4,medium_research_only,SAME_ROLE_ONLY;RESEARCH_ONLY;SAMPLE_TOO_SMALL_LOCAL_11_MATCHES_NOT_PRODUCTION_READY,True,False
MID,138862,Abderrahmane Kassak,139568,Youssef Zghoudi,91.706261,10.220315,91.706261,4,medium_research_only,SAME_ROLE_ONLY;RESEARCH_ONLY;SAMPLE_TOO_SMALL_LOCAL_11_MATCHES_NOT_PRODUCTION_READY,True,False
MID,138862,Abderrahmane Kassak,139570,Brahim El Bahraoui,98.115689,13.125477,98.115689,4,medium_research_only,SAME_ROLE_ONLY;RESEARCH_ONLY;SAMPLE_TOO_SMALL_LOCAL_11_MATCHES_NOT_PRODUCTION_READY,True,False
MID,138862,Abderrahmane Kassak,140871,Khalid Ait Ouarkhane,99.399997,3.284573,99.399997,4,medium_research_only,SAME_ROLE_ONLY;RESEARCH_ONLY;SAMPLE_TOO_SMALL_LOCAL_11_MATCHES_NOT_PRODUCTION_READY,True,False
MID,138862,Abderrahmane Kassak,140872,Mohamed Rabie Hrimat,98.651794,4.060014,98.651794,4,medium_research_only,SAME_ROLE_ONLY;RESEARCH_ONLY;SAMPLE_TOO_SMALL_LOCAL_11_MATCHES_NOT_PRODUCTION_READY,True,False
MID,138862,Abderrahmane Kassak,141254,Hamza Afsal,91.03215,9.203898,91.03215,4,medium_research_only,SAME_ROLE_ONLY;RESEARCH_ONLY;SAMPLE_TOO_SMALL_LOCAL_11_MATCHES_NOT_PRODUCTION_READY,True,False
MID,138862,Abderrahmane Kassak,143166,Zakaria Fati,94.837102,7.15868,94.837102,4,medium_research_only,SAME_ROLE_ONLY;RESEARCH_ONLY;SAMPLE_TOO_SMALL_LOCAL_11_MATCHES_NOT_PRODUCTION_READY,True,False
MID,138862,Abderrahmane Kassak,143490,Ahmed Hammoudan,98.263957,4.264119,98.263957,4,medium_research_only,SAME_ROLE_ONLY;RESEARCH_ONLY;SAMPLE_TOO_SMALL_LOCAL_11_MATCHES_NOT_PRODUCTION_READY,True,False
MID,138862,Abderrahmane Kassak,143505,Mohamed Morabit,96.345662,6.145845,96.345662,4,medium_research_only,SAME_ROLE_ONLY;RESEARCH_ONLY;SAMPLE_TOO_SMALL_LOCAL_11_MATCHES_NOT_PRODUCTION_READY,True,False
MID,138862,Abderrahmane Kassak,144434,Ismail Moutaraji,91.44218,12.710347,91.44218,4,medium_research_only,SAME_ROLE_ONLY;RESEARCH_ONLY;SAMPLE_TOO_SMALL_LOCAL_11_MATCHES_NOT_PRODUCTION_READY,True,False
MID,138862,Abderrahmane Kassak,144436,Anas Serrhat,96.467333,7.517853,96.467333,4,medium_research_only,SAME_ROLE_ONLY;RESEARCH_ONLY;SAMPLE_TOO_SMALL_LOCAL_11_MATCHES_NOT_PRODUCTION_READY,True,False
MID,138862,Abderrahmane Kassak,149135,Moses Orkuma,90.485673,10.045526,90.485673,4,medium_research_only,SAME_ROLE_ONLY;RESEARCH_ONLY;SAMPLE_TOO_SMALL_LOCAL_11_MATCHES_NOT_PRODUCTION_READY,True,False
MID,138862,Abderrahmane Kassak,151743,Mohamed Al Makahasi,96.343093,6.096051,96.343093,4,medium_research_only,SAME_ROLE_ONLY;RESEARCH_ONLY;SAMPLE_TOO_SMALL_LOCAL_11_MATCHES_NOT_PRODUCTION_READY,True,False
MID,138862,Abderrahmane Kassak,154668,Mamadou Lamine Camara,96.734734,6.062507,96.734734,4,medium_research_only,SAME_ROLE_ONLY;RESEARCH_ONLY;SAMPLE_TOO_SMALL_LOCAL_11_MATCHES_NOT_PRODUCTION_READY,True,False
MID,138862,Abderrahmane Kassak,161352,Salaheddine Errahouli,99.327663,3.144545,99.327663,4,medium_research_only,SAME_ROLE_ONLY;RESEARCH_ONLY;SAMPLE_TOO_SMALL_LOCAL_11_MATCHES_NOT_PRODUCTION_READY,True,False
MID,138862,Abderrahmane Kassak,183765,Mohammed Amine Essahel,91.189654,9.354642,91.189654,4,medium_research_only,SAME_ROLE_ONLY;RESEARCH_ONLY;SAMPLE_TOO_SMALL_LOCAL_11_MATCHES_NOT_PRODUCTION_READY,True,False
MID,138862,Abderrahmane Kassak,194809,Oussama Zemraoui,99.165937,3.512102,99.165937,4,medium_research_only,SAME_ROLE_ONLY;RESEARCH_ONLY;SAMPLE_TOO_SMALL_LOCAL_11_MATCHES_NOT_PRODUCTION_READY,True,False
MID,138862,Abderrahmane Kassak,194912,Faouzi Abd El Mouttalib,94.134093,7.572107,94.134093,4,medium_research_only,SAME_ROLE_ONLY;RESEARCH_ONLY;SAMPLE_TOO_SMALL_LOCAL_11_MATCHES_NOT_PRODUCTION_READY,True,False
MID,138862,Abderrahmane Kassak,195016,Mouad Mouchtanim,95.012325,7.594064,95.012325,4,medium_research_only,SAME_ROLE_ONLY;RESEARCH_ONLY;SAMPLE_TOO_SMALL_LOCAL_11_MATCHES_NOT_PRODUCTION_READY,True,False
MID,138862,Abderrahmane Kassak,199611,Youssef Mehri,99.24067,2.804237,99.24067,4,medium_research_only,SAME_ROLE_ONLY;RESEARCH_ONLY;SAMPLE_TOO_SMALL_LOCAL_11_MATCHES_NOT_PRODUCTION_READY,True,False
MID,138862,Abderrahmane Kassak,203027,Walid Rhailouf,96.800241,6.416415,96.800241,4,medium_research_only,SAME_ROLE_ONLY;RESEARCH_ONLY;SAMPLE_TOO_SMALL_LOCAL_11_MATCHES_NOT_PRODUCTION_READY,True,False
MID,138862,Abderrahmane Kassak,225437,Stephane Aziz Ki,99.051987,7.831598,99.051987,4,medium_research_only,SAME_ROLE_ONLY;RESEARCH_ONLY;SAMPLE_TOO_SMALL_LOCAL_11_MATCHES_NOT_PRODUCTION_READY,True,False
MID,138862,Abderrahmane Kassak,261620,Nadir Lougmani,93.842719,8.72586,93.842719,4,medium_research_only,SAME_ROLE_ONLY;RESEARCH_ONLY;SAMPLE_TOO_SMALL_LOCAL_11_MATCHES_NOT_PRODUCTION_READY,True,False
MID,138862,Abderrahmane Kassak,275341,Yazid Faffa,94.59305,7.653836,94.59305,4,medium_research_only,SAME_ROLE_ONLY;RESEARCH_ONLY;SAMPLE_TOO_SMALL_LOCAL_11_MATCHES_NOT_PRODUCTION_READY,True,False
MID,138862,Abderrahmane Kassak,312935,Amine Azri,92.839304,8.639608,92.839304,4,medium_research_only,SAME_ROLE_ONLY;RESEARCH_ONLY;SAMPLE_TOO_SMALL_LOCAL_11_MATCHES_NOT_PRODUCTION_READY,True,False
MID,138862,Abderrahmane Kassak,313277,Mohamed Chemlal,97.686593,22.457838,97.686593,4,medium_research_only,SAME_ROLE_ONLY;RESEARCH_ONLY;SAMPLE_TOO_SMALL_LOCAL_11_MATCHES_NOT_PRODUCTION_READY,True,False
MID,138862,Abderrahmane Kassak,313284,Achraf Harmach,92.370981,8.551124,92.370981,4,medium_research_only,SAME_ROLE_ONLY;RESEARCH_ONLY;SAMPLE_TOO_SMALL_LOCAL_11_MATCHES_NOT_PRODUCTION_READY,True,False
MID,138862,Abderrahmane Kassak,314460,Ayoub Bouaadli,95.205839,7.055008,95.205839,4,medium_research_only,SAME_ROLE_ONLY;RESEARCH_ONLY;SAMPLE_TOO_SMALL_LOCAL_11_MATCHES_NOT_PRODUCTION_READY,True,False
MID,138862,Abderrahmane Kassak,323979,Zakaria Fatihi,91.262967,11.18296,91.262967,4,medium_research_only,SAME_ROLE_ONLY;RESEARCH_ONLY;SAMPLE_TOO_SMALL_LOCAL_11_MATCHES_NOT_PRODUCTION_READY,True,False
MID,138862,Abderrahmane Kassak,360838,Zakaria Ami,86.474239,11.682801,86.474239,4,medium_research_only,SAME_ROLE_ONLY;RESEARCH_ONLY;SAMPLE_TOO_SMALL_LOCAL_11_MATCHES_NOT_PRODUCTION_READY,True,False
MID,138862,Abderrahmane Kassak,380600,Mouad Goulouss,94.957502,9.390291,94.957502,4,medium_research_only,SAME_ROLE_ONLY;RESEARCH_ONLY;SAMPLE_TOO_SMALL_LOCAL_11_MATCHES_NOT_PRODUCTION_READY,True,False
MID,138862,Abderrahmane Kassak,381935,Ismail Mihrab,91.587895,9.285112,91.587895,4,medium_research_only,SAME_ROLE_ONLY;RESEARCH_ONLY;SAMPLE_TOO_SMALL_LOCAL_11_MATCHES_NOT_PRODUCTION_READY,True,False
MID,138862,Abderrahmane Kassak,396748,Youssef Laghzal,85.068111,12.092646,85.068111,4,medium_research_only,SAME_ROLE_ONLY;RESEARCH_ONLY;SAMPLE_TOO_SMALL_LOCAL_11_MATCHES_NOT_PRODUCTION_READY,True,False
MID,138862,Abderrahmane Kassak,405645,Othmane Chraibi,91.927309,12.634137,91.927309,4,medium_research_only,SAME_ROLE_ONLY;RESEARCH_ONLY;SAMPLE_TOO_SMALL_LOCAL_11_MATCHES_NOT_PRODUCTION_READY,True,False
MID,138862,Abderrahmane Kassak,406269,Danilson Gomes Tavares,92.803006,8.832374,92.803006,4,medium_research_only,SAME_ROLE_ONLY;RESEARCH_ONLY;SAMPLE_TOO_SMALL_LOCAL_11_MATCHES_NOT_PRODUCTION_READY,True,False
MID,138862,Abderrahmane Kassak,407207,Ennaama El Bellali,93.354068,8.523125,93.354068,4,medium_research_only,SAME_ROLE_ONLY;RESEARCH_ONLY;SAMPLE_TOO_SMALL_LOCAL_11_MATCHES_NOT_PRODUCTION_READY,True,False
MID,138862,Abderrahmane Kassak,407506,Oussama Nourdine,87.779876,11.500875,87.779876,4,medium_research_only,SAME_ROLE_ONLY;RESEARCH_ONLY;SAMPLE_TOO_SMALL_LOCAL_11_MATCHES_NOT_PRODUCTION_READY,True,False
MID,138862,Abderrahmane Kassak,407852,Abdessamad Mahir,90.583881,9.603579,90.583881,4,medium_research_only,SAME_ROLE_ONLY;RESEARCH_ONLY;SAMPLE_TOO_SMALL_LOCAL_11_MATCHES_NOT_PRODUCTION_READY,True,False
MID,138862,Abderrahmane Kassak,415853,Claude Gnolou,91.353513,9.662549,91.353513,4,medium_research_only,SAME_ROLE_ONLY;RESEARCH_ONLY;SAMPLE_TOO_SMALL_LOCAL_11_MATCHES_NOT_PRODUCTION_READY,True,False
MID,138862,Abderrahmane Kassak,416303,El Mahdi Akoumi,94.183596,8.626797,94.183596,4,medium_research_only,SAME_ROLE_ONLY;RESEARCH_ONLY;SAMPLE_TOO_SMALL_LOCAL_11_MATCHES_NOT_PRODUCTION_READY,True,False
MID,138862,Abderrahmane Kassak,424979,Soufiane Tazi,96.097813,7.055903,96.097813,4,medium_research_only,SAME_ROLE_ONLY;RESEARCH_ONLY;SAMPLE_TOO_SMALL_LOCAL_11_MATCHES_NOT_PRODUCTION_READY,True,False
MID,138862,Abderrahmane Kassak,442288,Adnane Berdad,93.349647,8.040501,93.349647,4,medium_research_only,SAME_ROLE_ONLY;RESEARCH_ONLY;SAMPLE_TOO_SMALL_LOCAL_11_MATCHES_NOT_PRODUCTION_READY,True,False
MID,138862,Abderrahmane Kassak,442292,Abdellatif El Bajjani,94.192654,8.018912,94.192654,4,medium_research_only,SAME_ROLE_ONLY;RESEARCH_ONLY;SAMPLE_TOO_SMALL_LOCAL_11_MATCHES_NOT_PRODUCTION_READY,True,False
MID,138862,Abderrahmane Kassak,443951,Youness Akharraz,90.094813,9.816756,90.094813,4,medium_research_only,SAME_ROLE_ONLY;RESEARCH_ONLY;SAMPLE_TOO_SMALL_LOCAL_11_MATCHES_NOT_PRODUCTION_READY,True,False
MID,138862,Abderrahmane Kassak,445163,Ayoub Maamouri,96.96846,9.390118,96.96846,4,medium_research_only,SAME_ROLE_ONLY;RESEARCH_ONLY;SAMPLE_TOO_SMALL_LOCAL_11_MATCHES_NOT_PRODUCTION_READY,True,False
MID,138862,Abderrahmane Kassak,446355,Ishak Zidani,94.885303,7.155348,94.885303,4,medium_research_only,SAME_ROLE_ONLY;RESEARCH_ONLY;SAMPLE_TOO_SMALL_LOCAL_11_MATCHES_NOT_PRODUCTION_READY,True,False
MID,138862,Abderrahmane Kassak,449373,Marouane Oujeddou,99.243269,4.693341,99.243269,4,medium_research_only,SAME_ROLE_ONLY;RESEARCH_ONLY;SAMPLE_TOO_SMALL_LOCAL_11_MATCHES_NOT_PRODUCTION_READY,True,False
MID,138862,Abderrahmane Kassak,449471,Ayman Tarrazi,89.332988,9.983589,89.332988,4,medium_research_only,SAME_ROLE_ONLY;RESEARCH_ONLY;SAMPLE_TOO_SMALL_LOCAL_11_MATCHES_NOT_PRODUCTION_READY,True,False
MID,138862,Abderrahmane Kassak,450709,Joseph Bakasu       ,90.36537,9.765958,90.36537,4,medium_research_only,SAME_ROLE_ONLY;RESEARCH_ONLY;SAMPLE_TOO_SMALL_LOCAL_11_MATCHES_NOT_PRODUCTION_READY,True,False
MID,138862,Abderrahmane Kassak,460266,Youness Dahmani,79.339282,13.308887,79.339282,4,medium_research_only,SAME_ROLE_ONLY;RESEARCH_ONLY;SAMPLE_TOO_SMALL_LOCAL_11_MATCHES_NOT_PRODUCTION_READY,True,False
MID,138862,Abderrahmane Kassak,477679,Redouane Oubidar,87.94616,11.423137,87.94616,4,medium_research_only,SAME_ROLE_ONLY;RESEARCH_ONLY;SAMPLE_TOO_SMALL_LOCAL_11_MATCHES_NOT_PRODUCTION_READY,True,False
MID,138862,Abderrahmane Kassak,477680,Hamza Saoud,94.330327,10.730007,94.330327,4,medium_research_only,SAME_ROLE_ONLY;RESEARCH_ONLY;SAMPLE_TOO_SMALL_LOCAL_11_MATCHES_NOT_PRODUCTION_READY,True,False
MID,138862,Abderrahmane Kassak,477682,Ayoub Benaadi,99.84761,1.870663,99.84761,4,medium_research_only,SAME_ROLE_ONLY;RESEARCH_ONLY;SAMPLE_TOO_SMALL_LOCAL_11_MATCHES_NOT_PRODUCTION_READY,True,False
MID,138862,Abderrahmane Kassak,477688,Ayoub El Khaffi,90.6544,14.681307,90.6544,4,medium_research_only,SAME_ROLE_ONLY;RESEARCH_ONLY;SAMPLE_TOO_SMALL_LOCAL_11_MATCHES_NOT_PRODUCTION_READY,True,False
MID,138862,Abderrahmane Kassak,523298,Mohamed Ahayaoui,93.334572,9.46395,93.334572,4,medium_research_only,SAME_ROLE_ONLY;RESEARCH_ONLY;SAMPLE_TOO_SMALL_LOCAL_11_MATCHES_NOT_PRODUCTION_READY,True,False
MID,138862,Abderrahmane Kassak,523308,Adil Khalloufi,90.666299,10.51153,90.666299,4,medium_research_only,SAME_ROLE_ONLY;RESEARCH_ONLY;SAMPLE_TOO_SMALL_LOCAL_11_MATCHES_NOT_PRODUCTION_READY,True,False
MID,138862,Abderrahmane Kassak,523312,Brahim Mansouri,98.012575,4.496333,98.012575,4,medium_research_only,SAME_ROLE_ONLY;RESEARCH_ONLY;SAMPLE_TOO_SMALL_LOCAL_11_MATCHES_NOT_PRODUCTION_READY,True,False
MID,138862,Abderrahmane Kassak,523319,Omar Ouddah,87.919014,12.742127,87.919014,4,medium_research_only,SAME_ROLE_ONLY;RESEARCH_ONLY;SAMPLE_TOO_SMALL_LOCAL_11_MATCHES_NOT_PRODUCTION_READY,True,False
MID,138862,Abderrahmane Kassak,523973,Hamza Rafa,90.733106,9.95964,90.733106,4,medium_research_only,SAME_ROLE_ONLY;RESEARCH_ONLY;SAMPLE_TOO_SMALL_LOCAL_11_MATCHES_NOT_PRODUCTION_READY,True,False
MID,138862,Abderrahmane Kassak,523996,Fred Duval Ngoma,90.545681,10.082696,90.545681,4,medium_research_only,SAME_ROLE_ONLY;RESEARCH_ONLY;SAMPLE_TOO_SMALL_LOCAL_11_MATCHES_NOT_PRODUCTION_READY,True,False
MID,138862,Abderrahmane Kassak,523997,Karim L'Koucha,91.493253,9.596345,91.493253,4,medium_research_only,SAME_ROLE_ONLY;RESEARCH_ONLY;SAMPLE_TOO_SMALL_LOCAL_11_MATCHES_NOT_PRODUCTION_READY,True,False
MID,138862,Abderrahmane Kassak,523999,Zakaria Kessary,96.068906,6.85598,96.068906,4,medium_research_only,SAME_ROLE_ONLY;RESEARCH_ONLY;SAMPLE_TOO_SMALL_LOCAL_11_MATCHES_NOT_PRODUCTION_READY,True,False
MID,138862,Abderrahmane Kassak,524000,Ahmed Aboulfath,88.629938,10.272537,88.629938,4,medium_research_only,SAME_ROLE_ONLY;RESEARCH_ONLY;SAMPLE_TOO_SMALL_LOCAL_11_MATCHES_NOT_PRODUCTION_READY,True,False
MID,138862,Abderrahmane Kassak,524002,Salim Ghazzani,97.08195,10.030651,97.08195,4,medium_research_only,SAME_ROLE_ONLY;RESEARCH_ONLY;SAMPLE_TOO_SMALL_LOCAL_11_MATCHES_NOT_PRODUCTION_READY,True,False
MID,138862,Abderrahmane Kassak,524003,Mohammed Es-Sahel,88.114107,10.558318,88.114107,4,medium_research_only,SAME_ROLE_ONLY;RESEARCH_ONLY;SAMPLE_TOO_SMALL_LOCAL_11_MATCHES_NOT_PRODUCTION_READY,True,False
MID,138862,Abderrahmane Kassak,524511,Saad Nassik,91.31477,9.142441,91.31477,4,medium_research_only,SAME_ROLE_ONLY;RESEARCH_ONLY;SAMPLE_TOO_SMALL_LOCAL_11_MATCHES_NOT_PRODUCTION_READY,True,False
MID,138872,Oussama Mahrous,138873,Abdelghafour Lamirat,98.615212,5.402716,98.615212,4,medium_research_only,SAME_ROLE_ONLY;RESEARCH_ONLY;SAMPLE_TOO_SMALL_LOCAL_11_MATCHES_NOT_PRODUCTION_READY,True,False
MID,138872,Oussama Mahrous,138877,Saleh Al Sellami,99.211952,2.588371,99.211952,4,medium_research_only,SAME_ROLE_ONLY;RESEARCH_ONLY;SAMPLE_TOO_SMALL_LOCAL_11_MATCHES_NOT_PRODUCTION_READY,True,False
MID,138872,Oussama Mahrous,138895,Abdelfattah Hadraf,83.846157,16.45743,83.846157,4,medium_research_only,SAME_ROLE_ONLY;RESEARCH_ONLY;SAMPLE_TOO_SMALL_LOCAL_11_MATCHES_NOT_PRODUCTION_READY,True,False
MID,138872,Oussama Mahrous,138898,Ahmed Chentouf,84.455919,21.453433,84.455919,4,medium_research_only,SAME_ROLE_ONLY;RESEARCH_ONLY;SAMPLE_TOO_SMALL_LOCAL_11_MATCHES_NOT_PRODUCTION_READY,True,False
MID,138872,Oussama Mahrous,138983,Zine Eddine Derrag,97.774938,6.346524,97.774938,4,medium_research_only,SAME_ROLE_ONLY;RESEARCH_ONLY;SAMPLE_TOO_SMALL_LOCAL_11_MATCHES_NOT_PRODUCTION_READY,True,False
MID,138872,Oussama Mahrous,139545,Mohammad El Fakih,94.291418,9.204484,94.291418,4,medium_research_only,SAME_ROLE_ONLY;RESEARCH_ONLY;SAMPLE_TOO_SMALL_LOCAL_11_MATCHES_NOT_PRODUCTION_READY,True,False
MID,138872,Oussama Mahrous,139554,Abdoulaye Diarra,99.543899,3.708493,99.543899,4,medium_research_only,SAME_ROLE_ONLY;RESEARCH_ONLY;SAMPLE_TOO_SMALL_LOCAL_11_MATCHES_NOT_PRODUCTION_READY,True,False
MID,138872,Oussama Mahrous,139565,Larbi Naji,99.022161,2.811783,99.022161,4,medium_research_only,SAME_ROLE_ONLY;RESEARCH_ONLY;SAMPLE_TOO_SMALL_LOCAL_11_MATCHES_NOT_PRODUCTION_READY,True,False
MID,138872,Oussama Mahrous,139568,Youssef Zghoudi,98.50753,6.343041,98.50753,4,medium_research_only,SAME_ROLE_ONLY;RESEARCH_ONLY;SAMPLE_TOO_SMALL_LOCAL_11_MATCHES_NOT_PRODUCTION_READY,True,False
MID,138872,Oussama Mahrous,139570,Brahim El Bahraoui,99.149769,11.081803,99.149769,4,medium_research_only,SAME_ROLE_ONLY;RESEARCH_ONLY;SAMPLE_TOO_SMALL_LOCAL_11_MATCHES_NOT_PRODUCTION_READY,True,False
MID,138872,Oussama Mahrous,140871,Khalid Ait Ouarkhane,96.408922,5.301143,96.408922,4,medium_research_only,SAME_ROLE_ONLY;RESEARCH_ONLY;SAMPLE_TOO_SMALL_LOCAL_11_MATCHES_NOT_PRODUCTION_READY,True,False
MID,138872,Oussama Mahrous,140872,Mohamed Rabie Hrimat,97.483341,5.889641,97.483341,4,medium_research_only,SAME_ROLE_ONLY;RESEARCH_ONLY;SAMPLE_TOO_SMALL_LOCAL_11_MATCHES_NOT_PRODUCTION_READY,True,False
MID,138872,Oussama Mahrous,141254,Hamza Afsal,94.633186,6.40705,94.633186,4,medium_research_only,SAME_ROLE_ONLY;RESEARCH_ONLY;SAMPLE_TOO_SMALL_LOCAL_11_MATCHES_NOT_PRODUCTION_READY,True,False
MID,138872,Oussama Mahrous,143166,Zakaria Fati,99.137871,2.881368,99.137871,4,medium_research_only,SAME_ROLE_ONLY;RESEARCH_ONLY;SAMPLE_TOO_SMALL_LOCAL_11_MATCHES_NOT_PRODUCTION_READY,True,False
MID,138872,Oussama Mahrous,143490,Ahmed Hammoudan,96.838812,5.202312,96.838812,4,medium_research_only,SAME_ROLE_ONLY;RESEARCH_ONLY;SAMPLE_TOO_SMALL_LOCAL_11_MATCHES_NOT_PRODUCTION_READY,True,False
MID,138872,Oussama Mahrous,143505,Mohamed Morabit,91.841127,8.811648,91.841127,4,medium_research_only,SAME_ROLE_ONLY;RESEARCH_ONLY;SAMPLE_TOO_SMALL_LOCAL_11_MATCHES_NOT_PRODUCTION_READY,True,False
MID,138872,Oussama Mahrous,144434,Ismail Moutaraji,98.397538,9.329167,98.397538,4,medium_research_only,SAME_ROLE_ONLY;RESEARCH_ONLY;SAMPLE_TOO_SMALL_LOCAL_11_MATCHES_NOT_PRODUCTION_READY,True,False
MID,138872,Oussama Mahrous,144436,Anas Serrhat,99.979871,5.448577,99.979871,4,medium_research_only,SAME_ROLE_ONLY;RESEARCH_ONLY;SAMPLE_TOO_SMALL_LOCAL_11_MATCHES_NOT_PRODUCTION_READY,True,False
MID,138872,Oussama Mahrous,149135,Moses Orkuma,98.69105,4.181732,98.69105,4,medium_research_only,SAME_ROLE_ONLY;RESEARCH_ONLY;SAMPLE_TOO_SMALL_LOCAL_11_MATCHES_NOT_PRODUCTION_READY,True,False
MID,138872,Oussama Mahrous,151743,Mohamed Al Makahasi,99.333485,2.893537,99.333485,4,medium_research_only,SAME_ROLE_ONLY;RESEARCH_ONLY;SAMPLE_TOO_SMALL_LOCAL_11_MATCHES_NOT_PRODUCTION_READY,True,False
MID,138872,Oussama Mahrous,154668,Mamadou Lamine Camara,99.922579,3.034899,99.922579,4,medium_research_only,SAME_ROLE_ONLY;RESEARCH_ONLY;SAMPLE_TOO_SMALL_LOCAL_11_MATCHES_NOT_PRODUCTION_READY,True,False
MID,138872,Oussama Mahrous,161352,Salaheddine Errahouli,95.128148,6.24854,95.128148,4,medium_research_only,SAME_ROLE_ONLY;RESEARCH_ONLY;SAMPLE_TOO_SMALL_LOCAL_11_MATCHES_NOT_PRODUCTION_READY,True,False
MID,138872,Oussama Mahrous,183765,Mohammed Amine Essahel,98.13527,4.182882,98.13527,4,medium_research_only,SAME_ROLE_ONLY;RESEARCH_ONLY;SAMPLE_TOO_SMALL_LOCAL_11_MATCHES_NOT_PRODUCTION_READY,True,False
MID,138872,Oussama Mahrous,194809,Oussama Zemraoui,97.776648,5.963529,97.776648,4,medium_research_only,SAME_ROLE_ONLY;RESEARCH_ONLY;SAMPLE_TOO_SMALL_LOCAL_11_MATCHES_NOT_PRODUCTION_READY,True,False
MID,138872,Oussama Mahrous,194912,Faouzi Abd El Mouttalib,99.189004,2.538478,99.189004,4,medium_research_only,SAME_ROLE_ONLY;RESEARCH_ONLY;SAMPLE_TOO_SMALL_LOCAL_11_MATCHES_NOT_PRODUCTION_READY,True,False
MID,138872,Oussama Mahrous,195016,Mouad Mouchtanim,99.554362,3.887626,99.554362,4,medium_research_only,SAME_ROLE_ONLY;RESEARCH_ONLY;SAMPLE_TOO_SMALL_LOCAL_11_MATCHES_NOT_PRODUCTION_READY,True,False
MID,138872,Oussama Mahrous,199611,Youssef Mehri,96.326289,5.899189,96.326289,4,medium_research_only,SAME_ROLE_ONLY;RESEARCH_ONLY;SAMPLE_TOO_SMALL_LOCAL_11_MATCHES_NOT_PRODUCTION_READY,True,False
MID,138872,Oussama Mahrous,203027,Walid Rhailouf,99.187329,4.882702,99.187329,4,medium_research_only,SAME_ROLE_ONLY;RESEARCH_ONLY;SAMPLE_TOO_SMALL_LOCAL_11_MATCHES_NOT_PRODUCTION_READY,True,False
MID,138872,Oussama Mahrous,225437,Stephane Aziz Ki,97.665691,6.47047,97.665691,4,medium_research_only,SAME_ROLE_ONLY;RESEARCH_ONLY;SAMPLE_TOO_SMALL_LOCAL_11_MATCHES_NOT_PRODUCTION_READY,True,False
MID,138872,Oussama Mahrous,261620,Nadir Lougmani,98.036709,5.247602,98.036709,4,medium_research_only,SAME_ROLE_ONLY;RESEARCH_ONLY;SAMPLE_TOO_SMALL_LOCAL_11_MATCHES_NOT_PRODUCTION_READY,True,False
MID,138872,Oussama Mahrous,275341,Yazid Faffa,99.456265,2.863947,99.456265,4,medium_research_only,SAME_ROLE_ONLY;RESEARCH_ONLY;SAMPLE_TOO_SMALL_LOCAL_11_MATCHES_NOT_PRODUCTION_READY,True,False
MID,138872,Oussama Mahrous,312935,Amine Azri,98.964377,3.692597,98.964377,4,medium_research_only,SAME_ROLE_ONLY;RESEARCH_ONLY;SAMPLE_TOO_SMALL_LOCAL_11_MATCHES_NOT_PRODUCTION_READY,True,False
MID,138872,Oussama Mahrous,313277,Mohamed Chemlal,88.927228,27.739714,88.927228,4,medium_research_only,SAME_ROLE_ONLY;RESEARCH_ONLY;SAMPLE_TOO_SMALL_LOCAL_11_MATCHES_NOT_PRODUCTION_READY,True,False
MID,138872,Oussama Mahrous,313284,Achraf Harmach,98.888488,2.971324,98.888488,4,medium_research_only,SAME_ROLE_ONLY;RESEARCH_ONLY;SAMPLE_TOO_SMALL_LOCAL_11_MATCHES_NOT_PRODUCTION_READY,True,False
MID,138872,Oussama Mahrous,314460,Ayoub Bouaadli,99.630449,2.696318,99.630449,4,medium_research_only,SAME_ROLE_ONLY;RESEARCH_ONLY;SAMPLE_TOO_SMALL_LOCAL_11_MATCHES_NOT_PRODUCTION_READY,True,False
MID,138872,Oussama Mahrous,323979,Zakaria Fatihi,96.400327,8.503704,96.400327,4,medium_research_only,SAME_ROLE_ONLY;RESEARCH_ONLY;SAMPLE_TOO_SMALL_LOCAL_11_MATCHES_NOT_PRODUCTION_READY,True,False
MID,138872,Oussama Mahrous,360838,Zakaria Ami,87.497058,9.747644,87.497058,4,medium_research_only,SAME_ROLE_ONLY;RESEARCH_ONLY;SAMPLE_TOO_SMALL_LOCAL_11_MATCHES_NOT_PRODUCTION_READY,True,False
MID,138872,Oussama Mahrous,380600,Mouad Goulouss,99.634417,6.00649,99.634417,4,medium_research_only,SAME_ROLE_ONLY;RESEARCH_ONLY;SAMPLE_TOO_SMALL_LOCAL_11_MATCHES_NOT_PRODUCTION_READY,True,False
MID,138872,Oussama Mahrous,381935,Ismail Mihrab,98.130765,4.696906,98.130765,4,medium_research_only,SAME_ROLE_ONLY;RESEARCH_ONLY;SAMPLE_TOO_SMALL_LOCAL_11_MATCHES_NOT_PRODUCTION_READY,True,False
MID,138872,Oussama Mahrous,396748,Youssef Laghzal,95.219065,8.024533,95.219065,4,medium_research_only,SAME_ROLE_ONLY;RESEARCH_ONLY;SAMPLE_TOO_SMALL_LOCAL_11_MATCHES_NOT_PRODUCTION_READY,True,False
MID,138872,Oussama Mahrous,405645,Othmane Chraibi,97.964329,9.874718,97.964329,4,medium_research_only,SAME_ROLE_ONLY;RESEARCH_ONLY;SAMPLE_TOO_SMALL_LOCAL_11_MATCHES_NOT_PRODUCTION_READY,True,False
MID,138872,Oussama Mahrous,406269,Danilson Gomes Tavares,98.878235,4.217142,98.878235,4,medium_research_only,SAME_ROLE_ONLY;RESEARCH_ONLY;SAMPLE_TOO_SMALL_LOCAL_11_MATCHES_NOT_PRODUCTION_READY,True,False
MID,138872,Oussama Mahrous,407207,Ennaama El Bellali,99.155036,3.916922,99.155036,4,medium_research_only,SAME_ROLE_ONLY;RESEARCH_ONLY;SAMPLE_TOO_SMALL_LOCAL_11_MATCHES_NOT_PRODUCTION_READY,True,False
MID,138872,Oussama Mahrous,407506,Oussama Nourdine,97.422989,5.587286,97.422989,4,medium_research_only,SAME_ROLE_ONLY;RESEARCH_ONLY;SAMPLE_TOO_SMALL_LOCAL_11_MATCHES_NOT_PRODUCTION_READY,True,False
MID,138872,Oussama Mahrous,407852,Abdessamad Mahir,98.178487,4.025107,98.178487,4,medium_research_only,SAME_ROLE_ONLY;RESEARCH_ONLY;SAMPLE_TOO_SMALL_LOCAL_11_MATCHES_NOT_PRODUCTION_READY,True,False
MID,138872,Oussama Mahrous,415853,Claude Gnolou,99.026952,3.966578,99.026952,4,medium_research_only,SAME_ROLE_ONLY;RESEARCH_ONLY;SAMPLE_TOO_SMALL_LOCAL_11_MATCHES_NOT_PRODUCTION_READY,True,False
MID,138872,Oussama Mahrous,416303,El Mahdi Akoumi,99.302648,4.55743,99.302648,4,medium_research_only,SAME_ROLE_ONLY;RESEARCH_ONLY;SAMPLE_TOO_SMALL_LOCAL_11_MATCHES_NOT_PRODUCTION_READY,True,False
MID,138872,Oussama Mahrous,424979,Soufiane Tazi,99.493215,4.610767,99.493215,4,medium_research_only,SAME_ROLE_ONLY;RESEARCH_ONLY;SAMPLE_TOO_SMALL_LOCAL_11_MATCHES_NOT_PRODUCTION_READY,True,False
MID,138872,Oussama Mahrous,442288,Adnane Berdad,99.616592,1.832285,99.616592,4,medium_research_only,SAME_ROLE_ONLY;RESEARCH_ONLY;SAMPLE_TOO_SMALL_LOCAL_11_MATCHES_NOT_PRODUCTION_READY,True,False
MID,138872,Oussama Mahrous,442292,Abdellatif El Bajjani,99.071878,4.122273,99.071878,4,medium_research_only,SAME_ROLE_ONLY;RESEARCH_ONLY;SAMPLE_TOO_SMALL_LOCAL_11_MATCHES_NOT_PRODUCTION_READY,True,False
MID,138872,Oussama Mahrous,443951,Youness Akharraz,97.143528,5.268128,97.143528,4,medium_research_only,SAME_ROLE_ONLY;RESEARCH_ONLY;SAMPLE_TOO_SMALL_LOCAL_11_MATCHES_NOT_PRODUCTION_READY,True,False
MID,138872,Oussama Mahrous,445163,Ayoub Maamouri,93.875363,8.349886,93.875363,4,medium_research_only,SAME_ROLE_ONLY;RESEARCH_ONLY;SAMPLE_TOO_SMALL_LOCAL_11_MATCHES_NOT_PRODUCTION_READY,True,False
MID,138872,Oussama Mahrous,446355,Ishak Zidani,98.835135,3.414562,98.835135,4,medium_research_only,SAME_ROLE_ONLY;RESEARCH_ONLY;SAMPLE_TOO_SMALL_LOCAL_11_MATCHES_NOT_PRODUCTION_READY,True,False
MID,138872,Oussama Mahrous,449373,Marouane Oujeddou,97.96851,4.253757,97.96851,4,medium_research_only,SAME_ROLE_ONLY;RESEARCH_ONLY;SAMPLE_TOO_SMALL_LOCAL_11_MATCHES_NOT_PRODUCTION_READY,True,False
MID,138872,Oussama Mahrous,449471,Ayman Tarrazi,98.250669,4.150907,98.250669,4,medium_research_only,SAME_ROLE_ONLY;RESEARCH_ONLY;SAMPLE_TOO_SMALL_LOCAL_11_MATCHES_NOT_PRODUCTION_READY,True,False
MID,138872,Oussama Mahrous,450709,Joseph Bakasu       ,97.693913,4.594602,97.693913,4,medium_research_only,SAME_ROLE_ONLY;RESEARCH_ONLY;SAMPLE_TOO_SMALL_LOCAL_11_MATCHES_NOT_PRODUCTION_READY,True,False
MID,138872,Oussama Mahrous,460266,Youness Dahmani,82.754388,10.964004,82.754388,4,medium_research_only,SAME_ROLE_ONLY;RESEARCH_ONLY;SAMPLE_TOO_SMALL_LOCAL_11_MATCHES_NOT_PRODUCTION_READY,True,False
MID,138872,Oussama Mahrous,477679,Redouane Oubidar,96.490368,6.329455,96.490368,4,medium_research_only,SAME_ROLE_ONLY;RESEARCH_ONLY;SAMPLE_TOO_SMALL_LOCAL_11_MATCHES_NOT_PRODUCTION_READY,True,False
MID,138872,Oussama Mahrous,477680,Hamza Saoud,97.828117,9.425946,97.828117,4,medium_research_only,SAME_ROLE_ONLY;RESEARCH_ONLY;SAMPLE_TOO_SMALL_LOCAL_11_MATCHES_NOT_PRODUCTION_READY,True,False
MID,138872,Oussama Mahrous,477682,Ayoub Benaadi,97.350682,4.718692,97.350682,4,medium_research_only,SAME_ROLE_ONLY;RESEARCH_ONLY;SAMPLE_TOO_SMALL_LOCAL_11_MATCHES_NOT_PRODUCTION_READY,True,False
MID,138872,Oussama Mahrous,477688,Ayoub El Khaffi,98.362761,11.301272,98.362761,4,medium_research_only,SAME_ROLE_ONLY;RESEARCH_ONLY;SAMPLE_TOO_SMALL_LOCAL_11_MATCHES_NOT_PRODUCTION_READY,True,False
MID,138872,Oussama Mahrous,523298,Mohamed Ahayaoui,99.482584,5.365418,99.482584,4,medium_research_only,SAME_ROLE_ONLY;RESEARCH_ONLY;SAMPLE_TOO_SMALL_LOCAL_11_MATCHES_NOT_PRODUCTION_READY,True,False
MID,138872,Oussama Mahrous,523308,Adil Khalloufi,98.678233,5.216312,98.678233,4,medium_research_only,SAME_ROLE_ONLY;RESEARCH_ONLY;SAMPLE_TOO_SMALL_LOCAL_11_MATCHES_NOT_PRODUCTION_READY,True,False
MID,138872,Oussama Mahrous,523312,Brahim Mansouri,92.628862,8.168072,92.628862,4,medium_research_only,SAME_ROLE_ONLY;RESEARCH_ONLY;SAMPLE_TOO_SMALL_LOCAL_11_MATCHES_NOT_PRODUCTION_READY,True,False
MID,138872,Oussama Mahrous,523319,Omar Ouddah,97.321615,7.582502,97.321615,4,medium_research_only,SAME_ROLE_ONLY;RESEARCH_ONLY;SAMPLE_TOO_SMALL_LOCAL_11_MATCHES_NOT_PRODUCTION_READY,True,False
MID,138872,Oussama Mahrous,523973,Hamza Rafa,97.530251,5.394558,97.530251,4,medium_research_only,SAME_ROLE_ONLY;RESEARCH_ONLY;SAMPLE_TOO_SMALL_LOCAL_11_MATCHES_NOT_PRODUCTION_READY,True,False
MID,138872,Oussama Mahrous,523996,Fred Duval Ngoma,97.77043,5.220648,97.77043,4,medium_research_only,SAME_ROLE_ONLY;RESEARCH_ONLY;SAMPLE_TOO_SMALL_LOCAL_11_MATCHES_NOT_PRODUCTION_READY,True,False
MID,138872,Oussama Mahrous,523997,Karim L'Koucha,99.06306,4.73691,99.06306,4,medium_research_only,SAME_ROLE_ONLY;RESEARCH_ONLY;SAMPLE_TOO_SMALL_LOCAL_11_MATCHES_NOT_PRODUCTION_READY,True,False
MID,138872,Oussama Mahrous,523999,Zakaria Kessary,99.003917,4.707276,99.003917,4,medium_research_only,SAME_ROLE_ONLY;RESEARCH_ONLY;SAMPLE_TOO_SMALL_LOCAL_11_MATCHES_NOT_PRODUCTION_READY,True,False
MID,138872,Oussama Mahrous,524000,Ahmed Aboulfath,92.505873,7.466701,92.505873,4,medium_research_only,SAME_ROLE_ONLY;RESEARCH_ONLY;SAMPLE_TOO_SMALL_LOCAL_11_MATCHES_NOT_PRODUCTION_READY,True,False
MID,138872,Oussama Mahrous,524002,Salim Ghazzani,93.545525,13.257792,93.545525,4,medium_research_only,SAME_ROLE_ONLY;RESEARCH_ONLY;SAMPLE_TOO_SMALL_LOCAL_11_MATCHES_NOT_PRODUCTION_READY,True,False
MID,138872,Oussama Mahrous,524003,Mohammed Es-Sahel,97.385523,4.546094,97.385523,4,medium_research_only,SAME_ROLE_ONLY;RESEARCH_ONLY;SAMPLE_TOO_SMALL_LOCAL_11_MATCHES_NOT_PRODUCTION_READY,True,False
MID,138872,Oussama Mahrous,524511,Saad Nassik,98.685043,3.291804,98.685043,4,medium_research_only,SAME_ROLE_ONLY;RESEARCH_ONLY;SAMPLE_TOO_SMALL_LOCAL_11_MATCHES_NOT_PRODUCTION_READY,True,False
MID,138873,Abdelghafour Lamirat,138877,Saleh Al Sellami,97.49624,6.83399,97.49624,4,medium_research_only,SAME_ROLE_ONLY;RESEARCH_ONLY;SAMPLE_TOO_SMALL_LOCAL_11_MATCHES_NOT_PRODUCTION_READY,True,False
MID,138873,Abdelghafour Lamirat,138895,Abdelfattah Hadraf,79.481032,18.671658,79.481032,4,medium_research_only,SAME_ROLE_ONLY;RESEARCH_ONLY;SAMPLE_TOO_SMALL_LOCAL_11_MATCHES_NOT_PRODUCTION_READY,True,False
MID,138873,Abdelghafour Lamirat,138898,Ahmed Chentouf,83.136752,21.431552,83.136752,4,medium_research_only,SAME_ROLE_ONLY;RESEARCH_ONLY;SAMPLE_TOO_SMALL_LOCAL_11_MATCHES_NOT_PRODUCTION_READY,True,False
MID,138873,Abdelghafour Lamirat,138983,Zine Eddine Derrag,99.535715,2.489305,99.535715,4,medium_research_only,SAME_ROLE_ONLY;RESEARCH_ONLY;SAMPLE_TOO_SMALL_LOCAL_11_MATCHES_NOT_PRODUCTION_READY,True,False
MID,138873,Abdelghafour Lamirat,139545,Mohammad El Fakih,88.708698,12.466792,88.708698,4,medium_research_only,SAME_ROLE_ONLY;RESEARCH_ONLY;SAMPLE_TOO_SMALL_LOCAL_11_MATCHES_NOT_PRODUCTION_READY,True,False
MID,138873,Abdelghafour Lamirat,139554,Abdoulaye Diarra,99.573656,7.420759,99.573656,4,medium_research_only,SAME_ROLE_ONLY;RESEARCH_ONLY;SAMPLE_TOO_SMALL_LOCAL_11_MATCHES_NOT_PRODUCTION_READY,True,False
MID,138873,Abdelghafour Lamirat,139565,Larbi Naji,98.849258,5.093284,98.849258,4,medium_research_only,SAME_ROLE_ONLY;RESEARCH_ONLY;SAMPLE_TOO_SMALL_LOCAL_11_MATCHES_NOT_PRODUCTION_READY,True,False
MID,138873,Abdelghafour Lamirat,139568,Youssef Zghoudi,99.886282,9.676492,99.886282,4,medium_research_only,SAME_ROLE_ONLY;RESEARCH_ONLY;SAMPLE_TOO_SMALL_LOCAL_11_MATCHES_NOT_PRODUCTION_READY,True,False
MID,138873,Abdelghafour Lamirat,139570,Brahim El Bahraoui,95.6491,15.221825,95.6491,4,medium_research_only,SAME_ROLE_ONLY;RESEARCH_ONLY;SAMPLE_TOO_SMALL_LOCAL_11_MATCHES_NOT_PRODUCTION_READY,True,False
MID,138873,Abdelghafour Lamirat,140871,Khalid Ait Ouarkhane,91.731591,10.008212,91.731591,4,medium_research_only,SAME_ROLE_ONLY;RESEARCH_ONLY;SAMPLE_TOO_SMALL_LOCAL_11_MATCHES_NOT_PRODUCTION_READY,True,False
MID,138873,Abdelghafour Lamirat,140872,Mohamed Rabie Hrimat,94.888726,8.018006,94.888726,4,medium_research_only,SAME_ROLE_ONLY;RESEARCH_ONLY;SAMPLE_TOO_SMALL_LOCAL_11_MATCHES_NOT_PRODUCTION_READY,True,False
MID,138873,Abdelghafour Lamirat,141254,Hamza Afsal,90.638105,10.588324,90.638105,4,medium_research_only,SAME_ROLE_ONLY;RESEARCH_ONLY;SAMPLE_TOO_SMALL_LOCAL_11_MATCHES_NOT_PRODUCTION_READY,True,False
MID,138873,Abdelghafour Lamirat,143166,Zakaria Fati,99.11165,4.262925,99.11165,4,medium_research_only,SAME_ROLE_ONLY;RESEARCH_ONLY;SAMPLE_TOO_SMALL_LOCAL_11_MATCHES_NOT_PRODUCTION_READY,True,False
MID,138873,Abdelghafour Lamirat,143490,Ahmed Hammoudan,93.684557,8.812862,93.684557,4,medium_research_only,SAME_ROLE_ONLY;RESEARCH_ONLY;SAMPLE_TOO_SMALL_LOCAL_11_MATCHES_NOT_PRODUCTION_READY,True,False
MID,138873,Abdelghafour Lamirat,143505,Mohamed Morabit,85.78179,12.974894,85.78179,4,medium_research_only,SAME_ROLE_ONLY;RESEARCH_ONLY;SAMPLE_TOO_SMALL_LOCAL_11_MATCHES_NOT_PRODUCTION_READY,True,False
MID,138873,Abdelghafour Lamirat,144434,Ismail Moutaraji,99.765199,4.710779,99.765199,4,medium_research_only,SAME_ROLE_ONLY;RESEARCH_ONLY;SAMPLE_TOO_SMALL_LOCAL_11_MATCHES_NOT_PRODUCTION_READY,True,False
MID,138873,Abdelghafour Lamirat,144436,Anas Serrhat,98.291686,5.146527,98.291686,4,medium_research_only,SAME_ROLE_ONLY;RESEARCH_ONLY;SAMPLE_TOO_SMALL_LOCAL_11_MATCHES_NOT_PRODUCTION_READY,True,False
MID,138873,Abdelghafour Lamirat,149135,Moses Orkuma,99.764644,2.297614,99.764644,4,medium_research_only,SAME_ROLE_ONLY;RESEARCH_ONLY;SAMPLE_TOO_SMALL_LOCAL_11_MATCHES_NOT_PRODUCTION_READY,True,False
MID,138873,Abdelghafour Lamirat,151743,Mohamed Al Makahasi,98.472796,4.760028,98.472796,4,medium_research_only,SAME_ROLE_ONLY;RESEARCH_ONLY;SAMPLE_TOO_SMALL_LOCAL_11_MATCHES_NOT_PRODUCTION_READY,True,False
MID,138873,Abdelghafour Lamirat,154668,Mamadou Lamine Camara,98.171225,4.839802,98.171225,4,medium_research_only,SAME_ROLE_ONLY;RESEARCH_ONLY;SAMPLE_TOO_SMALL_LOCAL_11_MATCHES_NOT_PRODUCTION_READY,True,False
MID,138873,Abdelghafour Lamirat,161352,Salaheddine Errahouli,89.811786,10.904716,89.811786,4,medium_research_only,SAME_ROLE_ONLY;RESEARCH_ONLY;SAMPLE_TOO_SMALL_LOCAL_11_MATCHES_NOT_PRODUCTION_READY,True,False
MID,138873,Abdelghafour Lamirat,183765,Mohammed Amine Essahel,96.640282,6.667439,96.640282,4,medium_research_only,SAME_ROLE_ONLY;RESEARCH_ONLY;SAMPLE_TOO_SMALL_LOCAL_11_MATCHES_NOT_PRODUCTION_READY,True,False
MID,138873,Abdelghafour Lamirat,194809,Oussama Zemraoui,94.688411,8.253575,94.688411,4,medium_research_only,SAME_ROLE_ONLY;RESEARCH_ONLY;SAMPLE_TOO_SMALL_LOCAL_11_MATCHES_NOT_PRODUCTION_READY,True,False
MID,138873,Abdelghafour Lamirat,194912,Faouzi Abd El Mouttalib,99.187081,4.927476,99.187081,4,medium_research_only,SAME_ROLE_ONLY;RESEARCH_ONLY;SAMPLE_TOO_SMALL_LOCAL_11_MATCHES_NOT_PRODUCTION_READY,True,False
MID,138873,Abdelghafour Lamirat,195016,Mouad Mouchtanim,98.353219,4.58726,98.353219,4,medium_research_only,SAME_ROLE_ONLY;RESEARCH_ONLY;SAMPLE_TOO_SMALL_LOCAL_11_MATCHES_NOT_PRODUCTION_READY,True,False
MID,138873,Abdelghafour Lamirat,199611,Youssef Mehri,92.645688,9.412685,92.645688,4,medium_research_only,SAME_ROLE_ONLY;RESEARCH_ONLY;SAMPLE_TOO_SMALL_LOCAL_11_MATCHES_NOT_PRODUCTION_READY,True,False
MID,138873,Abdelghafour Lamirat,203027,Walid Rhailouf,98.225889,4.809093,98.225889,4,medium_research_only,SAME_ROLE_ONLY;RESEARCH_ONLY;SAMPLE_TOO_SMALL_LOCAL_11_MATCHES_NOT_PRODUCTION_READY,True,False
MID,138873,Abdelghafour Lamirat,225437,Stephane Aziz Ki,94.237229,11.146346,94.237229,4,medium_research_only,SAME_ROLE_ONLY;RESEARCH_ONLY;SAMPLE_TOO_SMALL_LOCAL_11_MATCHES_NOT_PRODUCTION_READY,True,False
MID,138873,Abdelghafour Lamirat,261620,Nadir Lougmani,98.793217,8.458979,98.793217,4,medium_research_only,SAME_ROLE_ONLY;RESEARCH_ONLY;SAMPLE_TOO_SMALL_LOCAL_11_MATCHES_NOT_PRODUCTION_READY,True,False
MID,138873,Abdelghafour Lamirat,275341,Yazid Faffa,97.612021,7.533358,97.612021,4,medium_research_only,SAME_ROLE_ONLY;RESEARCH_ONLY;SAMPLE_TOO_SMALL_LOCAL_11_MATCHES_NOT_PRODUCTION_READY,True,False
MID,138873,Abdelghafour Lamirat,312935,Amine Azri,97.440216,5.766547,97.440216,4,medium_research_only,SAME_ROLE_ONLY;RESEARCH_ONLY;SAMPLE_TOO_SMALL_LOCAL_11_MATCHES_NOT_PRODUCTION_READY,True,False
MID,138873,Abdelghafour Lamirat,313277,Mohamed Chemlal,82.126356,29.18472,82.126356,4,medium_research_only,SAME_ROLE_ONLY;RESEARCH_ONLY;SAMPLE_TOO_SMALL_LOCAL_11_MATCHES_NOT_PRODUCTION_READY,True,False
MID,138873,Abdelghafour Lamirat,313284,Achraf Harmach,99.914262,4.487872,99.914262,4,medium_research_only,SAME_ROLE_ONLY;RESEARCH_ONLY;SAMPLE_TOO_SMALL_LOCAL_11_MATCHES_NOT_PRODUCTION_READY,True,False
MID,138873,Abdelghafour Lamirat,314460,Ayoub Bouaadli,99.248229,3.517227,99.248229,4,medium_research_only,SAME_ROLE_ONLY;RESEARCH_ONLY;SAMPLE_TOO_SMALL_LOCAL_11_MATCHES_NOT_PRODUCTION_READY,True,False
MID,138873,Abdelghafour Lamirat,323979,Zakaria Fatihi,93.857225,9.52984,93.857225,4,medium_research_only,SAME_ROLE_ONLY;RESEARCH_ONLY;SAMPLE_TOO_SMALL_LOCAL_11_MATCHES_NOT_PRODUCTION_READY,True,False
MID,138873,Abdelghafour Lamirat,360838,Zakaria Ami,81.161154,14.491895,81.161154,4,medium_research_only,SAME_ROLE_ONLY;RESEARCH_ONLY;SAMPLE_TOO_SMALL_LOCAL_11_MATCHES_NOT_PRODUCTION_READY,True,False
MID,138873,Abdelghafour Lamirat,380600,Mouad Goulouss,97.872216,10.375833,97.872216,4,medium_research_only,SAME_ROLE_ONLY;RESEARCH_ONLY;SAMPLE_TOO_SMALL_LOCAL_11_MATCHES_NOT_PRODUCTION_READY,True,False
MID,138873,Abdelghafour Lamirat,381935,Ismail Mihrab,96.415833,8.886991,96.415833,4,medium_research_only,SAME_ROLE_ONLY;RESEARCH_ONLY;SAMPLE_TOO_SMALL_LOCAL_11_MATCHES_NOT_PRODUCTION_READY,True,False
MID,138873,Abdelghafour Lamirat,396748,Youssef Laghzal,95.264038,11.677673,95.264038,4,medium_research_only,SAME_ROLE_ONLY;RESEARCH_ONLY;SAMPLE_TOO_SMALL_LOCAL_11_MATCHES_NOT_PRODUCTION_READY,True,False
MID,138873,Abdelghafour Lamirat,405645,Othmane Chraibi,99.227782,5.787082,99.227782,4,medium_research_only,SAME_ROLE_ONLY;RESEARCH_ONLY;SAMPLE_TOO_SMALL_LOCAL_11_MATCHES_NOT_PRODUCTION_READY,True,False
MID,138873,Abdelghafour Lamirat,406269,Danilson Gomes Tavares,97.219693,8.56444,97.219693,4,medium_research_only,SAME_ROLE_ONLY;RESEARCH_ONLY;SAMPLE_TOO_SMALL_LOCAL_11_MATCHES_NOT_PRODUCTION_READY,True,False
MID,138873,Abdelghafour Lamirat,407207,Ennaama El Bellali,99.766149,2.058037,99.766149,4,medium_research_only,SAME_ROLE_ONLY;RESEARCH_ONLY;SAMPLE_TOO_SMALL_LOCAL_11_MATCHES_NOT_PRODUCTION_READY,True,False
MID,138873,Abdelghafour Lamirat,407506,Oussama Nourdine,98.218644,4.809377,98.218644,4,medium_research_only,SAME_ROLE_ONLY;RESEARCH_ONLY;SAMPLE_TOO_SMALL_LOCAL_11_MATCHES_NOT_PRODUCTION_READY,True,False
MID,138873,Abdelghafour Lamirat,407852,Abdessamad Mahir,97.508111,6.005611,97.508111,4,medium_research_only,SAME_ROLE_ONLY;RESEARCH_ONLY;SAMPLE_TOO_SMALL_LOCAL_11_MATCHES_NOT_PRODUCTION_READY,True,False
MID,138873,Abdelghafour Lamirat,415853,Claude Gnolou,99.068564,3.600828,99.068564,4,medium_research_only,SAME_ROLE_ONLY;RESEARCH_ONLY;SAMPLE_TOO_SMALL_LOCAL_11_MATCHES_NOT_PRODUCTION_READY,True,False
MID,138873,Abdelghafour Lamirat,416303,El Mahdi Akoumi,99.531525,8.192181,99.531525,4,medium_research_only,SAME_ROLE_ONLY;RESEARCH_ONLY;SAMPLE_TOO_SMALL_LOCAL_11_MATCHES_NOT_PRODUCTION_READY,True,False
MID,138873,Abdelghafour Lamirat,424979,Soufiane Tazi,98.831426,3.911876,98.831426,4,medium_research_only,SAME_ROLE_ONLY;RESEARCH_ONLY;SAMPLE_TOO_SMALL_LOCAL_11_MATCHES_NOT_PRODUCTION_READY,True,False
MID,138873,Abdelghafour Lamirat,442288,Adnane Berdad,99.63349,4.917775,99.63349,4,medium_research_only,SAME_ROLE_ONLY;RESEARCH_ONLY;SAMPLE_TOO_SMALL_LOCAL_11_MATCHES_NOT_PRODUCTION_READY,True,False
MID,138873,Abdelghafour Lamirat,442292,Abdellatif El Bajjani,98.783594,3.996688,98.783594,4,medium_research_only,SAME_ROLE_ONLY;RESEARCH_ONLY;SAMPLE_TOO_SMALL_LOCAL_11_MATCHES_NOT_PRODUCTION_READY,True,False
MID,138873,Abdelghafour Lamirat,443951,Youness Akharraz,99.404277,7.375351,99.404277,4,medium_research_only,SAME_ROLE_ONLY;RESEARCH_ONLY;SAMPLE_TOO_SMALL_LOCAL_11_MATCHES_NOT_PRODUCTION_READY,True,False
MID,138873,Abdelghafour Lamirat,445163,Ayoub Maamouri,88.887889,13.051355,88.887889,4,medium_research_only,SAME_ROLE_ONLY;RESEARCH_ONLY;SAMPLE_TOO_SMALL_LOCAL_11_MATCHES_NOT_PRODUCTION_READY,True,False
MID,138873,Abdelghafour Lamirat,446355,Ishak Zidani,99.018903,4.228074,99.018903,4,medium_research_only,SAME_ROLE_ONLY;RESEARCH_ONLY;SAMPLE_TOO_SMALL_LOCAL_11_MATCHES_NOT_PRODUCTION_READY,True,False
MID,138873,Abdelghafour Lamirat,449373,Marouane Oujeddou,94.401431,9.164655,94.401431,4,medium_research_only,SAME_ROLE_ONLY;RESEARCH_ONLY;SAMPLE_TOO_SMALL_LOCAL_11_MATCHES_NOT_PRODUCTION_READY,True,False
MID,138873,Abdelghafour Lamirat,449471,Ayman Tarrazi,98.837632,6.989771,98.837632,4,medium_research_only,SAME_ROLE_ONLY;RESEARCH_ONLY;SAMPLE_TOO_SMALL_LOCAL_11_MATCHES_NOT_PRODUCTION_READY,True,False
MID,138873,Abdelghafour Lamirat,450709,Joseph Bakasu       ,99.716699,3.289288,99.716699,4,medium_research_only,SAME_ROLE_ONLY;RESEARCH_ONLY;SAMPLE_TOO_SMALL_LOCAL_11_MATCHES_NOT_PRODUCTION_READY,True,False
MID,138873,Abdelghafour Lamirat,460266,Youness Dahmani,77.205361,15.417287,77.205361,4,medium_research_only,SAME_ROLE_ONLY;RESEARCH_ONLY;SAMPLE_TOO_SMALL_LOCAL_11_MATCHES_NOT_PRODUCTION_READY,True,False
MID,138873,Abdelghafour Lamirat,477679,Redouane Oubidar,95.843762,7.197556,95.843762,4,medium_research_only,SAME_ROLE_ONLY;RESEARCH_ONLY;SAMPLE_TOO_SMALL_LOCAL_11_MATCHES_NOT_PRODUCTION_READY,True,False
MID,138873,Abdelghafour Lamirat,477680,Hamza Saoud,98.382243,6.442126,98.382243,4,medium_research_only,SAME_ROLE_ONLY;RESEARCH_ONLY;SAMPLE_TOO_SMALL_LOCAL_11_MATCHES_NOT_PRODUCTION_READY,True,False
MID,138873,Abdelghafour Lamirat,477682,Ayoub Benaadi,93.099707,9.176567,93.099707,4,medium_research_only,SAME_ROLE_ONLY;RESEARCH_ONLY;SAMPLE_TOO_SMALL_LOCAL_11_MATCHES_NOT_PRODUCTION_READY,True,False
MID,138873,Abdelghafour Lamirat,477688,Ayoub El Khaffi,99.961,6.424407,99.961,4,medium_research_only,SAME_ROLE_ONLY;RESEARCH_ONLY;SAMPLE_TOO_SMALL_LOCAL_11_MATCHES_NOT_PRODUCTION_READY,True,False
MID,138873,Abdelghafour Lamirat,523298,Mohamed Ahayaoui,99.00556,3.804282,99.00556,4,medium_research_only,SAME_ROLE_ONLY;RESEARCH_ONLY;SAMPLE_TOO_SMALL_LOCAL_11_MATCHES_NOT_PRODUCTION_READY,True,False
MID,138873,Abdelghafour Lamirat,523308,Adil Khalloufi,98.545293,4.330981,98.545293,4,medium_research_only,SAME_ROLE_ONLY;RESEARCH_ONLY;SAMPLE_TOO_SMALL_LOCAL_11_MATCHES_NOT_PRODUCTION_READY,True,False
MID,138873,Abdelghafour Lamirat,523312,Brahim Mansouri,87.405855,12.133894,87.405855,4,medium_research_only,SAME_ROLE_ONLY;RESEARCH_ONLY;SAMPLE_TOO_SMALL_LOCAL_11_MATCHES_NOT_PRODUCTION_READY,True,False
MID,138873,Abdelghafour Lamirat,523319,Omar Ouddah,97.957828,5.532844,97.957828,4,medium_research_only,SAME_ROLE_ONLY;RESEARCH_ONLY;SAMPLE_TOO_SMALL_LOCAL_11_MATCHES_NOT_PRODUCTION_READY,True,False
MID,138873,Abdelghafour Lamirat,523973,Hamza Rafa,99.473828,2.893879,99.473828,4,medium_research_only,SAME_ROLE_ONLY;RESEARCH_ONLY;SAMPLE_TOO_SMALL_LOCAL_11_MATCHES_NOT_PRODUCTION_READY,True,False
MID,138873,Abdelghafour Lamirat,523996,Fred Duval Ngoma,99.712593,2.312986,99.712593,4,medium_research_only,SAME_ROLE_ONLY;RESEARCH_ONLY;SAMPLE_TOO_SMALL_LOCAL_11_MATCHES_NOT_PRODUCTION_READY,True,False
MID,138873,Abdelghafour Lamirat,523997,Karim L'Koucha,99.766868,8.126533,99.766868,4,medium_research_only,SAME_ROLE_ONLY;RESEARCH_ONLY;SAMPLE_TOO_SMALL_LOCAL_11_MATCHES_NOT_PRODUCTION_READY,True,False
MID,138873,Abdelghafour Lamirat,523999,Zakaria Kessary,98.213525,4.781389,98.213525,4,medium_research_only,SAME_ROLE_ONLY;RESEARCH_ONLY;SAMPLE_TOO_SMALL_LOCAL_11_MATCHES_NOT_PRODUCTION_READY,True,False
MID,138873,Abdelghafour Lamirat,524000,Ahmed Aboulfath,88.507163,11.747081,88.507163,4,medium_research_only,SAME_ROLE_ONLY;RESEARCH_ONLY;SAMPLE_TOO_SMALL_LOCAL_11_MATCHES_NOT_PRODUCTION_READY,True,False
MID,138873,Abdelghafour Lamirat,524002,Salim Ghazzani,86.692466,16.050595,86.692466,4,medium_research_only,SAME_ROLE_ONLY;RESEARCH_ONLY;SAMPLE_TOO_SMALL_LOCAL_11_MATCHES_NOT_PRODUCTION_READY,True,False
MID,138873,Abdelghafour Lamirat,524003,Mohammed Es-Sahel,98.010013,6.048,98.010013,4,medium_research_only,SAME_ROLE_ONLY;RESEARCH_ONLY;SAMPLE_TOO_SMALL_LOCAL_11_MATCHES_NOT_PRODUCTION_READY,True,False
MID,138873,Abdelghafour Lamirat,524511,Saad Nassik,99.993134,3.587477,99.993134,4,medium_research_only,SAME_ROLE_ONLY;RESEARCH_ONLY;SAMPLE_TOO_SMALL_LOCAL_11_MATCHES_NOT_PRODUCTION_READY,True,False
MID,138877,Saleh Al Sellami,138895,Abdelfattah Hadraf,83.650699,16.603673,83.650699,4,medium_research_only,SAME_ROLE_ONLY;RESEARCH_ONLY;SAMPLE_TOO_SMALL_LOCAL_11_MATCHES_NOT_PRODUCTION_READY,True,False
MID,138877,Saleh Al Sellami,138898,Ahmed Chentouf,81.931296,22.565852,81.931296,4,medium_research_only,SAME_ROLE_ONLY;RESEARCH_ONLY;SAMPLE_TOO_SMALL_LOCAL_11_MATCHES_NOT_PRODUCTION_READY,True,False
MID,138877,Saleh Al Sellami,138983,Zine Eddine Derrag,96.5969,7.645173,96.5969,4,medium_research_only,SAME_ROLE_ONLY;RESEARCH_ONLY;SAMPLE_TOO_SMALL_LOCAL_11_MATCHES_NOT_PRODUCTION_READY,True,False
MID,138877,Saleh Al Sellami,139545,Mohammad El Fakih,96.006909,8.545754,96.006909,4,medium_research_only,SAME_ROLE_ONLY;RESEARCH_ONLY;SAMPLE_TOO_SMALL_LOCAL_11_MATCHES_NOT_PRODUCTION_READY,True,False
MID,138877,Saleh Al Sellami,139554,Abdoulaye Diarra,98.093776,4.097665,98.093776,4,medium_research_only,SAME_ROLE_ONLY;RESEARCH_ONLY;SAMPLE_TOO_SMALL_LOCAL_11_MATCHES_NOT_PRODUCTION_READY,True,False
MID,138877,Saleh Al Sellami,139565,Larbi Naji,99.17448,2.697708,99.17448,4,medium_research_only,SAME_ROLE_ONLY;RESEARCH_ONLY;SAMPLE_TOO_SMALL_LOCAL_11_MATCHES_NOT_PRODUCTION_READY,True,False
MID,138877,Saleh Al Sellami,139568,Youssef Zghoudi,97.534493,5.885356,97.534493,4,medium_research_only,SAME_ROLE_ONLY;RESEARCH_ONLY;SAMPLE_TOO_SMALL_LOCAL_11_MATCHES_NOT_PRODUCTION_READY,True,False
MID,138877,Saleh Al Sellami,139570,Brahim El Bahraoui,98.77514,10.222007,98.77514,4,medium_research_only,SAME_ROLE_ONLY;RESEARCH_ONLY;SAMPLE_TOO_SMALL_LOCAL_11_MATCHES_NOT_PRODUCTION_READY,True,False
MID,138877,Saleh Al Sellami,140871,Khalid Ait Ouarkhane,98.080987,3.777765,98.080987,4,medium_research_only,SAME_ROLE_ONLY;RESEARCH_ONLY;SAMPLE_TOO_SMALL_LOCAL_11_MATCHES_NOT_PRODUCTION_READY,True,False
MID,138877,Saleh Al Sellami,140872,Mohamed Rabie Hrimat,99.100237,4.974901,99.100237,4,medium_research_only,SAME_ROLE_ONLY;RESEARCH_ONLY;SAMPLE_TOO_SMALL_LOCAL_11_MATCHES_NOT_PRODUCTION_READY,True,False
MID,138877,Saleh Al Sellami,141254,Hamza Afsal,94.28246,6.343499,94.28246,4,medium_research_only,SAME_ROLE_ONLY;RESEARCH_ONLY;SAMPLE_TOO_SMALL_LOCAL_11_MATCHES_NOT_PRODUCTION_READY,True,False
MID,138877,Saleh Al Sellami,143166,Zakaria Fati,98.270107,4.159875,98.270107,4,medium_research_only,SAME_ROLE_ONLY;RESEARCH_ONLY;SAMPLE_TOO_SMALL_LOCAL_11_MATCHES_NOT_PRODUCTION_READY,True,False
MID,138877,Saleh Al Sellami,143490,Ahmed Hammoudan,99.025807,3.200333,99.025807,4,medium_research_only,SAME_ROLE_ONLY;RESEARCH_ONLY;SAMPLE_TOO_SMALL_LOCAL_11_MATCHES_NOT_PRODUCTION_READY,True,False
MID,138877,Saleh Al Sellami,143505,Mohamed Morabit,94.709032,7.265251,94.709032,4,medium_research_only,SAME_ROLE_ONLY;RESEARCH_ONLY;SAMPLE_TOO_SMALL_LOCAL_11_MATCHES_NOT_PRODUCTION_READY,True,False
MID,138877,Saleh Al Sellami,144434,Ismail Moutaraji,96.952704,10.872503,96.952704,4,medium_research_only,SAME_ROLE_ONLY;RESEARCH_ONLY;SAMPLE_TOO_SMALL_LOCAL_11_MATCHES_NOT_PRODUCTION_READY,True,False
MID,138877,Saleh Al Sellami,144436,Anas Serrhat,99.317692,6.856566,99.317692,4,medium_research_only,SAME_ROLE_ONLY;RESEARCH_ONLY;SAMPLE_TOO_SMALL_LOCAL_11_MATCHES_NOT_PRODUCTION_READY,True,False
MID,138877,Saleh Al Sellami,149135,Moses Orkuma,97.392867,5.739046,97.392867,4,medium_research_only,SAME_ROLE_ONLY;RESEARCH_ONLY;SAMPLE_TOO_SMALL_LOCAL_11_MATCHES_NOT_PRODUCTION_READY,True,False
MID,138877,Saleh Al Sellami,151743,Mohamed Al Makahasi,99.740799,2.862859,99.740799,4,medium_research_only,SAME_ROLE_ONLY;RESEARCH_ONLY;SAMPLE_TOO_SMALL_LOCAL_11_MATCHES_NOT_PRODUCTION_READY,True,False
MID,138877,Saleh Al Sellami,154668,Mamadou Lamine Camara,99.582141,4.26865,99.582141,4,medium_research_only,SAME_ROLE_ONLY;RESEARCH_ONLY;SAMPLE_TOO_SMALL_LOCAL_11_MATCHES_NOT_PRODUCTION_READY,True,False
MID,138877,Saleh Al Sellami,161352,Salaheddine Errahouli,97.079279,4.772802,97.079279,4,medium_research_only,SAME_ROLE_ONLY;RESEARCH_ONLY;SAMPLE_TOO_SMALL_LOCAL_11_MATCHES_NOT_PRODUCTION_READY,True,False
MID,138877,Saleh Al Sellami,183765,Mohammed Amine Essahel,96.004274,6.052455,96.004274,4,medium_research_only,SAME_ROLE_ONLY;RESEARCH_ONLY;SAMPLE_TOO_SMALL_LOCAL_11_MATCHES_NOT_PRODUCTION_READY,True,False
MID,138877,Saleh Al Sellami,194809,Oussama Zemraoui,99.091723,5.38916,99.091723,4,medium_research_only,SAME_ROLE_ONLY;RESEARCH_ONLY;SAMPLE_TOO_SMALL_LOCAL_11_MATCHES_NOT_PRODUCTION_READY,True,False
MID,138877,Saleh Al Sellami,194912,Faouzi Abd El Mouttalib,97.725266,4.180795,97.725266,4,medium_research_only,SAME_ROLE_ONLY;RESEARCH_ONLY;SAMPLE_TOO_SMALL_LOCAL_11_MATCHES_NOT_PRODUCTION_READY,True,False
MID,138877,Saleh Al Sellami,195016,Mouad Mouchtanim,99.507834,4.679743,99.507834,4,medium_research_only,SAME_ROLE_ONLY;RESEARCH_ONLY;SAMPLE_TOO_SMALL_LOCAL_11_MATCHES_NOT_PRODUCTION_READY,True,False
MID,138877,Saleh Al Sellami,199611,Youssef Mehri,98.343223,4.417094,98.343223,4,medium_research_only,SAME_ROLE_ONLY;RESEARCH_ONLY;SAMPLE_TOO_SMALL_LOCAL_11_MATCHES_NOT_PRODUCTION_READY,True,False
MID,138877,Saleh Al Sellami,203027,Walid Rhailouf,99.20849,5.561953,99.20849,4,medium_research_only,SAME_ROLE_ONLY;RESEARCH_ONLY;SAMPLE_TOO_SMALL_LOCAL_11_MATCHES_NOT_PRODUCTION_READY,True,False
MID,138877,Saleh Al Sellami,225437,Stephane Aziz Ki,99.190226,5.013657,99.190226,4,medium_research_only,SAME_ROLE_ONLY;RESEARCH_ONLY;SAMPLE_TOO_SMALL_LOCAL_11_MATCHES_NOT_PRODUCTION_READY,True,False
MID,138877,Saleh Al Sellami,261620,Nadir Lougmani,97.703546,4.712179,97.703546,4,medium_research_only,SAME_ROLE_ONLY;RESEARCH_ONLY;SAMPLE_TOO_SMALL_LOCAL_11_MATCHES_NOT_PRODUCTION_READY,True,False
MID,138877,Saleh Al Sellami,275341,Yazid Faffa,98.547539,3.281115,98.547539,4,medium_research_only,SAME_ROLE_ONLY;RESEARCH_ONLY;SAMPLE_TOO_SMALL_LOCAL_11_MATCHES_NOT_PRODUCTION_READY,True,False
MID,138877,Saleh Al Sellami,312935,Amine Azri,97.448708,5.519374,97.448708,4,medium_research_only,SAME_ROLE_ONLY;RESEARCH_ONLY;SAMPLE_TOO_SMALL_LOCAL_11_MATCHES_NOT_PRODUCTION_READY,True,False
MID,138877,Saleh Al Sellami,313277,Mohamed Chemlal,92.107666,27.092253,92.107666,4,medium_research_only,SAME_ROLE_ONLY;RESEARCH_ONLY;SAMPLE_TOO_SMALL_LOCAL_11_MATCHES_NOT_PRODUCTION_READY,True,False
MID,138877,Saleh Al Sellami,313284,Achraf Harmach,98.075953,3.747221,98.075953,4,medium_research_only,SAME_ROLE_ONLY;RESEARCH_ONLY;SAMPLE_TOO_SMALL_LOCAL_11_MATCHES_NOT_PRODUCTION_READY,True,False
MID,138877,Saleh Al Sellami,314460,Ayoub Bouaadli,98.829359,4.267983,98.829359,4,medium_research_only,SAME_ROLE_ONLY;RESEARCH_ONLY;SAMPLE_TOO_SMALL_LOCAL_11_MATCHES_NOT_PRODUCTION_READY,True,False
MID,138877,Saleh Al Sellami,323979,Zakaria Fatihi,92.747868,10.907437,92.747868,4,medium_research_only,SAME_ROLE_ONLY;RESEARCH_ONLY;SAMPLE_TOO_SMALL_LOCAL_11_MATCHES_NOT_PRODUCTION_READY,True,False
MID,138877,Saleh Al Sellami,360838,Zakaria Ami,87.016047,9.116685,87.016047,4,medium_research_only,SAME_ROLE_ONLY;RESEARCH_ONLY;SAMPLE_TOO_SMALL_LOCAL_11_MATCHES_NOT_PRODUCTION_READY,True,False
MID,138877,Saleh Al Sellami,380600,Mouad Goulouss,97.945876,5.806814,97.945876,4,medium_research_only,SAME_ROLE_ONLY;RESEARCH_ONLY;SAMPLE_TOO_SMALL_LOCAL_11_MATCHES_NOT_PRODUCTION_READY,True,False
MID,138877,Saleh Al Sellami,381935,Ismail Mihrab,96.463984,5.095158,96.463984,4,medium_research_only,SAME_ROLE_ONLY;RESEARCH_ONLY;SAMPLE_TOO_SMALL_LOCAL_11_MATCHES_NOT_PRODUCTION_READY,True,False
MID,138877,Saleh Al Sellami,396748,Youssef Laghzal,93.050466,7.78991,93.050466,4,medium_research_only,SAME_ROLE_ONLY;RESEARCH_ONLY;SAMPLE_TOO_SMALL_LOCAL_11_MATCHES_NOT_PRODUCTION_READY,True,False
MID,138877,Saleh Al Sellami,405645,Othmane Chraibi,96.496818,11.371563,96.496818,4,medium_research_only,SAME_ROLE_ONLY;RESEARCH_ONLY;SAMPLE_TOO_SMALL_LOCAL_11_MATCHES_NOT_PRODUCTION_READY,True,False
MID,138877,Saleh Al Sellami,406269,Danilson Gomes Tavares,97.07791,4.753475,97.07791,4,medium_research_only,SAME_ROLE_ONLY;RESEARCH_ONLY;SAMPLE_TOO_SMALL_LOCAL_11_MATCHES_NOT_PRODUCTION_READY,True,False
MID,138877,Saleh Al Sellami,407207,Ennaama El Bellali,98.306476,5.293191,98.306476,4,medium_research_only,SAME_ROLE_ONLY;RESEARCH_ONLY;SAMPLE_TOO_SMALL_LOCAL_11_MATCHES_NOT_PRODUCTION_READY,True,False
MID,138877,Saleh Al Sellami,407506,Oussama Nourdine,95.618306,7.151406,95.618306,4,medium_research_only,SAME_ROLE_ONLY;RESEARCH_ONLY;SAMPLE_TOO_SMALL_LOCAL_11_MATCHES_NOT_PRODUCTION_READY,True,False
MID,138877,Saleh Al Sellami,407852,Abdessamad Mahir,96.903056,5.26318,96.903056,4,medium_research_only,SAME_ROLE_ONLY;RESEARCH_ONLY;SAMPLE_TOO_SMALL_LOCAL_11_MATCHES_NOT_PRODUCTION_READY,True,False
MID,138877,Saleh Al Sellami,415853,Claude Gnolou,97.465046,5.859276,97.465046,4,medium_research_only,SAME_ROLE_ONLY;RESEARCH_ONLY;SAMPLE_TOO_SMALL_LOCAL_11_MATCHES_NOT_PRODUCTION_READY,True,False
MID,138877,Saleh Al Sellami,416303,El Mahdi Akoumi,99.09373,3.887985,99.09373,4,medium_research_only,SAME_ROLE_ONLY;RESEARCH_ONLY;SAMPLE_TOO_SMALL_LOCAL_11_MATCHES_NOT_PRODUCTION_READY,True,False
MID,138877,Saleh Al Sellami,424979,Soufiane Tazi,99.273911,5.565948,99.273911,4,medium_research_only,SAME_ROLE_ONLY;RESEARCH_ONLY;SAMPLE_TOO_SMALL_LOCAL_11_MATCHES_NOT_PRODUCTION_READY,True,False
MID,138877,Saleh Al Sellami,442288,Adnane Berdad,98.488963,3.29379,98.488963,4,medium_research_only,SAME_ROLE_ONLY;RESEARCH_ONLY;SAMPLE_TOO_SMALL_LOCAL_11_MATCHES_NOT_PRODUCTION_READY,True,False
MID,138877,Saleh Al Sellami,442292,Abdellatif El Bajjani,97.270253,6.205401,97.270253,4,medium_research_only,SAME_ROLE_ONLY;RESEARCH_ONLY;SAMPLE_TOO_SMALL_LOCAL_11_MATCHES_NOT_PRODUCTION_READY,True,False
MID,138877,Saleh Al Sellami,443951,Youness Akharraz,96.28447,5.174999,96.28447,4,medium_research_only,SAME_ROLE_ONLY;RESEARCH_ONLY;SAMPLE_TOO_SMALL_LOCAL_11_MATCHES_NOT_PRODUCTION_READY,True,False
MID,138877,Saleh Al Sellami,445163,Ayoub Maamouri,96.644168,6.785103,96.644168,4,medium_research_only,SAME_ROLE_ONLY;RESEARCH_ONLY;SAMPLE_TOO_SMALL_LOCAL_11_MATCHES_NOT_PRODUCTION_READY,True,False
MID,138877,Saleh Al Sellami,446355,Ishak Zidani,98.681602,3.907805,98.681602,4,medium_research_only,SAME_ROLE_ONLY;RESEARCH_ONLY;SAMPLE_TOO_SMALL_LOCAL_11_MATCHES_NOT_PRODUCTION_READY,True,False
MID,138877,Saleh Al Sellami,449373,Marouane Oujeddou,99.17182,2.578498,99.17182,4,medium_research_only,SAME_ROLE_ONLY;RESEARCH_ONLY;SAMPLE_TOO_SMALL_LOCAL_11_MATCHES_NOT_PRODUCTION_READY,True,False
MID,138877,Saleh Al Sellami,449471,Ayman Tarrazi,96.301727,5.024358,96.301727,4,medium_research_only,SAME_ROLE_ONLY;RESEARCH_ONLY;SAMPLE_TOO_SMALL_LOCAL_11_MATCHES_NOT_PRODUCTION_READY,True,False
MID,138877,Saleh Al Sellami,450709,Joseph Bakasu       ,96.662498,5.563968,96.662498,4,medium_research_only,SAME_ROLE_ONLY;RESEARCH_ONLY;SAMPLE_TOO_SMALL_LOCAL_11_MATCHES_NOT_PRODUCTION_READY,True,False
MID,138877,Saleh Al Sellami,460266,Youness Dahmani,81.743148,10.362233,81.743148,4,medium_research_only,SAME_ROLE_ONLY;RESEARCH_ONLY;SAMPLE_TOO_SMALL_LOCAL_11_MATCHES_NOT_PRODUCTION_READY,True,False
MID,138877,Saleh Al Sellami,477679,Redouane Oubidar,95.056237,7.492945,95.056237,4,medium_research_only,SAME_ROLE_ONLY;RESEARCH_ONLY;SAMPLE_TOO_SMALL_LOCAL_11_MATCHES_NOT_PRODUCTION_READY,True,False
MID,138877,Saleh Al Sellami,477680,Hamza Saoud,98.468264,9.720816,98.468264,4,medium_research_only,SAME_ROLE_ONLY;RESEARCH_ONLY;SAMPLE_TOO_SMALL_LOCAL_11_MATCHES_NOT_PRODUCTION_READY,True,False
MID,138877,Saleh Al Sellami,477682,Ayoub Benaadi,98.053861,4.141895,98.053861,4,medium_research_only,SAME_ROLE_ONLY;RESEARCH_ONLY;SAMPLE_TOO_SMALL_LOCAL_11_MATCHES_NOT_PRODUCTION_READY,True,False
MID,138877,Saleh Al Sellami,477688,Ayoub El Khaffi,97.040154,12.746286,97.040154,4,medium_research_only,SAME_ROLE_ONLY;RESEARCH_ONLY;SAMPLE_TOO_SMALL_LOCAL_11_MATCHES_NOT_PRODUCTION_READY,True,False
MID,138877,Saleh Al Sellami,523298,Mohamed Ahayaoui,98.795736,6.687985,98.795736,4,medium_research_only,SAME_ROLE_ONLY;RESEARCH_ONLY;SAMPLE_TOO_SMALL_LOCAL_11_MATCHES_NOT_PRODUCTION_READY,True,False
MID,138877,Saleh Al Sellami,523308,Adil Khalloufi,96.593375,7.316726,96.593375,4,medium_research_only,SAME_ROLE_ONLY;RESEARCH_ONLY;SAMPLE_TOO_SMALL_LOCAL_11_MATCHES_NOT_PRODUCTION_READY,True,False
MID,138877,Saleh Al Sellami,523312,Brahim Mansouri,95.852225,6.275361,95.852225,4,medium_research_only,SAME_ROLE_ONLY;RESEARCH_ONLY;SAMPLE_TOO_SMALL_LOCAL_11_MATCHES_NOT_PRODUCTION_READY,True,False
MID,138877,Saleh Al Sellami,523319,Omar Ouddah,95.859515,8.996409,95.859515,4,medium_research_only,SAME_ROLE_ONLY;RESEARCH_ONLY;SAMPLE_TOO_SMALL_LOCAL_11_MATCHES_NOT_PRODUCTION_READY,True,False
MID,138877,Saleh Al Sellami,523973,Hamza Rafa,96.470637,6.487827,96.470637,4,medium_research_only,SAME_ROLE_ONLY;RESEARCH_ONLY;SAMPLE_TOO_SMALL_LOCAL_11_MATCHES_NOT_PRODUCTION_READY,True,False
MID,138877,Saleh Al Sellami,523996,Fred Duval Ngoma,96.689881,6.381274,96.689881,4,medium_research_only,SAME_ROLE_ONLY;RESEARCH_ONLY;SAMPLE_TOO_SMALL_LOCAL_11_MATCHES_NOT_PRODUCTION_READY,True,False
MID,138877,Saleh Al Sellami,523997,Karim L'Koucha,97.85675,4.680804,97.85675,4,medium_research_only,SAME_ROLE_ONLY;RESEARCH_ONLY;SAMPLE_TOO_SMALL_LOCAL_11_MATCHES_NOT_PRODUCTION_READY,True,False
MID,138877,Saleh Al Sellami,523999,Zakaria Kessary,98.09935,6.083931,98.09935,4,medium_research_only,SAME_ROLE_ONLY;RESEARCH_ONLY;SAMPLE_TOO_SMALL_LOCAL_11_MATCHES_NOT_PRODUCTION_READY,True,False
MID,138877,Saleh Al Sellami,524000,Ahmed Aboulfath,88.181948,8.658973,88.181948,4,medium_research_only,SAME_ROLE_ONLY;RESEARCH_ONLY;SAMPLE_TOO_SMALL_LOCAL_11_MATCHES_NOT_PRODUCTION_READY,True,False
MID,138877,Saleh Al Sellami,524002,Salim Ghazzani,92.829688,14.034321,92.829688,4,medium_research_only,SAME_ROLE_ONLY;RESEARCH_ONLY;SAMPLE_TOO_SMALL_LOCAL_11_MATCHES_NOT_PRODUCTION_READY,True,False
MID,138877,Saleh Al Sellami,524003,Mohammed Es-Sahel,96.051411,5.448982,96.051411,4,medium_research_only,SAME_ROLE_ONLY;RESEARCH_ONLY;SAMPLE_TOO_SMALL_LOCAL_11_MATCHES_NOT_PRODUCTION_READY,True,False
MID,138877,Saleh Al Sellami,524511,Saad Nassik,97.706946,4.357098,97.706946,4,medium_research_only,SAME_ROLE_ONLY;RESEARCH_ONLY;SAMPLE_TOO_SMALL_LOCAL_11_MATCHES_NOT_PRODUCTION_READY,True,False
MID,138895,Abdelfattah Hadraf,138898,Ahmed Chentouf,97.056974,10.698974,97.056974,4,medium_research_only,SAME_ROLE_ONLY;RESEARCH_ONLY;SAMPLE_TOO_SMALL_LOCAL_11_MATCHES_NOT_PRODUCTION_READY,True,False
MID,138895,Abdelfattah Hadraf,138983,Zine Eddine Derrag,74.023662,20.987597,74.023662,4,medium_research_only,SAME_ROLE_ONLY;RESEARCH_ONLY;SAMPLE_TOO_SMALL_LOCAL_11_MATCHES_NOT_PRODUCTION_READY,True,False
MID,138895,Abdelfattah Hadraf,139545,Mohammad El Fakih,79.357648,18.999049,79.357648,4,medium_research_only,SAME_ROLE_ONLY;RESEARCH_ONLY;SAMPLE_TOO_SMALL_LOCAL_11_MATCHES_NOT_PRODUCTION_READY,True,False
MID,138895,Abdelfattah Hadraf,139554,Abdoulaye Diarra,80.965183,17.778602,80.965183,4,medium_research_only,SAME_ROLE_ONLY;RESEARCH_ONLY;SAMPLE_TOO_SMALL_LOCAL_11_MATCHES_NOT_PRODUCTION_READY,True,False
MID,138895,Abdelfattah Hadraf,139565,Larbi Naji,77.753892,18.660532,77.753892,4,medium_research_only,SAME_ROLE_ONLY;RESEARCH_ONLY;SAMPLE_TOO_SMALL_LOCAL_11_MATCHES_NOT_PRODUCTION_READY,True,False
MID,138895,Abdelfattah Hadraf,139568,Youssef Zghoudi,77.203278,19.101775,77.203278,4,medium_research_only,SAME_ROLE_ONLY;RESEARCH_ONLY;SAMPLE_TOO_SMALL_LOCAL_11_MATCHES_NOT_PRODUCTION_READY,True,False
MID,138895,Abdelfattah Hadraf,139570,Brahim El Bahraoui,85.984728,20.187452,85.984728,4,medium_research_only,SAME_ROLE_ONLY;RESEARCH_ONLY;SAMPLE_TOO_SMALL_LOCAL_11_MATCHES_NOT_PRODUCTION_READY,True,False
MID,138895,Abdelfattah Hadraf,140871,Khalid Ait Ouarkhane,83.585857,16.580271,83.585857,4,medium_research_only,SAME_ROLE_ONLY;RESEARCH_ONLY;SAMPLE_TOO_SMALL_LOCAL_11_MATCHES_NOT_PRODUCTION_READY,True,False
MID,138895,Abdelfattah Hadraf,140872,Mohamed Rabie Hrimat,78.547872,18.884703,78.547872,4,medium_research_only,SAME_ROLE_ONLY;RESEARCH_ONLY;SAMPLE_TOO_SMALL_LOCAL_11_MATCHES_NOT_PRODUCTION_READY,True,False
MID,138895,Abdelfattah Hadraf,141254,Hamza Afsal,96.633645,11.028535,96.633645,4,medium_research_only,SAME_ROLE_ONLY;RESEARCH_ONLY;SAMPLE_TOO_SMALL_LOCAL_11_MATCHES_NOT_PRODUCTION_READY,True,False
MID,138895,Abdelfattah Hadraf,143166,Zakaria Fati,76.684305,19.144317,76.684305,4,medium_research_only,SAME_ROLE_ONLY;RESEARCH_ONLY;SAMPLE_TOO_SMALL_LOCAL_11_MATCHES_NOT_PRODUCTION_READY,True,False
MID,138895,Abdelfattah Hadraf,143490,Ahmed Hammoudan,82.27042,17.054864,82.27042,4,medium_research_only,SAME_ROLE_ONLY;RESEARCH_ONLY;SAMPLE_TOO_SMALL_LOCAL_11_MATCHES_NOT_PRODUCTION_READY,True,False
MID,138895,Abdelfattah Hadraf,143505,Mohamed Morabit,88.195333,14.439086,88.195333,4,medium_research_only,SAME_ROLE_ONLY;RESEARCH_ONLY;SAMPLE_TOO_SMALL_LOCAL_11_MATCHES_NOT_PRODUCTION_READY,True,False
MID,138895,Abdelfattah Hadraf,144434,Ismail Moutaraji,76.383237,21.690658,76.383237,4,medium_research_only,SAME_ROLE_ONLY;RESEARCH_ONLY;SAMPLE_TOO_SMALL_LOCAL_11_MATCHES_NOT_PRODUCTION_READY,True,False
MID,138895,Abdelfattah Hadraf,144436,Anas Serrhat,84.022137,16.932624,84.022137,4,medium_research_only,SAME_ROLE_ONLY;RESEARCH_ONLY;SAMPLE_TOO_SMALL_LOCAL_11_MATCHES_NOT_PRODUCTION_READY,True,False
MID,138895,Abdelfattah Hadraf,149135,Moses Orkuma,82.970205,16.868663,82.970205,4,medium_research_only,SAME_ROLE_ONLY;RESEARCH_ONLY;SAMPLE_TOO_SMALL_LOCAL_11_MATCHES_NOT_PRODUCTION_READY,True,False
MID,138895,Abdelfattah Hadraf,151743,Mohamed Al Makahasi,80.534201,17.796176,80.534201,4,medium_research_only,SAME_ROLE_ONLY;RESEARCH_ONLY;SAMPLE_TOO_SMALL_LOCAL_11_MATCHES_NOT_PRODUCTION_READY,True,False
MID,138895,Abdelfattah Hadraf,154668,Mamadou Lamine Camara,84.161261,16.397397,84.161261,4,medium_research_only,SAME_ROLE_ONLY;RESEARCH_ONLY;SAMPLE_TOO_SMALL_LOCAL_11_MATCHES_NOT_PRODUCTION_READY,True,False
MID,138895,Abdelfattah Hadraf,161352,Salaheddine Errahouli,83.339707,16.649241,83.339707,4,medium_research_only,SAME_ROLE_ONLY;RESEARCH_ONLY;SAMPLE_TOO_SMALL_LOCAL_11_MATCHES_NOT_PRODUCTION_READY,True,False
MID,138895,Abdelfattah Hadraf,183765,Mohammed Amine Essahel,90.233355,13.515669,90.233355,4,medium_research_only,SAME_ROLE_ONLY;RESEARCH_ONLY;SAMPLE_TOO_SMALL_LOCAL_11_MATCHES_NOT_PRODUCTION_READY,True,False
MID,138895,Abdelfattah Hadraf,194809,Oussama Zemraoui,79.712245,18.509853,79.712245,4,medium_research_only,SAME_ROLE_ONLY;RESEARCH_ONLY;SAMPLE_TOO_SMALL_LOCAL_11_MATCHES_NOT_PRODUCTION_READY,True,False
MID,138895,Abdelfattah Hadraf,194912,Faouzi Abd El Mouttalib,77.469766,18.731954,77.469766,4,medium_research_only,SAME_ROLE_ONLY;RESEARCH_ONLY;SAMPLE_TOO_SMALL_LOCAL_11_MATCHES_NOT_PRODUCTION_READY,True,False
MID,138895,Abdelfattah Hadraf,195016,Mouad Mouchtanim,86.650392,15.219163,86.650392,4,medium_research_only,SAME_ROLE_ONLY;RESEARCH_ONLY;SAMPLE_TOO_SMALL_LOCAL_11_MATCHES_NOT_PRODUCTION_READY,True,False
MID,138895,Abdelfattah Hadraf,199611,Youssef Mehri,79.287645,18.272804,79.287645,4,medium_research_only,SAME_ROLE_ONLY;RESEARCH_ONLY;SAMPLE_TOO_SMALL_LOCAL_11_MATCHES_NOT_PRODUCTION_READY,True,False
MID,138895,Abdelfattah Hadraf,203027,Walid Rhailouf,77.775732,19.409512,77.775732,4,medium_research_only,SAME_ROLE_ONLY;RESEARCH_ONLY;SAMPLE_TOO_SMALL_LOCAL_11_MATCHES_NOT_PRODUCTION_READY,True,False
MID,138895,Abdelfattah Hadraf,225437,Stephane Aziz Ki,82.212002,18.017048,82.212002,4,medium_research_only,SAME_ROLE_ONLY;RESEARCH_ONLY;SAMPLE_TOO_SMALL_LOCAL_11_MATCHES_NOT_PRODUCTION_READY,True,False
MID,138895,Abdelfattah Hadraf,261620,Nadir Lougmani,73.205712,19.772378,73.205712,4,medium_research_only,SAME_ROLE_ONLY;RESEARCH_ONLY;SAMPLE_TOO_SMALL_LOCAL_11_MATCHES_NOT_PRODUCTION_READY,True,False
MID,138895,Abdelfattah Hadraf,275341,Yazid Faffa,88.800015,15.043951,88.800015,4,medium_research_only,SAME_ROLE_ONLY;RESEARCH_ONLY;SAMPLE_TOO_SMALL_LOCAL_11_MATCHES_NOT_PRODUCTION_READY,True,False
MID,138895,Abdelfattah Hadraf,312935,Amine Azri,89.545766,13.737644,89.545766,4,medium_research_only,SAME_ROLE_ONLY;RESEARCH_ONLY;SAMPLE_TOO_SMALL_LOCAL_11_MATCHES_NOT_PRODUCTION_READY,True,False
MID,138895,Abdelfattah Hadraf,313277,Mohamed Chemlal,77.369862,31.265602,77.369862,4,medium_research_only,SAME_ROLE_ONLY;RESEARCH_ONLY;SAMPLE_TOO_SMALL_LOCAL_11_MATCHES_NOT_PRODUCTION_READY,True,False
MID,138895,Abdelfattah Hadraf,313284,Achraf Harmach,78.752582,18.277784,78.752582,4,medium_research_only,SAME_ROLE_ONLY;RESEARCH_ONLY;SAMPLE_TOO_SMALL_LOCAL_11_MATCHES_NOT_PRODUCTION_READY,True,False
MID,138895,Abdelfattah Hadraf,314460,Ayoub Bouaadli,79.447902,18.281137,79.447902,4,medium_research_only,SAME_ROLE_ONLY;RESEARCH_ONLY;SAMPLE_TOO_SMALL_LOCAL_11_MATCHES_NOT_PRODUCTION_READY,True,False
MID,138895,Abdelfattah Hadraf,323979,Zakaria Fatihi,84.689301,16.642826,84.689301,4,medium_research_only,SAME_ROLE_ONLY;RESEARCH_ONLY;SAMPLE_TOO_SMALL_LOCAL_11_MATCHES_NOT_PRODUCTION_READY,True,False
MID,138895,Abdelfattah Hadraf,360838,Zakaria Ami,98.176608,14.895924,98.176608,4,medium_research_only,SAME_ROLE_ONLY;RESEARCH_ONLY;SAMPLE_TOO_SMALL_LOCAL_11_MATCHES_NOT_PRODUCTION_READY,True,False
MID,138895,Abdelfattah Hadraf,380600,Mouad Goulouss,85.423653,17.461965,85.423653,4,medium_research_only,SAME_ROLE_ONLY;RESEARCH_ONLY;SAMPLE_TOO_SMALL_LOCAL_11_MATCHES_NOT_PRODUCTION_READY,True,False
MID,138895,Abdelfattah Hadraf,381935,Ismail Mihrab,91.408411,14.633735,91.408411,4,medium_research_only,SAME_ROLE_ONLY;RESEARCH_ONLY;SAMPLE_TOO_SMALL_LOCAL_11_MATCHES_NOT_PRODUCTION_READY,True,False
MID,138895,Abdelfattah Hadraf,396748,Youssef Laghzal,92.049661,16.520615,92.049661,4,medium_research_only,SAME_ROLE_ONLY;RESEARCH_ONLY;SAMPLE_TOO_SMALL_LOCAL_11_MATCHES_NOT_PRODUCTION_READY,True,False
MID,138895,Abdelfattah Hadraf,405645,Othmane Chraibi,73.523252,23.112675,73.523252,4,medium_research_only,SAME_ROLE_ONLY;RESEARCH_ONLY;SAMPLE_TOO_SMALL_LOCAL_11_MATCHES_NOT_PRODUCTION_READY,True,False
MID,138895,Abdelfattah Hadraf,406269,Danilson Gomes Tavares,89.252832,15.357332,89.252832,4,medium_research_only,SAME_ROLE_ONLY;RESEARCH_ONLY;SAMPLE_TOO_SMALL_LOCAL_11_MATCHES_NOT_PRODUCTION_READY,True,False
MID,138895,Abdelfattah Hadraf,407207,Ennaama El Bellali,78.499513,18.796115,78.499513,4,medium_research_only,SAME_ROLE_ONLY;RESEARCH_ONLY;SAMPLE_TOO_SMALL_LOCAL_11_MATCHES_NOT_PRODUCTION_READY,True,False
MID,138895,Abdelfattah Hadraf,407506,Oussama Nourdine,87.75747,14.63245,87.75747,4,medium_research_only,SAME_ROLE_ONLY;RESEARCH_ONLY;SAMPLE_TOO_SMALL_LOCAL_11_MATCHES_NOT_PRODUCTION_READY,True,False
MID,138895,Abdelfattah Hadraf,407852,Abdessamad Mahir,90.470917,13.460385,90.470917,4,medium_research_only,SAME_ROLE_ONLY;RESEARCH_ONLY;SAMPLE_TOO_SMALL_LOCAL_11_MATCHES_NOT_PRODUCTION_READY,True,False
MID,138895,Abdelfattah Hadraf,415853,Claude Gnolou,86.16465,15.422961,86.16465,4,medium_research_only,SAME_ROLE_ONLY;RESEARCH_ONLY;SAMPLE_TOO_SMALL_LOCAL_11_MATCHES_NOT_PRODUCTION_READY,True,False
MID,138895,Abdelfattah Hadraf,416303,El Mahdi Akoumi,80.154589,18.129955,80.154589,4,medium_research_only,SAME_ROLE_ONLY;RESEARCH_ONLY;SAMPLE_TOO_SMALL_LOCAL_11_MATCHES_NOT_PRODUCTION_READY,True,False
MID,138895,Abdelfattah Hadraf,424979,Soufiane Tazi,79.047761,18.891229,79.047761,4,medium_research_only,SAME_ROLE_ONLY;RESEARCH_ONLY;SAMPLE_TOO_SMALL_LOCAL_11_MATCHES_NOT_PRODUCTION_READY,True,False
MID,138895,Abdelfattah Hadraf,442288,Adnane Berdad,82.773221,16.895908,82.773221,4,medium_research_only,SAME_ROLE_ONLY;RESEARCH_ONLY;SAMPLE_TOO_SMALL_LOCAL_11_MATCHES_NOT_PRODUCTION_READY,True,False
MID,138895,Abdelfattah Hadraf,442292,Abdellatif El Bajjani,77.413709,19.259863,77.413709,4,medium_research_only,SAME_ROLE_ONLY;RESEARCH_ONLY;SAMPLE_TOO_SMALL_LOCAL_11_MATCHES_NOT_PRODUCTION_READY,True,False
MID,138895,Abdelfattah Hadraf,443951,Youness Akharraz,73.105392,19.805052,73.105392,4,medium_research_only,SAME_ROLE_ONLY;RESEARCH_ONLY;SAMPLE_TOO_SMALL_LOCAL_11_MATCHES_NOT_PRODUCTION_READY,True,False
MID,138895,Abdelfattah Hadraf,445163,Ayoub Maamouri,87.488296,17.400155,87.488296,4,medium_research_only,SAME_ROLE_ONLY;RESEARCH_ONLY;SAMPLE_TOO_SMALL_LOCAL_11_MATCHES_NOT_PRODUCTION_READY,True,False
MID,138895,Abdelfattah Hadraf,446355,Ishak Zidani,76.297317,19.328974,76.297317,4,medium_research_only,SAME_ROLE_ONLY;RESEARCH_ONLY;SAMPLE_TOO_SMALL_LOCAL_11_MATCHES_NOT_PRODUCTION_READY,True,False
MID,138895,Abdelfattah Hadraf,449373,Marouane Oujeddou,82.515882,17.128456,82.515882,4,medium_research_only,SAME_ROLE_ONLY;RESEARCH_ONLY;SAMPLE_TOO_SMALL_LOCAL_11_MATCHES_NOT_PRODUCTION_READY,True,False
MID,138895,Abdelfattah Hadraf,449471,Ayman Tarrazi,86.160428,16.020779,86.160428,4,medium_research_only,SAME_ROLE_ONLY;RESEARCH_ONLY;SAMPLE_TOO_SMALL_LOCAL_11_MATCHES_NOT_PRODUCTION_READY,True,False
MID,138895,Abdelfattah Hadraf,450709,Joseph Bakasu       ,75.070861,19.732615,75.070861,4,medium_research_only,SAME_ROLE_ONLY;RESEARCH_ONLY;SAMPLE_TOO_SMALL_LOCAL_11_MATCHES_NOT_PRODUCTION_READY,True,False
MID,138895,Abdelfattah Hadraf,460266,Youness Dahmani,99.345672,15.649782,99.345672,4,medium_research_only,SAME_ROLE_ONLY;RESEARCH_ONLY;SAMPLE_TOO_SMALL_LOCAL_11_MATCHES_NOT_PRODUCTION_READY,True,False
MID,138895,Abdelfattah Hadraf,477679,Redouane Oubidar,92.755038,11.805604,92.755038,4,medium_research_only,SAME_ROLE_ONLY;RESEARCH_ONLY;SAMPLE_TOO_SMALL_LOCAL_11_MATCHES_NOT_PRODUCTION_READY,True,False
MID,138895,Abdelfattah Hadraf,477680,Hamza Saoud,74.692786,22.29872,74.692786,4,medium_research_only,SAME_ROLE_ONLY;RESEARCH_ONLY;SAMPLE_TOO_SMALL_LOCAL_11_MATCHES_NOT_PRODUCTION_READY,True,False
MID,138895,Abdelfattah Hadraf,477682,Ayoub Benaadi,80.352183,17.772594,80.352183,4,medium_research_only,SAME_ROLE_ONLY;RESEARCH_ONLY;SAMPLE_TOO_SMALL_LOCAL_11_MATCHES_NOT_PRODUCTION_READY,True,False
MID,138895,Abdelfattah Hadraf,477688,Ayoub El Khaffi,78.11433,21.930112,78.11433,4,medium_research_only,SAME_ROLE_ONLY;RESEARCH_ONLY;SAMPLE_TOO_SMALL_LOCAL_11_MATCHES_NOT_PRODUCTION_READY,True,False
MID,138895,Abdelfattah Hadraf,523298,Mohamed Ahayaoui,86.377926,15.552578,86.377926,4,medium_research_only,SAME_ROLE_ONLY;RESEARCH_ONLY;SAMPLE_TOO_SMALL_LOCAL_11_MATCHES_NOT_PRODUCTION_READY,True,False
MID,138895,Abdelfattah Hadraf,523308,Adil Khalloufi,86.691952,15.234954,86.691952,4,medium_research_only,SAME_ROLE_ONLY;RESEARCH_ONLY;SAMPLE_TOO_SMALL_LOCAL_11_MATCHES_NOT_PRODUCTION_READY,True,False
MID,138895,Abdelfattah Hadraf,523312,Brahim Mansouri,81.684619,17.32255,81.684619,4,medium_research_only,SAME_ROLE_ONLY;RESEARCH_ONLY;SAMPLE_TOO_SMALL_LOCAL_11_MATCHES_NOT_PRODUCTION_READY,True,False
MID,138895,Abdelfattah Hadraf,523319,Omar Ouddah,88.781768,14.247264,88.781768,4,medium_research_only,SAME_ROLE_ONLY;RESEARCH_ONLY;SAMPLE_TOO_SMALL_LOCAL_11_MATCHES_NOT_PRODUCTION_READY,True,False
MID,138895,Abdelfattah Hadraf,523973,Hamza Rafa,73.501482,20.619756,73.501482,4,medium_research_only,SAME_ROLE_ONLY;RESEARCH_ONLY;SAMPLE_TOO_SMALL_LOCAL_11_MATCHES_NOT_PRODUCTION_READY,True,False
MID,138895,Abdelfattah Hadraf,523996,Fred Duval Ngoma,75.029728,20.081501,75.029728,4,medium_research_only,SAME_ROLE_ONLY;RESEARCH_ONLY;SAMPLE_TOO_SMALL_LOCAL_11_MATCHES_NOT_PRODUCTION_READY,True,False
MID,138895,Abdelfattah Hadraf,523997,Karim L'Koucha,83.161656,17.381691,83.161656,4,medium_research_only,SAME_ROLE_ONLY;RESEARCH_ONLY;SAMPLE_TOO_SMALL_LOCAL_11_MATCHES_NOT_PRODUCTION_READY,True,False
MID,138895,Abdelfattah Hadraf,523999,Zakaria Kessary,75.968676,20.008162,75.968676,4,medium_research_only,SAME_ROLE_ONLY;RESEARCH_ONLY;SAMPLE_TOO_SMALL_LOCAL_11_MATCHES_NOT_PRODUCTION_READY,True,False
MID,138895,Abdelfattah Hadraf,524000,Ahmed Aboulfath,85.264757,16.391455,85.264757,4,medium_research_only,SAME_ROLE_ONLY;RESEARCH_ONLY;SAMPLE_TOO_SMALL_LOCAL_11_MATCHES_NOT_PRODUCTION_READY,True,False
MID,138895,Abdelfattah Hadraf,524002,Salim Ghazzani,85.929763,17.267919,85.929763,4,medium_research_only,SAME_ROLE_ONLY;RESEARCH_ONLY;SAMPLE_TOO_SMALL_LOCAL_11_MATCHES_NOT_PRODUCTION_READY,True,False
MID,138895,Abdelfattah Hadraf,524003,Mohammed Es-Sahel,88.779541,14.484132,88.779541,4,medium_research_only,SAME_ROLE_ONLY;RESEARCH_ONLY;SAMPLE_TOO_SMALL_LOCAL_11_MATCHES_NOT_PRODUCTION_READY,True,False
MID,138895,Abdelfattah Hadraf,524511,Saad Nassik,79.648442,18.013442,79.648442,4,medium_research_only,SAME_ROLE_ONLY;RESEARCH_ONLY;SAMPLE_TOO_SMALL_LOCAL_11_MATCHES_NOT_PRODUCTION_READY,True,False
MID,138898,Ahmed Chentouf,138983,Zine Eddine Derrag,78.029188,23.785391,78.029188,4,medium_research_only,SAME_ROLE_ONLY;RESEARCH_ONLY;SAMPLE_TOO_SMALL_LOCAL_11_MATCHES_NOT_PRODUCTION_READY,True,False
MID,138898,Ahmed Chentouf,139545,Mohammad El Fakih,72.573999,26.225081,72.573999,4,medium_research_only,SAME_ROLE_ONLY;RESEARCH_ONLY;SAMPLE_TOO_SMALL_LOCAL_11_MATCHES_NOT_PRODUCTION_READY,True,False
MID,138898,Ahmed Chentouf,139554,Abdoulaye Diarra,83.747025,22.733823,83.747025,4,medium_research_only,SAME_ROLE_ONLY;RESEARCH_ONLY;SAMPLE_TOO_SMALL_LOCAL_11_MATCHES_NOT_PRODUCTION_READY,True,False
MID,138898,Ahmed Chentouf,139565,Larbi Naji,78.253854,23.665417,78.253854,4,medium_research_only,SAME_ROLE_ONLY;RESEARCH_ONLY;SAMPLE_TOO_SMALL_LOCAL_11_MATCHES_NOT_PRODUCTION_READY,True,False
MID,138898,Ahmed Chentouf,139568,Youssef Zghoudi,80.631825,24.375041,80.631825,4,medium_research_only,SAME_ROLE_ONLY;RESEARCH_ONLY;SAMPLE_TOO_SMALL_LOCAL_11_MATCHES_NOT_PRODUCTION_READY,True,False
MID,138898,Ahmed Chentouf,139570,Brahim El Bahraoui,84.028739,26.563819,84.028739,4,medium_research_only,SAME_ROLE_ONLY;RESEARCH_ONLY;SAMPLE_TOO_SMALL_LOCAL_11_MATCHES_NOT_PRODUCTION_READY,True,False
MID,138898,Ahmed Chentouf,140871,Khalid Ait Ouarkhane,77.826669,23.851856,77.826669,4,medium_research_only,SAME_ROLE_ONLY;RESEARCH_ONLY;SAMPLE_TOO_SMALL_LOCAL_11_MATCHES_NOT_PRODUCTION_READY,True,False
MID,138898,Ahmed Chentouf,140872,Mohamed Rabie Hrimat,74.825099,25.013725,74.825099,4,medium_research_only,SAME_ROLE_ONLY;RESEARCH_ONLY;SAMPLE_TOO_SMALL_LOCAL_11_MATCHES_NOT_PRODUCTION_READY,True,False
MID,138898,Ahmed Chentouf,141254,Hamza Afsal,94.290767,17.92111,94.290767,4,medium_research_only,SAME_ROLE_ONLY;RESEARCH_ONLY;SAMPLE_TOO_SMALL_LOCAL_11_MATCHES_NOT_PRODUCTION_READY,True,False
MID,138898,Ahmed Chentouf,143166,Zakaria Fati,78.603664,23.4848,78.603664,4,medium_research_only,SAME_ROLE_ONLY;RESEARCH_ONLY;SAMPLE_TOO_SMALL_LOCAL_11_MATCHES_NOT_PRODUCTION_READY,True,False
MID,138898,Ahmed Chentouf,143490,Ahmed Hammoudan,77.33117,23.955214,77.33117,4,medium_research_only,SAME_ROLE_ONLY;RESEARCH_ONLY;SAMPLE_TOO_SMALL_LOCAL_11_MATCHES_NOT_PRODUCTION_READY,True,False
MID,138898,Ahmed Chentouf,143505,Mohamed Morabit,79.603005,23.059447,79.603005,4,medium_research_only,SAME_ROLE_ONLY;RESEARCH_ONLY;SAMPLE_TOO_SMALL_LOCAL_11_MATCHES_NOT_PRODUCTION_READY,True,False
MID,138898,Ahmed Chentouf,144434,Ismail Moutaraji,80.384607,23.238009,80.384607,4,medium_research_only,SAME_ROLE_ONLY;RESEARCH_ONLY;SAMPLE_TOO_SMALL_LOCAL_11_MATCHES_NOT_PRODUCTION_READY,True,False
MID,138898,Ahmed Chentouf,144436,Anas Serrhat,84.178527,20.869128,84.178527,4,medium_research_only,SAME_ROLE_ONLY;RESEARCH_ONLY;SAMPLE_TOO_SMALL_LOCAL_11_MATCHES_NOT_PRODUCTION_READY,True,False
MID,138898,Ahmed Chentouf,149135,Moses Orkuma,86.603778,19.987959,86.603778,4,medium_research_only,SAME_ROLE_ONLY;RESEARCH_ONLY;SAMPLE_TOO_SMALL_LOCAL_11_MATCHES_NOT_PRODUCTION_READY,True,False
MID,138898,Ahmed Chentouf,151743,Mohamed Al Makahasi,80.085095,22.886415,80.085095,4,medium_research_only,SAME_ROLE_ONLY;RESEARCH_ONLY;SAMPLE_TOO_SMALL_LOCAL_11_MATCHES_NOT_PRODUCTION_READY,True,False
MID,138898,Ahmed Chentouf,154668,Mamadou Lamine Camara,83.850167,21.169598,83.850167,4,medium_research_only,SAME_ROLE_ONLY;RESEARCH_ONLY;SAMPLE_TOO_SMALL_LOCAL_11_MATCHES_NOT_PRODUCTION_READY,True,False
MID,138898,Ahmed Chentouf,161352,Salaheddine Errahouli,76.587478,24.237003,76.587478,4,medium_research_only,SAME_ROLE_ONLY;RESEARCH_ONLY;SAMPLE_TOO_SMALL_LOCAL_11_MATCHES_NOT_PRODUCTION_READY,True,False
MID,138898,Ahmed Chentouf,183765,Mohammed Amine Essahel,92.519278,17.536093,92.519278,4,medium_research_only,SAME_ROLE_ONLY;RESEARCH_ONLY;SAMPLE_TOO_SMALL_LOCAL_11_MATCHES_NOT_PRODUCTION_READY,True,False
MID,138898,Ahmed Chentouf,194809,Oussama Zemraoui,75.909897,24.632181,75.909897,4,medium_research_only,SAME_ROLE_ONLY;RESEARCH_ONLY;SAMPLE_TOO_SMALL_LOCAL_11_MATCHES_NOT_PRODUCTION_READY,True,False
MID,138898,Ahmed Chentouf,194912,Faouzi Abd El Mouttalib,80.180241,23.025972,80.180241,4,medium_research_only,SAME_ROLE_ONLY;RESEARCH_ONLY;SAMPLE_TOO_SMALL_LOCAL_11_MATCHES_NOT_PRODUCTION_READY,True,False
MID,138898,Ahmed Chentouf,195016,Mouad Mouchtanim,86.540552,19.824584,86.540552,4,medium_research_only,SAME_ROLE_ONLY;RESEARCH_ONLY;SAMPLE_TOO_SMALL_LOCAL_11_MATCHES_NOT_PRODUCTION_READY,True,False
MID,138898,Ahmed Chentouf,199611,Youssef Mehri,73.998234,25.157637,73.998234,4,medium_research_only,SAME_ROLE_ONLY;RESEARCH_ONLY;SAMPLE_TOO_SMALL_LOCAL_11_MATCHES_NOT_PRODUCTION_READY,True,False
MID,138898,Ahmed Chentouf,203027,Walid Rhailouf,77.6728,23.920575,77.6728,4,medium_research_only,SAME_ROLE_ONLY;RESEARCH_ONLY;SAMPLE_TOO_SMALL_LOCAL_11_MATCHES_NOT_PRODUCTION_READY,True,False
MID,138898,Ahmed Chentouf,225437,Stephane Aziz Ki,77.8499,24.845386,77.8499,4,medium_research_only,SAME_ROLE_ONLY;RESEARCH_ONLY;SAMPLE_TOO_SMALL_LOCAL_11_MATCHES_NOT_PRODUCTION_READY,True,False
MID,138898,Ahmed Chentouf,261620,Nadir Lougmani,75.1493,25.080443,75.1493,4,medium_research_only,SAME_ROLE_ONLY;RESEARCH_ONLY;SAMPLE_TOO_SMALL_LOCAL_11_MATCHES_NOT_PRODUCTION_READY,True,False
MID,138898,Ahmed Chentouf,275341,Yazid Faffa,89.186027,20.575961,89.186027,4,medium_research_only,SAME_ROLE_ONLY;RESEARCH_ONLY;SAMPLE_TOO_SMALL_LOCAL_11_MATCHES_NOT_PRODUCTION_READY,True,False
MID,138898,Ahmed Chentouf,312935,Amine Azri,91.020529,17.895414,91.020529,4,medium_research_only,SAME_ROLE_ONLY;RESEARCH_ONLY;SAMPLE_TOO_SMALL_LOCAL_11_MATCHES_NOT_PRODUCTION_READY,True,False
MID,138898,Ahmed Chentouf,313277,Mohamed Chemlal,67.462572,38.25364,67.462572,4,medium_research_only,SAME_ROLE_ONLY;RESEARCH_ONLY;SAMPLE_TOO_SMALL_LOCAL_11_MATCHES_NOT_PRODUCTION_READY,True,False
MID,138898,Ahmed Chentouf,313284,Achraf Harmach,81.660375,22.578022,81.660375,4,medium_research_only,SAME_ROLE_ONLY;RESEARCH_ONLY;SAMPLE_TOO_SMALL_LOCAL_11_MATCHES_NOT_PRODUCTION_READY,True,False
MID,138898,Ahmed Chentouf,314460,Ayoub Bouaadli,80.982289,22.498726,80.982289,4,medium_research_only,SAME_ROLE_ONLY;RESEARCH_ONLY;SAMPLE_TOO_SMALL_LOCAL_11_MATCHES_NOT_PRODUCTION_READY,True,False
MID,138898,Ahmed Chentouf,323979,Zakaria Fatihi,87.775639,18.818554,87.775639,4,medium_research_only,SAME_ROLE_ONLY;RESEARCH_ONLY;SAMPLE_TOO_SMALL_LOCAL_11_MATCHES_NOT_PRODUCTION_READY,True,False
MID,138898,Ahmed Chentouf,360838,Zakaria Ami,93.672304,22.061453,93.672304,4,medium_research_only,SAME_ROLE_ONLY;RESEARCH_ONLY;SAMPLE_TOO_SMALL_LOCAL_11_MATCHES_NOT_PRODUCTION_READY,True,False
MID,138898,Ahmed Chentouf,380600,Mouad Goulouss,86.82619,23.182106,86.82619,4,medium_research_only,SAME_ROLE_ONLY;RESEARCH_ONLY;SAMPLE_TOO_SMALL_LOCAL_11_MATCHES_NOT_PRODUCTION_READY,True,False
MID,138898,Ahmed Chentouf,381935,Ismail Mihrab,92.909823,20.040336,92.909823,4,medium_research_only,SAME_ROLE_ONLY;RESEARCH_ONLY;SAMPLE_TOO_SMALL_LOCAL_11_MATCHES_NOT_PRODUCTION_READY,True,False
MID,138898,Ahmed Chentouf,396748,Youssef Laghzal,95.891274,21.914042,95.891274,4,medium_research_only,SAME_ROLE_ONLY;RESEARCH_ONLY;SAMPLE_TOO_SMALL_LOCAL_11_MATCHES_NOT_PRODUCTION_READY,True,False
MID,138898,Ahmed Chentouf,405645,Othmane Chraibi,77.403066,24.898112,77.403066,4,medium_research_only,SAME_ROLE_ONLY;RESEARCH_ONLY;SAMPLE_TOO_SMALL_LOCAL_11_MATCHES_NOT_PRODUCTION_READY,True,False
MID,138898,Ahmed Chentouf,406269,Danilson Gomes Tavares,90.95137,20.673792,90.95137,4,medium_research_only,SAME_ROLE_ONLY;RESEARCH_ONLY;SAMPLE_TOO_SMALL_LOCAL_11_MATCHES_NOT_PRODUCTION_READY,True,False
MID,138898,Ahmed Chentouf,407207,Ennaama El Bellali,81.045993,22.431396,81.045993,4,medium_research_only,SAME_ROLE_ONLY;RESEARCH_ONLY;SAMPLE_TOO_SMALL_LOCAL_11_MATCHES_NOT_PRODUCTION_READY,True,False
MID,138898,Ahmed Chentouf,407506,Oussama Nourdine,91.824336,17.230252,91.824336,4,medium_research_only,SAME_ROLE_ONLY;RESEARCH_ONLY;SAMPLE_TOO_SMALL_LOCAL_11_MATCHES_NOT_PRODUCTION_READY,True,False
MID,138898,Ahmed Chentouf,407852,Abdessamad Mahir,92.483574,17.710039,92.483574,4,medium_research_only,SAME_ROLE_ONLY;RESEARCH_ONLY;SAMPLE_TOO_SMALL_LOCAL_11_MATCHES_NOT_PRODUCTION_READY,True,False
MID,138898,Ahmed Chentouf,415853,Claude Gnolou,89.17623,18.659659,89.17623,4,medium_research_only,SAME_ROLE_ONLY;RESEARCH_ONLY;SAMPLE_TOO_SMALL_LOCAL_11_MATCHES_NOT_PRODUCTION_READY,True,False
MID,138898,Ahmed Chentouf,416303,El Mahdi Akoumi,81.544608,23.582033,81.544608,4,medium_research_only,SAME_ROLE_ONLY;RESEARCH_ONLY;SAMPLE_TOO_SMALL_LOCAL_11_MATCHES_NOT_PRODUCTION_READY,True,False
MID,138898,Ahmed Chentouf,424979,Soufiane Tazi,79.564741,23.091802,79.564741,4,medium_research_only,SAME_ROLE_ONLY;RESEARCH_ONLY;SAMPLE_TOO_SMALL_LOCAL_11_MATCHES_NOT_PRODUCTION_READY,True,False
MID,138898,Ahmed Chentouf,442288,Adnane Berdad,85.162977,21.380175,85.162977,4,medium_research_only,SAME_ROLE_ONLY;RESEARCH_ONLY;SAMPLE_TOO_SMALL_LOCAL_11_MATCHES_NOT_PRODUCTION_READY,True,False
MID,138898,Ahmed Chentouf,442292,Abdellatif El Bajjani,80.270235,22.759527,80.270235,4,medium_research_only,SAME_ROLE_ONLY;RESEARCH_ONLY;SAMPLE_TOO_SMALL_LOCAL_11_MATCHES_NOT_PRODUCTION_READY,True,False
MID,138898,Ahmed Chentouf,443951,Youness Akharraz,77.175855,24.430993,77.175855,4,medium_research_only,SAME_ROLE_ONLY;RESEARCH_ONLY;SAMPLE_TOO_SMALL_LOCAL_11_MATCHES_NOT_PRODUCTION_READY,True,False
MID,138898,Ahmed Chentouf,445163,Ayoub Maamouri,80.075917,24.801327,80.075917,4,medium_research_only,SAME_ROLE_ONLY;RESEARCH_ONLY;SAMPLE_TOO_SMALL_LOCAL_11_MATCHES_NOT_PRODUCTION_READY,True,False
MID,138898,Ahmed Chentouf,446355,Ishak Zidani,77.508839,23.878629,77.508839,4,medium_research_only,SAME_ROLE_ONLY;RESEARCH_ONLY;SAMPLE_TOO_SMALL_LOCAL_11_MATCHES_NOT_PRODUCTION_READY,True,False
MID,138898,Ahmed Chentouf,449373,Marouane Oujeddou,78.432433,23.886252,78.432433,4,medium_research_only,SAME_ROLE_ONLY;RESEARCH_ONLY;SAMPLE_TOO_SMALL_LOCAL_11_MATCHES_NOT_PRODUCTION_READY,True,False
MID,138898,Ahmed Chentouf,449471,Ayman Tarrazi,90.1883,20.368713,90.1883,4,medium_research_only,SAME_ROLE_ONLY;RESEARCH_ONLY;SAMPLE_TOO_SMALL_LOCAL_11_MATCHES_NOT_PRODUCTION_READY,True,False
MID,138898,Ahmed Chentouf,450709,Joseph Bakasu       ,79.162458,23.269368,79.162458,4,medium_research_only,SAME_ROLE_ONLY;RESEARCH_ONLY;SAMPLE_TOO_SMALL_LOCAL_11_MATCHES_NOT_PRODUCTION_READY,True,False
MID,138898,Ahmed Chentouf,460266,Youness Dahmani,96.258673,22.451943,96.258673,4,medium_research_only,SAME_ROLE_ONLY;RESEARCH_ONLY;SAMPLE_TOO_SMALL_LOCAL_11_MATCHES_NOT_PRODUCTION_READY,True,False
MID,138898,Ahmed Chentouf,477679,Redouane Oubidar,95.012757,15.355206,95.012757,4,medium_research_only,SAME_ROLE_ONLY;RESEARCH_ONLY;SAMPLE_TOO_SMALL_LOCAL_11_MATCHES_NOT_PRODUCTION_READY,True,False
MID,138898,Ahmed Chentouf,477680,Hamza Saoud,75.227463,25.82254,75.227463,4,medium_research_only,SAME_ROLE_ONLY;RESEARCH_ONLY;SAMPLE_TOO_SMALL_LOCAL_11_MATCHES_NOT_PRODUCTION_READY,True,False
MID,138898,Ahmed Chentouf,477682,Ayoub Benaadi,76.194391,24.356552,76.194391,4,medium_research_only,SAME_ROLE_ONLY;RESEARCH_ONLY;SAMPLE_TOO_SMALL_LOCAL_11_MATCHES_NOT_PRODUCTION_READY,True,False
MID,138898,Ahmed Chentouf,477688,Ayoub El Khaffi,82.213014,22.668459,82.213014,4,medium_research_only,SAME_ROLE_ONLY;RESEARCH_ONLY;SAMPLE_TOO_SMALL_LOCAL_11_MATCHES_NOT_PRODUCTION_READY,True,False
MID,138898,Ahmed Chentouf,523298,Mohamed Ahayaoui,87.781819,18.913605,87.781819,4,medium_research_only,SAME_ROLE_ONLY;RESEARCH_ONLY;SAMPLE_TOO_SMALL_LOCAL_11_MATCHES_NOT_PRODUCTION_READY,True,False
MID,138898,Ahmed Chentouf,523308,Adil Khalloufi,90.200289,17.757638,90.200289,4,medium_research_only,SAME_ROLE_ONLY;RESEARCH_ONLY;SAMPLE_TOO_SMALL_LOCAL_11_MATCHES_NOT_PRODUCTION_READY,True,False
MID,138898,Ahmed Chentouf,523312,Brahim Mansouri,73.364969,25.371829,73.364969,4,medium_research_only,SAME_ROLE_ONLY;RESEARCH_ONLY;SAMPLE_TOO_SMALL_LOCAL_11_MATCHES_NOT_PRODUCTION_READY,True,False
MID,138898,Ahmed Chentouf,523319,Omar Ouddah,92.27408,15.986753,92.27408,4,medium_research_only,SAME_ROLE_ONLY;RESEARCH_ONLY;SAMPLE_TOO_SMALL_LOCAL_11_MATCHES_NOT_PRODUCTION_READY,True,False
MID,138898,Ahmed Chentouf,523973,Hamza Rafa,77.525444,23.884423,77.525444,4,medium_research_only,SAME_ROLE_ONLY;RESEARCH_ONLY;SAMPLE_TOO_SMALL_LOCAL_11_MATCHES_NOT_PRODUCTION_READY,True,False
MID,138898,Ahmed Chentouf,523996,Fred Duval Ngoma,79.104763,23.249033,79.104763,4,medium_research_only,SAME_ROLE_ONLY;RESEARCH_ONLY;SAMPLE_TOO_SMALL_LOCAL_11_MATCHES_NOT_PRODUCTION_READY,True,False
MID,138898,Ahmed Chentouf,523997,Karim L'Koucha,86.323685,22.407486,86.323685,4,medium_research_only,SAME_ROLE_ONLY;RESEARCH_ONLY;SAMPLE_TOO_SMALL_LOCAL_11_MATCHES_NOT_PRODUCTION_READY,True,False
MID,138898,Ahmed Chentouf,523999,Zakaria Kessary,77.175356,24.091878,77.175356,4,medium_research_only,SAME_ROLE_ONLY;RESEARCH_ONLY;SAMPLE_TOO_SMALL_LOCAL_11_MATCHES_NOT_PRODUCTION_READY,True,False
MID,138898,Ahmed Chentouf,524000,Ahmed Aboulfath,87.75347,21.306376,87.75347,4,medium_research_only,SAME_ROLE_ONLY;RESEARCH_ONLY;SAMPLE_TOO_SMALL_LOCAL_11_MATCHES_NOT_PRODUCTION_READY,True,False
MID,138898,Ahmed Chentouf,524002,Salim Ghazzani,81.079141,23.14479,81.079141,4,medium_research_only,SAME_ROLE_ONLY;RESEARCH_ONLY;SAMPLE_TOO_SMALL_LOCAL_11_MATCHES_NOT_PRODUCTION_READY,True,False
MID,138898,Ahmed Chentouf,524003,Mohammed Es-Sahel,92.098852,18.450098,92.098852,4,medium_research_only,SAME_ROLE_ONLY;RESEARCH_ONLY;SAMPLE_TOO_SMALL_LOCAL_11_MATCHES_NOT_PRODUCTION_READY,True,False
MID,138898,Ahmed Chentouf,524511,Saad Nassik,83.054032,21.911377,83.054032,4,medium_research_only,SAME_ROLE_ONLY;RESEARCH_ONLY;SAMPLE_TOO_SMALL_LOCAL_11_MATCHES_NOT_PRODUCTION_READY,True,False
MID,138983,Zine Eddine Derrag,139545,Mohammad El Fakih,88.533561,12.638606,88.533561,4,medium_research_only,SAME_ROLE_ONLY;RESEARCH_ONLY;SAMPLE_TOO_SMALL_LOCAL_11_MATCHES_NOT_PRODUCTION_READY,True,False
MID,138983,Zine Eddine Derrag,139554,Abdoulaye Diarra,99.095973,7.929893,99.095973,4,medium_research_only,SAME_ROLE_ONLY;RESEARCH_ONLY;SAMPLE_TOO_SMALL_LOCAL_11_MATCHES_NOT_PRODUCTION_READY,True,False
MID,138983,Zine Eddine Derrag,139565,Larbi Naji,98.914861,5.248663,98.914861,4,medium_research_only,SAME_ROLE_ONLY;RESEARCH_ONLY;SAMPLE_TOO_SMALL_LOCAL_11_MATCHES_NOT_PRODUCTION_READY,True,False
MID,138983,Zine Eddine Derrag,139568,Youssef Zghoudi,99.850904,9.958479,99.850904,4,medium_research_only,SAME_ROLE_ONLY;RESEARCH_ONLY;SAMPLE_TOO_SMALL_LOCAL_11_MATCHES_NOT_PRODUCTION_READY,True,False
MID,138983,Zine Eddine Derrag,139570,Brahim El Bahraoui,94.537297,15.574287,94.537297,4,medium_research_only,SAME_ROLE_ONLY;RESEARCH_ONLY;SAMPLE_TOO_SMALL_LOCAL_11_MATCHES_NOT_PRODUCTION_READY,True,False
MID,138983,Zine Eddine Derrag,140871,Khalid Ait Ouarkhane,90.859886,10.609765,90.859886,4,medium_research_only,SAME_ROLE_ONLY;RESEARCH_ONLY;SAMPLE_TOO_SMALL_LOCAL_11_MATCHES_NOT_PRODUCTION_READY,True,False
MID,138983,Zine Eddine Derrag,140872,Mohamed Rabie Hrimat,94.87251,8.118832,94.87251,4,medium_research_only,SAME_ROLE_ONLY;RESEARCH_ONLY;SAMPLE_TOO_SMALL_LOCAL_11_MATCHES_NOT_PRODUCTION_READY,True,False
MID,138983,Zine Eddine Derrag,141254,Hamza Afsal,87.001798,12.306499,87.001798,4,medium_research_only,SAME_ROLE_ONLY;RESEARCH_ONLY;SAMPLE_TOO_SMALL_LOCAL_11_MATCHES_NOT_PRODUCTION_READY,True,False
MID,138983,Zine Eddine Derrag,143166,Zakaria Fati,99.413125,4.079516,99.413125,4,medium_research_only,SAME_ROLE_ONLY;RESEARCH_ONLY;SAMPLE_TOO_SMALL_LOCAL_11_MATCHES_NOT_PRODUCTION_READY,True,False
MID,138983,Zine Eddine Derrag,143490,Ahmed Hammoudan,92.918997,9.423422,92.918997,4,medium_research_only,SAME_ROLE_ONLY;RESEARCH_ONLY;SAMPLE_TOO_SMALL_LOCAL_11_MATCHES_NOT_PRODUCTION_READY,True,False
MID,138983,Zine Eddine Derrag,143505,Mohamed Morabit,83.629074,14.044379,83.629074,4,medium_research_only,SAME_ROLE_ONLY;RESEARCH_ONLY;SAMPLE_TOO_SMALL_LOCAL_11_MATCHES_NOT_PRODUCTION_READY,True,False
MID,138983,Zine Eddine Derrag,144434,Ismail Moutaraji,99.893664,4.230137,99.893664,4,medium_research_only,SAME_ROLE_ONLY;RESEARCH_ONLY;SAMPLE_TOO_SMALL_LOCAL_11_MATCHES_NOT_PRODUCTION_READY,True,False
MID,138983,Zine Eddine Derrag,144436,Anas Serrhat,97.447275,6.178603,97.447275,4,medium_research_only,SAME_ROLE_ONLY;RESEARCH_ONLY;SAMPLE_TOO_SMALL_LOCAL_11_MATCHES_NOT_PRODUCTION_READY,True,False
MID,138983,Zine Eddine Derrag,149135,Moses Orkuma,98.670444,4.406642,98.670444,4,medium_research_only,SAME_ROLE_ONLY;RESEARCH_ONLY;SAMPLE_TOO_SMALL_LOCAL_11_MATCHES_NOT_PRODUCTION_READY,True,False
MID,138983,Zine Eddine Derrag,151743,Mohamed Al Makahasi,98.10482,5.336595,98.10482,4,medium_research_only,SAME_ROLE_ONLY;RESEARCH_ONLY;SAMPLE_TOO_SMALL_LOCAL_11_MATCHES_NOT_PRODUCTION_READY,True,False
MID,138983,Zine Eddine Derrag,154668,Mamadou Lamine Camara,97.29083,5.945427,97.29083,4,medium_research_only,SAME_ROLE_ONLY;RESEARCH_ONLY;SAMPLE_TOO_SMALL_LOCAL_11_MATCHES_NOT_PRODUCTION_READY,True,False
MID,138983,Zine Eddine Derrag,161352,Salaheddine Errahouli,88.913221,11.487545,88.913221,4,medium_research_only,SAME_ROLE_ONLY;RESEARCH_ONLY;SAMPLE_TOO_SMALL_LOCAL_11_MATCHES_NOT_PRODUCTION_READY,True,False
MID,138983,Zine Eddine Derrag,183765,Mohammed Amine Essahel,94.399855,8.464821,94.399855,4,medium_research_only,SAME_ROLE_ONLY;RESEARCH_ONLY;SAMPLE_TOO_SMALL_LOCAL_11_MATCHES_NOT_PRODUCTION_READY,True,False
MID,138983,Zine Eddine Derrag,194809,Oussama Zemraoui,94.546147,8.438338,94.546147,4,medium_research_only,SAME_ROLE_ONLY;RESEARCH_ONLY;SAMPLE_TOO_SMALL_LOCAL_11_MATCHES_NOT_PRODUCTION_READY,True,False
MID,138983,Zine Eddine Derrag,194912,Faouzi Abd El Mouttalib,99.356514,4.991683,99.356514,4,medium_research_only,SAME_ROLE_ONLY;RESEARCH_ONLY;SAMPLE_TOO_SMALL_LOCAL_11_MATCHES_NOT_PRODUCTION_READY,True,False
MID,138983,Zine Eddine Derrag,195016,Mouad Mouchtanim,96.870627,6.375818,96.870627,4,medium_research_only,SAME_ROLE_ONLY;RESEARCH_ONLY;SAMPLE_TOO_SMALL_LOCAL_11_MATCHES_NOT_PRODUCTION_READY,True,False
MID,138983,Zine Eddine Derrag,199611,Youssef Mehri,92.473748,9.652964,92.473748,4,medium_research_only,SAME_ROLE_ONLY;RESEARCH_ONLY;SAMPLE_TOO_SMALL_LOCAL_11_MATCHES_NOT_PRODUCTION_READY,True,False
MID,138983,Zine Eddine Derrag,203027,Walid Rhailouf,98.404289,4.59973,98.404289,4,medium_research_only,SAME_ROLE_ONLY;RESEARCH_ONLY;SAMPLE_TOO_SMALL_LOCAL_11_MATCHES_NOT_PRODUCTION_READY,True,False
MID,138983,Zine Eddine Derrag,225437,Stephane Aziz Ki,93.628794,11.567123,93.628794,4,medium_research_only,SAME_ROLE_ONLY;RESEARCH_ONLY;SAMPLE_TOO_SMALL_LOCAL_11_MATCHES_NOT_PRODUCTION_READY,True,False
MID,138983,Zine Eddine Derrag,261620,Nadir Lougmani,99.540568,8.398796,99.540568,4,medium_research_only,SAME_ROLE_ONLY;RESEARCH_ONLY;SAMPLE_TOO_SMALL_LOCAL_11_MATCHES_NOT_PRODUCTION_READY,True,False
MID,138983,Zine Eddine Derrag,275341,Yazid Faffa,95.802695,8.735463,95.802695,4,medium_research_only,SAME_ROLE_ONLY;RESEARCH_ONLY;SAMPLE_TOO_SMALL_LOCAL_11_MATCHES_NOT_PRODUCTION_READY,True,False
MID,138983,Zine Eddine Derrag,312935,Amine Azri,95.410897,7.668297,95.410897,4,medium_research_only,SAME_ROLE_ONLY;RESEARCH_ONLY;SAMPLE_TOO_SMALL_LOCAL_11_MATCHES_NOT_PRODUCTION_READY,True,False
MID,138983,Zine Eddine Derrag,313277,Mohamed Chemlal,81.841473,29.263811,81.841473,4,medium_research_only,SAME_ROLE_ONLY;RESEARCH_ONLY;SAMPLE_TOO_SMALL_LOCAL_11_MATCHES_NOT_PRODUCTION_READY,True,False
MID,138983,Zine Eddine Derrag,313284,Achraf Harmach,99.656216,5.018636,99.656216,4,medium_research_only,SAME_ROLE_ONLY;RESEARCH_ONLY;SAMPLE_TOO_SMALL_LOCAL_11_MATCHES_NOT_PRODUCTION_READY,True,False
MID,138983,Zine Eddine Derrag,314460,Ayoub Bouaadli,99.105675,3.910625,99.105675,4,medium_research_only,SAME_ROLE_ONLY;RESEARCH_ONLY;SAMPLE_TOO_SMALL_LOCAL_11_MATCHES_NOT_PRODUCTION_READY,True,False
MID,138983,Zine Eddine Derrag,323979,Zakaria Fatihi,92.678731,10.407735,92.678731,4,medium_research_only,SAME_ROLE_ONLY;RESEARCH_ONLY;SAMPLE_TOO_SMALL_LOCAL_11_MATCHES_NOT_PRODUCTION_READY,True,False
MID,138983,Zine Eddine Derrag,360838,Zakaria Ami,76.712278,15.582181,76.712278,4,medium_research_only,SAME_ROLE_ONLY;RESEARCH_ONLY;SAMPLE_TOO_SMALL_LOCAL_11_MATCHES_NOT_PRODUCTION_READY,True,False
MID,138983,Zine Eddine Derrag,380600,Mouad Goulouss,96.756408,10.953246,96.756408,4,medium_research_only,SAME_ROLE_ONLY;RESEARCH_ONLY;SAMPLE_TOO_SMALL_LOCAL_11_MATCHES_NOT_PRODUCTION_READY,True,False
MID,138983,Zine Eddine Derrag,381935,Ismail Mihrab,93.957414,10.146099,93.957414,4,medium_research_only,SAME_ROLE_ONLY;RESEARCH_ONLY;SAMPLE_TOO_SMALL_LOCAL_11_MATCHES_NOT_PRODUCTION_READY,True,False
MID,138983,Zine Eddine Derrag,396748,Youssef Laghzal,92.160167,12.632179,92.160167,4,medium_research_only,SAME_ROLE_ONLY;RESEARCH_ONLY;SAMPLE_TOO_SMALL_LOCAL_11_MATCHES_NOT_PRODUCTION_READY,True,False
MID,138983,Zine Eddine Derrag,405645,Othmane Chraibi,99.879537,4.527023,99.879537,4,medium_research_only,SAME_ROLE_ONLY;RESEARCH_ONLY;SAMPLE_TOO_SMALL_LOCAL_11_MATCHES_NOT_PRODUCTION_READY,True,False
MID,138983,Zine Eddine Derrag,406269,Danilson Gomes Tavares,95.262925,9.652451,95.262925,4,medium_research_only,SAME_ROLE_ONLY;RESEARCH_ONLY;SAMPLE_TOO_SMALL_LOCAL_11_MATCHES_NOT_PRODUCTION_READY,True,False
MID,138983,Zine Eddine Derrag,407207,Ennaama El Bellali,99.638094,2.563558,99.638094,4,medium_research_only,SAME_ROLE_ONLY;RESEARCH_ONLY;SAMPLE_TOO_SMALL_LOCAL_11_MATCHES_NOT_PRODUCTION_READY,True,False
MID,138983,Zine Eddine Derrag,407506,Oussama Nourdine,96.097348,7.086453,96.097348,4,medium_research_only,SAME_ROLE_ONLY;RESEARCH_ONLY;SAMPLE_TOO_SMALL_LOCAL_11_MATCHES_NOT_PRODUCTION_READY,True,False
MID,138983,Zine Eddine Derrag,407852,Abdessamad Mahir,95.100636,8.038478,95.100636,4,medium_research_only,SAME_ROLE_ONLY;RESEARCH_ONLY;SAMPLE_TOO_SMALL_LOCAL_11_MATCHES_NOT_PRODUCTION_READY,True,False
MID,138983,Zine Eddine Derrag,415853,Claude Gnolou,97.520068,5.731359,97.520068,4,medium_research_only,SAME_ROLE_ONLY;RESEARCH_ONLY;SAMPLE_TOO_SMALL_LOCAL_11_MATCHES_NOT_PRODUCTION_READY,True,False
MID,138983,Zine Eddine Derrag,416303,El Mahdi Akoumi,99.122731,8.635683,99.122731,4,medium_research_only,SAME_ROLE_ONLY;RESEARCH_ONLY;SAMPLE_TOO_SMALL_LOCAL_11_MATCHES_NOT_PRODUCTION_READY,True,False
MID,138983,Zine Eddine Derrag,424979,Soufiane Tazi,98.767128,4.048821,98.767128,4,medium_research_only,SAME_ROLE_ONLY;RESEARCH_ONLY;SAMPLE_TOO_SMALL_LOCAL_11_MATCHES_NOT_PRODUCTION_READY,True,False
MID,138983,Zine Eddine Derrag,442288,Adnane Berdad,98.802411,5.914097,98.802411,4,medium_research_only,SAME_ROLE_ONLY;RESEARCH_ONLY;SAMPLE_TOO_SMALL_LOCAL_11_MATCHES_NOT_PRODUCTION_READY,True,False
MID,138983,Zine Eddine Derrag,442292,Abdellatif El Bajjani,98.995751,3.768307,98.995751,4,medium_research_only,SAME_ROLE_ONLY;RESEARCH_ONLY;SAMPLE_TOO_SMALL_LOCAL_11_MATCHES_NOT_PRODUCTION_READY,True,False
MID,138983,Zine Eddine Derrag,443951,Youness Akharraz,99.907547,7.370701,99.907547,4,medium_research_only,SAME_ROLE_ONLY;RESEARCH_ONLY;SAMPLE_TOO_SMALL_LOCAL_11_MATCHES_NOT_PRODUCTION_READY,True,False
MID,138983,Zine Eddine Derrag,445163,Ayoub Maamouri,86.974695,13.69546,86.974695,4,medium_research_only,SAME_ROLE_ONLY;RESEARCH_ONLY;SAMPLE_TOO_SMALL_LOCAL_11_MATCHES_NOT_PRODUCTION_READY,True,False
MID,138983,Zine Eddine Derrag,446355,Ishak Zidani,99.314779,4.02767,99.314779,4,medium_research_only,SAME_ROLE_ONLY;RESEARCH_ONLY;SAMPLE_TOO_SMALL_LOCAL_11_MATCHES_NOT_PRODUCTION_READY,True,False
MID,138983,Zine Eddine Derrag,449373,Marouane Oujeddou,93.794054,9.664103,93.794054,4,medium_research_only,SAME_ROLE_ONLY;RESEARCH_ONLY;SAMPLE_TOO_SMALL_LOCAL_11_MATCHES_NOT_PRODUCTION_READY,True,False
MID,138983,Zine Eddine Derrag,449471,Ayman Tarrazi,97.15,8.186305,97.15,4,medium_research_only,SAME_ROLE_ONLY;RESEARCH_ONLY;SAMPLE_TOO_SMALL_LOCAL_11_MATCHES_NOT_PRODUCTION_READY,True,False
MID,138983,Zine Eddine Derrag,450709,Joseph Bakasu       ,99.931501,3.170353,99.931501,4,medium_research_only,SAME_ROLE_ONLY;RESEARCH_ONLY;SAMPLE_TOO_SMALL_LOCAL_11_MATCHES_NOT_PRODUCTION_READY,True,False
MID,138983,Zine Eddine Derrag,460266,Youness Dahmani,71.921292,16.487262,71.921292,4,medium_research_only,SAME_ROLE_ONLY;RESEARCH_ONLY;SAMPLE_TOO_SMALL_LOCAL_11_MATCHES_NOT_PRODUCTION_READY,True,False
MID,138983,Zine Eddine Derrag,477679,Redouane Oubidar,92.804079,9.517481,92.804079,4,medium_research_only,SAME_ROLE_ONLY;RESEARCH_ONLY;SAMPLE_TOO_SMALL_LOCAL_11_MATCHES_NOT_PRODUCTION_READY,True,False
MID,138983,Zine Eddine Derrag,477680,Hamza Saoud,98.809981,5.736998,98.809981,4,medium_research_only,SAME_ROLE_ONLY;RESEARCH_ONLY;SAMPLE_TOO_SMALL_LOCAL_11_MATCHES_NOT_PRODUCTION_READY,True,False
MID,138983,Zine Eddine Derrag,477682,Ayoub Benaadi,92.943433,9.427634,92.943433,4,medium_research_only,SAME_ROLE_ONLY;RESEARCH_ONLY;SAMPLE_TOO_SMALL_LOCAL_11_MATCHES_NOT_PRODUCTION_READY,True,False
MID,138983,Zine Eddine Derrag,477688,Ayoub El Khaffi,99.716138,6.501381,99.716138,4,medium_research_only,SAME_ROLE_ONLY;RESEARCH_ONLY;SAMPLE_TOO_SMALL_LOCAL_11_MATCHES_NOT_PRODUCTION_READY,True,False
MID,138983,Zine Eddine Derrag,523298,Mohamed Ahayaoui,97.501235,5.925629,97.501235,4,medium_research_only,SAME_ROLE_ONLY;RESEARCH_ONLY;SAMPLE_TOO_SMALL_LOCAL_11_MATCHES_NOT_PRODUCTION_READY,True,False
MID,138983,Zine Eddine Derrag,523308,Adil Khalloufi,96.892131,6.388133,96.892131,4,medium_research_only,SAME_ROLE_ONLY;RESEARCH_ONLY;SAMPLE_TOO_SMALL_LOCAL_11_MATCHES_NOT_PRODUCTION_READY,True,False
MID,138983,Zine Eddine Derrag,523312,Brahim Mansouri,86.500894,12.691276,86.500894,4,medium_research_only,SAME_ROLE_ONLY;RESEARCH_ONLY;SAMPLE_TOO_SMALL_LOCAL_11_MATCHES_NOT_PRODUCTION_READY,True,False
MID,138983,Zine Eddine Derrag,523319,Omar Ouddah,95.633696,7.962669,95.633696,4,medium_research_only,SAME_ROLE_ONLY;RESEARCH_ONLY;SAMPLE_TOO_SMALL_LOCAL_11_MATCHES_NOT_PRODUCTION_READY,True,False
MID,138983,Zine Eddine Derrag,523973,Hamza Rafa,99.987171,1.760726,99.987171,4,medium_research_only,SAME_ROLE_ONLY;RESEARCH_ONLY;SAMPLE_TOO_SMALL_LOCAL_11_MATCHES_NOT_PRODUCTION_READY,True,False
MID,138983,Zine Eddine Derrag,523996,Fred Duval Ngoma,99.955158,1.808411,99.955158,4,medium_research_only,SAME_ROLE_ONLY;RESEARCH_ONLY;SAMPLE_TOO_SMALL_LOCAL_11_MATCHES_NOT_PRODUCTION_READY,True,False
MID,138983,Zine Eddine Derrag,523997,Karim L'Koucha,98.718273,8.841343,98.718273,4,medium_research_only,SAME_ROLE_ONLY;RESEARCH_ONLY;SAMPLE_TOO_SMALL_LOCAL_11_MATCHES_NOT_PRODUCTION_READY,True,False
MID,138983,Zine Eddine Derrag,523999,Zakaria Kessary,98.732565,4.097465,98.732565,4,medium_research_only,SAME_ROLE_ONLY;RESEARCH_ONLY;SAMPLE_TOO_SMALL_LOCAL_11_MATCHES_NOT_PRODUCTION_READY,True,False
MID,138983,Zine Eddine Derrag,524000,Ahmed Aboulfath,86.977299,12.485735,86.977299,4,medium_research_only,SAME_ROLE_ONLY;RESEARCH_ONLY;SAMPLE_TOO_SMALL_LOCAL_11_MATCHES_NOT_PRODUCTION_READY,True,False
MID,138983,Zine Eddine Derrag,524002,Salim Ghazzani,85.378839,16.756067,85.378839,4,medium_research_only,SAME_ROLE_ONLY;RESEARCH_ONLY;SAMPLE_TOO_SMALL_LOCAL_11_MATCHES_NOT_PRODUCTION_READY,True,False
MID,138983,Zine Eddine Derrag,524003,Mohammed Es-Sahel,95.690872,7.927278,95.690872,4,medium_research_only,SAME_ROLE_ONLY;RESEARCH_ONLY;SAMPLE_TOO_SMALL_LOCAL_11_MATCHES_NOT_PRODUCTION_READY,True,False
MID,138983,Zine Eddine Derrag,524511,Saad Nassik,99.508769,4.47296,99.508769,4,medium_research_only,SAME_ROLE_ONLY;RESEARCH_ONLY;SAMPLE_TOO_SMALL_LOCAL_11_MATCHES_NOT_PRODUCTION_READY,True,False
MID,139545,Mohammad El Fakih,139554,Abdoulaye Diarra,91.277837,11.754379,91.277837,4,medium_research_only,SAME_ROLE_ONLY;RESEARCH_ONLY;SAMPLE_TOO_SMALL_LOCAL_11_MATCHES_NOT_PRODUCTION_READY,True,False
MID,139545,Mohammad El Fakih,139565,Larbi Naji,93.862771,9.418296,93.862771,4,medium_research_only,SAME_ROLE_ONLY;RESEARCH_ONLY;SAMPLE_TOO_SMALL_LOCAL_11_MATCHES_NOT_PRODUCTION_READY,True,False
MID,139545,Mohammad El Fakih,139568,Youssef Zghoudi,89.379723,13.414002,89.379723,4,medium_research_only,SAME_ROLE_ONLY;RESEARCH_ONLY;SAMPLE_TOO_SMALL_LOCAL_11_MATCHES_NOT_PRODUCTION_READY,True,False
MID,139545,Mohammad El Fakih,139570,Brahim El Bahraoui,97.091413,16.071289,97.091413,4,medium_research_only,SAME_ROLE_ONLY;RESEARCH_ONLY;SAMPLE_TOO_SMALL_LOCAL_11_MATCHES_NOT_PRODUCTION_READY,True,False
MID,139545,Mohammad El Fakih,140871,Khalid Ait Ouarkhane,99.427305,5.758628,99.427305,4,medium_research_only,SAME_ROLE_ONLY;RESEARCH_ONLY;SAMPLE_TOO_SMALL_LOCAL_11_MATCHES_NOT_PRODUCTION_READY,True,False
MID,139545,Mohammad El Fakih,140872,Mohamed Rabie Hrimat,98.106903,5.26049,98.106903,4,medium_research_only,SAME_ROLE_ONLY;RESEARCH_ONLY;SAMPLE_TOO_SMALL_LOCAL_11_MATCHES_NOT_PRODUCTION_READY,True,False
MID,139545,Mohammad El Fakih,141254,Hamza Afsal,90.541022,11.308026,90.541022,4,medium_research_only,SAME_ROLE_ONLY;RESEARCH_ONLY;SAMPLE_TOO_SMALL_LOCAL_11_MATCHES_NOT_PRODUCTION_READY,True,False
MID,139545,Mohammad El Fakih,143166,Zakaria Fati,92.777607,9.8918,92.777607,4,medium_research_only,SAME_ROLE_ONLY;RESEARCH_ONLY;SAMPLE_TOO_SMALL_LOCAL_11_MATCHES_NOT_PRODUCTION_READY,True,False
MID,139545,Mohammad El Fakih,143490,Ahmed Hammoudan,98.141002,6.164945,98.141002,4,medium_research_only,SAME_ROLE_ONLY;RESEARCH_ONLY;SAMPLE_TOO_SMALL_LOCAL_11_MATCHES_NOT_PRODUCTION_READY,True,False
MID,139545,Mohammad El Fakih,143505,Mohamed Morabit,97.382334,6.365586,97.382334,4,medium_research_only,SAME_ROLE_ONLY;RESEARCH_ONLY;SAMPLE_TOO_SMALL_LOCAL_11_MATCHES_NOT_PRODUCTION_READY,True,False
MID,139545,Mohammad El Fakih,144434,Ismail Moutaraji,88.933672,14.091956,88.933672,4,medium_research_only,SAME_ROLE_ONLY;RESEARCH_ONLY;SAMPLE_TOO_SMALL_LOCAL_11_MATCHES_NOT_PRODUCTION_READY,True,False
MID,139545,Mohammad El Fakih,144436,Anas Serrhat,94.912249,8.713873,94.912249,4,medium_research_only,SAME_ROLE_ONLY;RESEARCH_ONLY;SAMPLE_TOO_SMALL_LOCAL_11_MATCHES_NOT_PRODUCTION_READY,True,False
MID,139545,Mohammad El Fakih,149135,Moses Orkuma,88.208635,12.395716,88.208635,4,medium_research_only,SAME_ROLE_ONLY;RESEARCH_ONLY;SAMPLE_TOO_SMALL_LOCAL_11_MATCHES_NOT_PRODUCTION_READY,True,False
MID,139545,Mohammad El Fakih,151743,Mohamed Al Makahasi,94.979032,8.402393,94.979032,4,medium_research_only,SAME_ROLE_ONLY;RESEARCH_ONLY;SAMPLE_TOO_SMALL_LOCAL_11_MATCHES_NOT_PRODUCTION_READY,True,False
MID,139545,Mohammad El Fakih,154668,Mamadou Lamine Camara,95.31482,8.023663,95.31482,4,medium_research_only,SAME_ROLE_ONLY;RESEARCH_ONLY;SAMPLE_TOO_SMALL_LOCAL_11_MATCHES_NOT_PRODUCTION_READY,True,False
MID,139545,Mohammad El Fakih,161352,Salaheddine Errahouli,99.633927,5.204803,99.633927,4,medium_research_only,SAME_ROLE_ONLY;RESEARCH_ONLY;SAMPLE_TOO_SMALL_LOCAL_11_MATCHES_NOT_PRODUCTION_READY,True,False
MID,139545,Mohammad El Fakih,183765,Mohammed Amine Essahel,89.274792,11.753362,89.274792,4,medium_research_only,SAME_ROLE_ONLY;RESEARCH_ONLY;SAMPLE_TOO_SMALL_LOCAL_11_MATCHES_NOT_PRODUCTION_READY,True,False
MID,139545,Mohammad El Fakih,194809,Oussama Zemraoui,98.615399,4.487874,98.615399,4,medium_research_only,SAME_ROLE_ONLY;RESEARCH_ONLY;SAMPLE_TOO_SMALL_LOCAL_11_MATCHES_NOT_PRODUCTION_READY,True,False
MID,139545,Mohammad El Fakih,194912,Faouzi Abd El Mouttalib,91.865956,10.546018,91.865956,4,medium_research_only,SAME_ROLE_ONLY;RESEARCH_ONLY;SAMPLE_TOO_SMALL_LOCAL_11_MATCHES_NOT_PRODUCTION_READY,True,False
MID,139545,Mohammad El Fakih,195016,Mouad Mouchtanim,93.662925,9.286642,93.662925,4,medium_research_only,SAME_ROLE_ONLY;RESEARCH_ONLY;SAMPLE_TOO_SMALL_LOCAL_11_MATCHES_NOT_PRODUCTION_READY,True,False
MID,139545,Mohammad El Fakih,199611,Youssef Mehri,99.118893,4.643616,99.118893,4,medium_research_only,SAME_ROLE_ONLY;RESEARCH_ONLY;SAMPLE_TOO_SMALL_LOCAL_11_MATCHES_NOT_PRODUCTION_READY,True,False
MID,139545,Mohammad El Fakih,203027,Walid Rhailouf,95.264504,8.112797,95.264504,4,medium_research_only,SAME_ROLE_ONLY;RESEARCH_ONLY;SAMPLE_TOO_SMALL_LOCAL_11_MATCHES_NOT_PRODUCTION_READY,True,False
MID,139545,Mohammad El Fakih,225437,Stephane Aziz Ki,98.699599,10.765686,98.699599,4,medium_research_only,SAME_ROLE_ONLY;RESEARCH_ONLY;SAMPLE_TOO_SMALL_LOCAL_11_MATCHES_NOT_PRODUCTION_READY,True,False
MID,139545,Mohammad El Fakih,261620,Nadir Lougmani,91.808818,11.903359,91.808818,4,medium_research_only,SAME_ROLE_ONLY;RESEARCH_ONLY;SAMPLE_TOO_SMALL_LOCAL_11_MATCHES_NOT_PRODUCTION_READY,True,False
MID,139545,Mohammad El Fakih,275341,Yazid Faffa,93.100382,10.556982,93.100382,4,medium_research_only,SAME_ROLE_ONLY;RESEARCH_ONLY;SAMPLE_TOO_SMALL_LOCAL_11_MATCHES_NOT_PRODUCTION_READY,True,False
MID,139545,Mohammad El Fakih,312935,Amine Azri,91.101973,10.823712,91.101973,4,medium_research_only,SAME_ROLE_ONLY;RESEARCH_ONLY;SAMPLE_TOO_SMALL_LOCAL_11_MATCHES_NOT_PRODUCTION_READY,True,False
MID,139545,Mohammad El Fakih,313277,Mohamed Chemlal,98.892949,19.146215,98.892949,4,medium_research_only,SAME_ROLE_ONLY;RESEARCH_ONLY;SAMPLE_TOO_SMALL_LOCAL_11_MATCHES_NOT_PRODUCTION_READY,True,False
MID,139545,Mohammad El Fakih,313284,Achraf Harmach,90.18463,11.410964,90.18463,4,medium_research_only,SAME_ROLE_ONLY;RESEARCH_ONLY;SAMPLE_TOO_SMALL_LOCAL_11_MATCHES_NOT_PRODUCTION_READY,True,False
MID,139545,Mohammad El Fakih,314460,Ayoub Bouaadli,93.272566,9.514489,93.272566,4,medium_research_only,SAME_ROLE_ONLY;RESEARCH_ONLY;SAMPLE_TOO_SMALL_LOCAL_11_MATCHES_NOT_PRODUCTION_READY,True,False
MID,139545,Mohammad El Fakih,323979,Zakaria Fatihi,88.959793,12.907753,88.959793,4,medium_research_only,SAME_ROLE_ONLY;RESEARCH_ONLY;SAMPLE_TOO_SMALL_LOCAL_11_MATCHES_NOT_PRODUCTION_READY,True,False
MID,139545,Mohammad El Fakih,360838,Zakaria Ami,86.748306,14.239275,86.748306,4,medium_research_only,SAME_ROLE_ONLY;RESEARCH_ONLY;SAMPLE_TOO_SMALL_LOCAL_11_MATCHES_NOT_PRODUCTION_READY,True,False
MID,139545,Mohammad El Fakih,380600,Mouad Goulouss,93.086519,12.570406,93.086519,4,medium_research_only,SAME_ROLE_ONLY;RESEARCH_ONLY;SAMPLE_TOO_SMALL_LOCAL_11_MATCHES_NOT_PRODUCTION_READY,True,False
MID,139545,Mohammad El Fakih,381935,Ismail Mihrab,89.909062,12.20155,89.909062,4,medium_research_only,SAME_ROLE_ONLY;RESEARCH_ONLY;SAMPLE_TOO_SMALL_LOCAL_11_MATCHES_NOT_PRODUCTION_READY,True,False
MID,139545,Mohammad El Fakih,396748,Youssef Laghzal,83.018575,15.117445,83.018575,4,medium_research_only,SAME_ROLE_ONLY;RESEARCH_ONLY;SAMPLE_TOO_SMALL_LOCAL_11_MATCHES_NOT_PRODUCTION_READY,True,False
MID,139545,Mohammad El Fakih,405645,Othmane Chraibi,89.391912,13.965899,89.391912,4,medium_research_only,SAME_ROLE_ONLY;RESEARCH_ONLY;SAMPLE_TOO_SMALL_LOCAL_11_MATCHES_NOT_PRODUCTION_READY,True,False
MID,139545,Mohammad El Fakih,406269,Danilson Gomes Tavares,90.985377,11.853172,90.985377,4,medium_research_only,SAME_ROLE_ONLY;RESEARCH_ONLY;SAMPLE_TOO_SMALL_LOCAL_11_MATCHES_NOT_PRODUCTION_READY,True,False
MID,139545,Mohammad El Fakih,407207,Ennaama El Bellali,91.216203,10.811643,91.216203,4,medium_research_only,SAME_ROLE_ONLY;RESEARCH_ONLY;SAMPLE_TOO_SMALL_LOCAL_11_MATCHES_NOT_PRODUCTION_READY,True,False
MID,139545,Mohammad El Fakih,407506,Oussama Nourdine,85.52856,13.747946,85.52856,4,medium_research_only,SAME_ROLE_ONLY;RESEARCH_ONLY;SAMPLE_TOO_SMALL_LOCAL_11_MATCHES_NOT_PRODUCTION_READY,True,False
MID,139545,Mohammad El Fakih,407852,Abdessamad Mahir,88.826772,11.962353,88.826772,4,medium_research_only,SAME_ROLE_ONLY;RESEARCH_ONLY;SAMPLE_TOO_SMALL_LOCAL_11_MATCHES_NOT_PRODUCTION_READY,True,False
MID,139545,Mohammad El Fakih,415853,Claude Gnolou,89.227435,11.907328,89.227435,4,medium_research_only,SAME_ROLE_ONLY;RESEARCH_ONLY;SAMPLE_TOO_SMALL_LOCAL_11_MATCHES_NOT_PRODUCTION_READY,True,False
MID,139545,Mohammad El Fakih,416303,El Mahdi Akoumi,92.37965,11.748793,92.37965,4,medium_research_only,SAME_ROLE_ONLY;RESEARCH_ONLY;SAMPLE_TOO_SMALL_LOCAL_11_MATCHES_NOT_PRODUCTION_READY,True,False
MID,139545,Mohammad El Fakih,424979,Soufiane Tazi,94.42876,8.800897,94.42876,4,medium_research_only,SAME_ROLE_ONLY;RESEARCH_ONLY;SAMPLE_TOO_SMALL_LOCAL_11_MATCHES_NOT_PRODUCTION_READY,True,False
MID,139545,Mohammad El Fakih,442288,Adnane Berdad,91.289721,10.927163,91.289721,4,medium_research_only,SAME_ROLE_ONLY;RESEARCH_ONLY;SAMPLE_TOO_SMALL_LOCAL_11_MATCHES_NOT_PRODUCTION_READY,True,False
MID,139545,Mohammad El Fakih,442292,Abdellatif El Bajjani,91.86015,10.437764,91.86015,4,medium_research_only,SAME_ROLE_ONLY;RESEARCH_ONLY;SAMPLE_TOO_SMALL_LOCAL_11_MATCHES_NOT_PRODUCTION_READY,True,False
MID,139545,Mohammad El Fakih,443951,Youness Akharraz,87.620758,12.932825,87.620758,4,medium_research_only,SAME_ROLE_ONLY;RESEARCH_ONLY;SAMPLE_TOO_SMALL_LOCAL_11_MATCHES_NOT_PRODUCTION_READY,True,False
MID,139545,Mohammad El Fakih,445163,Ayoub Maamouri,97.654361,12.01763,97.654361,4,medium_research_only,SAME_ROLE_ONLY;RESEARCH_ONLY;SAMPLE_TOO_SMALL_LOCAL_11_MATCHES_NOT_PRODUCTION_READY,True,False
MID,139545,Mohammad El Fakih,446355,Ishak Zidani,93.052796,9.700425,93.052796,4,medium_research_only,SAME_ROLE_ONLY;RESEARCH_ONLY;SAMPLE_TOO_SMALL_LOCAL_11_MATCHES_NOT_PRODUCTION_READY,True,False
MID,139545,Mohammad El Fakih,449373,Marouane Oujeddou,98.792123,7.653843,98.792123,4,medium_research_only,SAME_ROLE_ONLY;RESEARCH_ONLY;SAMPLE_TOO_SMALL_LOCAL_11_MATCHES_NOT_PRODUCTION_READY,True,False
MID,139545,Mohammad El Fakih,449471,Ayman Tarrazi,86.997386,12.967516,86.997386,4,medium_research_only,SAME_ROLE_ONLY;RESEARCH_ONLY;SAMPLE_TOO_SMALL_LOCAL_11_MATCHES_NOT_PRODUCTION_READY,True,False
MID,139545,Mohammad El Fakih,450709,Joseph Bakasu       ,87.888526,12.415564,87.888526,4,medium_research_only,SAME_ROLE_ONLY;RESEARCH_ONLY;SAMPLE_TOO_SMALL_LOCAL_11_MATCHES_NOT_PRODUCTION_READY,True,False
MID,139545,Mohammad El Fakih,460266,Youness Dahmani,79.514746,15.942371,79.514746,4,medium_research_only,SAME_ROLE_ONLY;RESEARCH_ONLY;SAMPLE_TOO_SMALL_LOCAL_11_MATCHES_NOT_PRODUCTION_READY,True,False
MID,139545,Mohammad El Fakih,477679,Redouane Oubidar,86.252332,13.409339,86.252332,4,medium_research_only,SAME_ROLE_ONLY;RESEARCH_ONLY;SAMPLE_TOO_SMALL_LOCAL_11_MATCHES_NOT_PRODUCTION_READY,True,False
MID,139545,Mohammad El Fakih,477680,Hamza Saoud,92.73105,11.426156,92.73105,4,medium_research_only,SAME_ROLE_ONLY;RESEARCH_ONLY;SAMPLE_TOO_SMALL_LOCAL_11_MATCHES_NOT_PRODUCTION_READY,True,False
MID,139545,Mohammad El Fakih,477682,Ayoub Benaadi,99.328929,5.103932,99.328929,4,medium_research_only,SAME_ROLE_ONLY;RESEARCH_ONLY;SAMPLE_TOO_SMALL_LOCAL_11_MATCHES_NOT_PRODUCTION_READY,True,False
MID,139545,Mohammad El Fakih,477688,Ayoub El Khaffi,88.183651,15.75219,88.183651,4,medium_research_only,SAME_ROLE_ONLY;RESEARCH_ONLY;SAMPLE_TOO_SMALL_LOCAL_11_MATCHES_NOT_PRODUCTION_READY,True,False
MID,139545,Mohammad El Fakih,523298,Mohamed Ahayaoui,91.610491,10.989631,91.610491,4,medium_research_only,SAME_ROLE_ONLY;RESEARCH_ONLY;SAMPLE_TOO_SMALL_LOCAL_11_MATCHES_NOT_PRODUCTION_READY,True,False
MID,139545,Mohammad El Fakih,523308,Adil Khalloufi,88.409664,12.58716,88.409664,4,medium_research_only,SAME_ROLE_ONLY;RESEARCH_ONLY;SAMPLE_TOO_SMALL_LOCAL_11_MATCHES_NOT_PRODUCTION_READY,True,False
MID,139545,Mohammad El Fakih,523312,Brahim Mansouri,98.848574,5.045001,98.848574,4,medium_research_only,SAME_ROLE_ONLY;RESEARCH_ONLY;SAMPLE_TOO_SMALL_LOCAL_11_MATCHES_NOT_PRODUCTION_READY,True,False
MID,139545,Mohammad El Fakih,523319,Omar Ouddah,85.849144,14.457758,85.849144,4,medium_research_only,SAME_ROLE_ONLY;RESEARCH_ONLY;SAMPLE_TOO_SMALL_LOCAL_11_MATCHES_NOT_PRODUCTION_READY,True,False
MID,139545,Mohammad El Fakih,523973,Hamza Rafa,88.236503,12.403128,88.236503,4,medium_research_only,SAME_ROLE_ONLY;RESEARCH_ONLY;SAMPLE_TOO_SMALL_LOCAL_11_MATCHES_NOT_PRODUCTION_READY,True,False
MID,139545,Mohammad El Fakih,523996,Fred Duval Ngoma,88.061883,12.502733,88.061883,4,medium_research_only,SAME_ROLE_ONLY;RESEARCH_ONLY;SAMPLE_TOO_SMALL_LOCAL_11_MATCHES_NOT_PRODUCTION_READY,True,False
MID,139545,Mohammad El Fakih,523997,Karim L'Koucha,89.307055,12.721887,89.307055,4,medium_research_only,SAME_ROLE_ONLY;RESEARCH_ONLY;SAMPLE_TOO_SMALL_LOCAL_11_MATCHES_NOT_PRODUCTION_READY,True,False
MID,139545,Mohammad El Fakih,523999,Zakaria Kessary,94.133663,8.964321,94.133663,4,medium_research_only,SAME_ROLE_ONLY;RESEARCH_ONLY;SAMPLE_TOO_SMALL_LOCAL_11_MATCHES_NOT_PRODUCTION_READY,True,False
MID,139545,Mohammad El Fakih,524000,Ahmed Aboulfath,86.553596,13.173676,86.553596,4,medium_research_only,SAME_ROLE_ONLY;RESEARCH_ONLY;SAMPLE_TOO_SMALL_LOCAL_11_MATCHES_NOT_PRODUCTION_READY,True,False
MID,139545,Mohammad El Fakih,524002,Salim Ghazzani,96.834853,8.837957,96.834853,4,medium_research_only,SAME_ROLE_ONLY;RESEARCH_ONLY;SAMPLE_TOO_SMALL_LOCAL_11_MATCHES_NOT_PRODUCTION_READY,True,False
MID,139545,Mohammad El Fakih,524003,Mohammed Es-Sahel,86.09021,13.139142,86.09021,4,medium_research_only,SAME_ROLE_ONLY;RESEARCH_ONLY;SAMPLE_TOO_SMALL_LOCAL_11_MATCHES_NOT_PRODUCTION_READY,True,False
MID,139545,Mohammad El Fakih,524511,Saad Nassik,89.041851,11.864086,89.041851,4,medium_research_only,SAME_ROLE_ONLY;RESEARCH_ONLY;SAMPLE_TOO_SMALL_LOCAL_11_MATCHES_NOT_PRODUCTION_READY,True,False
MID,139554,Abdoulaye Diarra,139565,Larbi Naji,98.98024,4.256241,98.98024,4,medium_research_only,SAME_ROLE_ONLY;RESEARCH_ONLY;SAMPLE_TOO_SMALL_LOCAL_11_MATCHES_NOT_PRODUCTION_READY,True,False
MID,139554,Abdoulaye Diarra,139568,Youssef Zghoudi,99.498302,2.795307,99.498302,4,medium_research_only,SAME_ROLE_ONLY;RESEARCH_ONLY;SAMPLE_TOO_SMALL_LOCAL_11_MATCHES_NOT_PRODUCTION_READY,True,False
MID,139554,Abdoulaye Diarra,139570,Brahim El Bahraoui,97.562095,7.914646,97.562095,4,medium_research_only,SAME_ROLE_ONLY;RESEARCH_ONLY;SAMPLE_TOO_SMALL_LOCAL_11_MATCHES_NOT_PRODUCTION_READY,True,False
MID,139554,Abdoulaye Diarra,140871,Khalid Ait Ouarkhane,93.684942,6.804333,93.684942,4,medium_research_only,SAME_ROLE_ONLY;RESEARCH_ONLY;SAMPLE_TOO_SMALL_LOCAL_11_MATCHES_NOT_PRODUCTION_READY,True,False
MID,139554,Abdoulaye Diarra,140872,Mohamed Rabie Hrimat,95.873547,8.540365,95.873547,4,medium_research_only,SAME_ROLE_ONLY;RESEARCH_ONLY;SAMPLE_TOO_SMALL_LOCAL_11_MATCHES_NOT_PRODUCTION_READY,True,False
MID,139554,Abdoulaye Diarra,141254,Hamza Afsal,92.329563,7.080649,92.329563,4,medium_research_only,SAME_ROLE_ONLY;RESEARCH_ONLY;SAMPLE_TOO_SMALL_LOCAL_11_MATCHES_NOT_PRODUCTION_READY,True,False
MID,139554,Abdoulaye Diarra,143166,Zakaria Fati,99.531286,4.622512,99.531286,4,medium_research_only,SAME_ROLE_ONLY;RESEARCH_ONLY;SAMPLE_TOO_SMALL_LOCAL_11_MATCHES_NOT_PRODUCTION_READY,True,False
MID,139554,Abdoulaye Diarra,143490,Ahmed Hammoudan,94.653541,7.112393,94.653541,4,medium_research_only,SAME_ROLE_ONLY;RESEARCH_ONLY;SAMPLE_TOO_SMALL_LOCAL_11_MATCHES_NOT_PRODUCTION_READY,True,False
MID,139554,Abdoulaye Diarra,143505,Mohamed Morabit,87.867536,10.55838,87.867536,4,medium_research_only,SAME_ROLE_ONLY;RESEARCH_ONLY;SAMPLE_TOO_SMALL_LOCAL_11_MATCHES_NOT_PRODUCTION_READY,True,False
MID,139554,Abdoulaye Diarra,144434,Ismail Moutaraji,99.564507,11.666044,99.564507,4,medium_research_only,SAME_ROLE_ONLY;RESEARCH_ONLY;SAMPLE_TOO_SMALL_LOCAL_11_MATCHES_NOT_PRODUCTION_READY,True,False
MID,139554,Abdoulaye Diarra,144436,Anas Serrhat,99.347094,9.049698,99.347094,4,medium_research_only,SAME_ROLE_ONLY;RESEARCH_ONLY;SAMPLE_TOO_SMALL_LOCAL_11_MATCHES_NOT_PRODUCTION_READY,True,False
MID,139554,Abdoulaye Diarra,149135,Moses Orkuma,99.447456,5.955527,99.447456,4,medium_research_only,SAME_ROLE_ONLY;RESEARCH_ONLY;SAMPLE_TOO_SMALL_LOCAL_11_MATCHES_NOT_PRODUCTION_READY,True,False
MID,139554,Abdoulaye Diarra,151743,Mohamed Al Makahasi,98.820493,5.639444,98.820493,4,medium_research_only,SAME_ROLE_ONLY;RESEARCH_ONLY;SAMPLE_TOO_SMALL_LOCAL_11_MATCHES_NOT_PRODUCTION_READY,True,False
MID,139554,Abdoulaye Diarra,154668,Mamadou Lamine Camara,99.152207,6.704246,99.152207,4,medium_research_only,SAME_ROLE_ONLY;RESEARCH_ONLY;SAMPLE_TOO_SMALL_LOCAL_11_MATCHES_NOT_PRODUCTION_READY,True,False
MID,139554,Abdoulaye Diarra,161352,Salaheddine Errahouli,92.022344,7.753815,92.022344,4,medium_research_only,SAME_ROLE_ONLY;RESEARCH_ONLY;SAMPLE_TOO_SMALL_LOCAL_11_MATCHES_NOT_PRODUCTION_READY,True,False
MID,139554,Abdoulaye Diarra,183765,Mohammed Amine Essahel,97.788017,5.889655,97.788017,4,medium_research_only,SAME_ROLE_ONLY;RESEARCH_ONLY;SAMPLE_TOO_SMALL_LOCAL_11_MATCHES_NOT_PRODUCTION_READY,True,False
MID,139554,Abdoulaye Diarra,194809,Oussama Zemraoui,96.018389,8.882212,96.018389,4,medium_research_only,SAME_ROLE_ONLY;RESEARCH_ONLY;SAMPLE_TOO_SMALL_LOCAL_11_MATCHES_NOT_PRODUCTION_READY,True,False
MID,139554,Abdoulaye Diarra,194912,Faouzi Abd El Mouttalib,99.757897,3.40751,99.757897,4,medium_research_only,SAME_ROLE_ONLY;RESEARCH_ONLY;SAMPLE_TOO_SMALL_LOCAL_11_MATCHES_NOT_PRODUCTION_READY,True,False
MID,139554,Abdoulaye Diarra,195016,Mouad Mouchtanim,98.821596,7.228784,98.821596,4,medium_research_only,SAME_ROLE_ONLY;RESEARCH_ONLY;SAMPLE_TOO_SMALL_LOCAL_11_MATCHES_NOT_PRODUCTION_READY,True,False
MID,139554,Abdoulaye Diarra,199611,Youssef Mehri,94.071766,7.964423,94.071766,4,medium_research_only,SAME_ROLE_ONLY;RESEARCH_ONLY;SAMPLE_TOO_SMALL_LOCAL_11_MATCHES_NOT_PRODUCTION_READY,True,False
MID,139554,Abdoulaye Diarra,203027,Walid Rhailouf,98.855896,7.844898,98.855896,4,medium_research_only,SAME_ROLE_ONLY;RESEARCH_ONLY;SAMPLE_TOO_SMALL_LOCAL_11_MATCHES_NOT_PRODUCTION_READY,True,False
MID,139554,Abdoulaye Diarra,225437,Stephane Aziz Ki,95.599605,4.616968,95.599605,4,medium_research_only,SAME_ROLE_ONLY;RESEARCH_ONLY;SAMPLE_TOO_SMALL_LOCAL_11_MATCHES_NOT_PRODUCTION_READY,True,False
MID,139554,Abdoulaye Diarra,261620,Nadir Lougmani,98.69361,2.499524,98.69361,4,medium_research_only,SAME_ROLE_ONLY;RESEARCH_ONLY;SAMPLE_TOO_SMALL_LOCAL_11_MATCHES_NOT_PRODUCTION_READY,True,False
MID,139554,Abdoulaye Diarra,275341,Yazid Faffa,98.64769,2.906827,98.64769,4,medium_research_only,SAME_ROLE_ONLY;RESEARCH_ONLY;SAMPLE_TOO_SMALL_LOCAL_11_MATCHES_NOT_PRODUCTION_READY,True,False
MID,139554,Abdoulaye Diarra,312935,Amine Azri,98.449636,6.283731,98.449636,4,medium_research_only,SAME_ROLE_ONLY;RESEARCH_ONLY;SAMPLE_TOO_SMALL_LOCAL_11_MATCHES_NOT_PRODUCTION_READY,True,False
MID,139554,Abdoulaye Diarra,313277,Mohamed Chemlal,84.873492,30.733282,84.873492,4,medium_research_only,SAME_ROLE_ONLY;RESEARCH_ONLY;SAMPLE_TOO_SMALL_LOCAL_11_MATCHES_NOT_PRODUCTION_READY,True,False
MID,139554,Abdoulaye Diarra,313284,Achraf Harmach,99.628364,3.167647,99.628364,4,medium_research_only,SAME_ROLE_ONLY;RESEARCH_ONLY;SAMPLE_TOO_SMALL_LOCAL_11_MATCHES_NOT_PRODUCTION_READY,True,False
MID,139554,Abdoulaye Diarra,314460,Ayoub Bouaadli,99.759509,5.442284,99.759509,4,medium_research_only,SAME_ROLE_ONLY;RESEARCH_ONLY;SAMPLE_TOO_SMALL_LOCAL_11_MATCHES_NOT_PRODUCTION_READY,True,False
MID,139554,Abdoulaye Diarra,323979,Zakaria Fatihi,96.267674,10.603361,96.267674,4,medium_research_only,SAME_ROLE_ONLY;RESEARCH_ONLY;SAMPLE_TOO_SMALL_LOCAL_11_MATCHES_NOT_PRODUCTION_READY,True,False
MID,139554,Abdoulaye Diarra,360838,Zakaria Ami,84.022066,7.950908,84.022066,4,medium_research_only,SAME_ROLE_ONLY;RESEARCH_ONLY;SAMPLE_TOO_SMALL_LOCAL_11_MATCHES_NOT_PRODUCTION_READY,True,False
MID,139554,Abdoulaye Diarra,380600,Mouad Goulouss,99.242973,3.037436,99.242973,4,medium_research_only,SAME_ROLE_ONLY;RESEARCH_ONLY;SAMPLE_TOO_SMALL_LOCAL_11_MATCHES_NOT_PRODUCTION_READY,True,False
MID,139554,Abdoulaye Diarra,381935,Ismail Mihrab,97.495841,3.437914,97.495841,4,medium_research_only,SAME_ROLE_ONLY;RESEARCH_ONLY;SAMPLE_TOO_SMALL_LOCAL_11_MATCHES_NOT_PRODUCTION_READY,True,False
MID,139554,Abdoulaye Diarra,396748,Youssef Laghzal,95.404505,5.101508,95.404505,4,medium_research_only,SAME_ROLE_ONLY;RESEARCH_ONLY;SAMPLE_TOO_SMALL_LOCAL_11_MATCHES_NOT_PRODUCTION_READY,True,False
MID,139554,Abdoulaye Diarra,405645,Othmane Chraibi,99.190829,12.097836,99.190829,4,medium_research_only,SAME_ROLE_ONLY;RESEARCH_ONLY;SAMPLE_TOO_SMALL_LOCAL_11_MATCHES_NOT_PRODUCTION_READY,True,False
MID,139554,Abdoulaye Diarra,406269,Danilson Gomes Tavares,98.407612,2.734059,98.407612,4,medium_research_only,SAME_ROLE_ONLY;RESEARCH_ONLY;SAMPLE_TOO_SMALL_LOCAL_11_MATCHES_NOT_PRODUCTION_READY,True,False
MID,139554,Abdoulaye Diarra,407207,Ennaama El Bellali,99.745897,6.163511,99.745897,4,medium_research_only,SAME_ROLE_ONLY;RESEARCH_ONLY;SAMPLE_TOO_SMALL_LOCAL_11_MATCHES_NOT_PRODUCTION_READY,True,False
MID,139554,Abdoulaye Diarra,407506,Oussama Nourdine,98.018848,7.029366,98.018848,4,medium_research_only,SAME_ROLE_ONLY;RESEARCH_ONLY;SAMPLE_TOO_SMALL_LOCAL_11_MATCHES_NOT_PRODUCTION_READY,True,False
MID,139554,Abdoulaye Diarra,407852,Abdessamad Mahir,97.896346,5.5759,97.896346,4,medium_research_only,SAME_ROLE_ONLY;RESEARCH_ONLY;SAMPLE_TOO_SMALL_LOCAL_11_MATCHES_NOT_PRODUCTION_READY,True,False
MID,139554,Abdoulaye Diarra,415853,Claude Gnolou,99.319384,6.27406,99.319384,4,medium_research_only,SAME_ROLE_ONLY;RESEARCH_ONLY;SAMPLE_TOO_SMALL_LOCAL_11_MATCHES_NOT_PRODUCTION_READY,True,False
MID,139554,Abdoulaye Diarra,416303,El Mahdi Akoumi,99.465648,1.716751,99.465648,4,medium_research_only,SAME_ROLE_ONLY;RESEARCH_ONLY;SAMPLE_TOO_SMALL_LOCAL_11_MATCHES_NOT_PRODUCTION_READY,True,False
MID,139554,Abdoulaye Diarra,424979,Soufiane Tazi,99.326689,7.670811,99.326689,4,medium_research_only,SAME_ROLE_ONLY;RESEARCH_ONLY;SAMPLE_TOO_SMALL_LOCAL_11_MATCHES_NOT_PRODUCTION_READY,True,False
MID,139554,Abdoulaye Diarra,442288,Adnane Berdad,99.897159,2.762704,99.897159,4,medium_research_only,SAME_ROLE_ONLY;RESEARCH_ONLY;SAMPLE_TOO_SMALL_LOCAL_11_MATCHES_NOT_PRODUCTION_READY,True,False
MID,139554,Abdoulaye Diarra,442292,Abdellatif El Bajjani,99.628079,6.371239,99.628079,4,medium_research_only,SAME_ROLE_ONLY;RESEARCH_ONLY;SAMPLE_TOO_SMALL_LOCAL_11_MATCHES_NOT_PRODUCTION_READY,True,False
MID,139554,Abdoulaye Diarra,443951,Youness Akharraz,98.593346,2.589845,98.593346,4,medium_research_only,SAME_ROLE_ONLY;RESEARCH_ONLY;SAMPLE_TOO_SMALL_LOCAL_11_MATCHES_NOT_PRODUCTION_READY,True,False
MID,139554,Abdoulaye Diarra,445163,Ayoub Maamouri,90.461638,6.479492,90.461638,4,medium_research_only,SAME_ROLE_ONLY;RESEARCH_ONLY;SAMPLE_TOO_SMALL_LOCAL_11_MATCHES_NOT_PRODUCTION_READY,True,False
MID,139554,Abdoulaye Diarra,446355,Ishak Zidani,99.093748,5.16826,99.093748,4,medium_research_only,SAME_ROLE_ONLY;RESEARCH_ONLY;SAMPLE_TOO_SMALL_LOCAL_11_MATCHES_NOT_PRODUCTION_READY,True,False
MID,139554,Abdoulaye Diarra,449373,Marouane Oujeddou,95.943243,4.778319,95.943243,4,medium_research_only,SAME_ROLE_ONLY;RESEARCH_ONLY;SAMPLE_TOO_SMALL_LOCAL_11_MATCHES_NOT_PRODUCTION_READY,True,False
MID,139554,Abdoulaye Diarra,449471,Ayman Tarrazi,98.882762,2.569195,98.882762,4,medium_research_only,SAME_ROLE_ONLY;RESEARCH_ONLY;SAMPLE_TOO_SMALL_LOCAL_11_MATCHES_NOT_PRODUCTION_READY,True,False
MID,139554,Abdoulaye Diarra,450709,Joseph Bakasu       ,99.037968,5.08569,99.037968,4,medium_research_only,SAME_ROLE_ONLY;RESEARCH_ONLY;SAMPLE_TOO_SMALL_LOCAL_11_MATCHES_NOT_PRODUCTION_READY,True,False
MID,139554,Abdoulaye Diarra,460266,Youness Dahmani,79.634481,8.730462,79.634481,4,medium_research_only,SAME_ROLE_ONLY;RESEARCH_ONLY;SAMPLE_TOO_SMALL_LOCAL_11_MATCHES_NOT_PRODUCTION_READY,True,False
MID,139554,Abdoulaye Diarra,477679,Redouane Oubidar,96.146589,7.938095,96.146589,4,medium_research_only,SAME_ROLE_ONLY;RESEARCH_ONLY;SAMPLE_TOO_SMALL_LOCAL_11_MATCHES_NOT_PRODUCTION_READY,True,False
MID,139554,Abdoulaye Diarra,477680,Hamza Saoud,98.023562,11.986471,98.023562,4,medium_research_only,SAME_ROLE_ONLY;RESEARCH_ONLY;SAMPLE_TOO_SMALL_LOCAL_11_MATCHES_NOT_PRODUCTION_READY,True,False
MID,139554,Abdoulaye Diarra,477682,Ayoub Benaadi,95.263403,6.697896,95.263403,4,medium_research_only,SAME_ROLE_ONLY;RESEARCH_ONLY;SAMPLE_TOO_SMALL_LOCAL_11_MATCHES_NOT_PRODUCTION_READY,True,False
MID,139554,Abdoulaye Diarra,477688,Ayoub El Khaffi,99.522943,13.748374,99.522943,4,medium_research_only,SAME_ROLE_ONLY;RESEARCH_ONLY;SAMPLE_TOO_SMALL_LOCAL_11_MATCHES_NOT_PRODUCTION_READY,True,False
MID,139554,Abdoulaye Diarra,523298,Mohamed Ahayaoui,99.273471,8.490178,99.273471,4,medium_research_only,SAME_ROLE_ONLY;RESEARCH_ONLY;SAMPLE_TOO_SMALL_LOCAL_11_MATCHES_NOT_PRODUCTION_READY,True,False
MID,139554,Abdoulaye Diarra,523308,Adil Khalloufi,99.038525,7.543298,99.038525,4,medium_research_only,SAME_ROLE_ONLY;RESEARCH_ONLY;SAMPLE_TOO_SMALL_LOCAL_11_MATCHES_NOT_PRODUCTION_READY,True,False
MID,139554,Abdoulaye Diarra,523312,Brahim Mansouri,89.155123,9.753557,89.155123,4,medium_research_only,SAME_ROLE_ONLY;RESEARCH_ONLY;SAMPLE_TOO_SMALL_LOCAL_11_MATCHES_NOT_PRODUCTION_READY,True,False
MID,139554,Abdoulaye Diarra,523319,Omar Ouddah,97.698335,9.667244,97.698335,4,medium_research_only,SAME_ROLE_ONLY;RESEARCH_ONLY;SAMPLE_TOO_SMALL_LOCAL_11_MATCHES_NOT_PRODUCTION_READY,True,False
MID,139554,Abdoulaye Diarra,523973,Hamza Rafa,98.904404,6.396379,98.904404,4,medium_research_only,SAME_ROLE_ONLY;RESEARCH_ONLY;SAMPLE_TOO_SMALL_LOCAL_11_MATCHES_NOT_PRODUCTION_READY,True,False
MID,139554,Abdoulaye Diarra,523996,Fred Duval Ngoma,99.099428,6.347862,99.099428,4,medium_research_only,SAME_ROLE_ONLY;RESEARCH_ONLY;SAMPLE_TOO_SMALL_LOCAL_11_MATCHES_NOT_PRODUCTION_READY,True,False
MID,139554,Abdoulaye Diarra,523997,Karim L'Koucha,99.633931,1.50787,99.633931,4,medium_research_only,SAME_ROLE_ONLY;RESEARCH_ONLY;SAMPLE_TOO_SMALL_LOCAL_11_MATCHES_NOT_PRODUCTION_READY,True,False
MID,139554,Abdoulaye Diarra,523999,Zakaria Kessary,99.108203,7.289903,99.108203,4,medium_research_only,SAME_ROLE_ONLY;RESEARCH_ONLY;SAMPLE_TOO_SMALL_LOCAL_11_MATCHES_NOT_PRODUCTION_READY,True,False
MID,139554,Abdoulaye Diarra,524000,Ahmed Aboulfath,91.862804,6.388114,91.862804,4,medium_research_only,SAME_ROLE_ONLY;RESEARCH_ONLY;SAMPLE_TOO_SMALL_LOCAL_11_MATCHES_NOT_PRODUCTION_READY,True,False
MID,139554,Abdoulaye Diarra,524002,Salim Ghazzani,90.519284,16.129712,90.519284,4,medium_research_only,SAME_ROLE_ONLY;RESEARCH_ONLY;SAMPLE_TOO_SMALL_LOCAL_11_MATCHES_NOT_PRODUCTION_READY,True,False
MID,139554,Abdoulaye Diarra,524003,Mohammed Es-Sahel,97.717309,4.852956,97.717309,4,medium_research_only,SAME_ROLE_ONLY;RESEARCH_ONLY;SAMPLE_TOO_SMALL_LOCAL_11_MATCHES_NOT_PRODUCTION_READY,True,False
MID,139554,Abdoulaye Diarra,524511,Saad Nassik,99.560606,3.977586,99.560606,4,medium_research_only,SAME_ROLE_ONLY;RESEARCH_ONLY;SAMPLE_TOO_SMALL_LOCAL_11_MATCHES_NOT_PRODUCTION_READY,True,False
MID,139565,Larbi Naji,139568,Youssef Zghoudi,99.216096,6.195389,99.216096,4,medium_research_only,SAME_ROLE_ONLY;RESEARCH_ONLY;SAMPLE_TOO_SMALL_LOCAL_11_MATCHES_NOT_PRODUCTION_READY,True,False
MID,139565,Larbi Naji,139570,Brahim El Bahraoui,97.341921,11.351206,97.341921,4,medium_research_only,SAME_ROLE_ONLY;RESEARCH_ONLY;SAMPLE_TOO_SMALL_LOCAL_11_MATCHES_NOT_PRODUCTION_READY,True,False
MID,139565,Larbi Naji,140871,Khalid Ait Ouarkhane,95.75681,5.79536,95.75681,4,medium_research_only,SAME_ROLE_ONLY;RESEARCH_ONLY;SAMPLE_TOO_SMALL_LOCAL_11_MATCHES_NOT_PRODUCTION_READY,True,False
MID,139565,Larbi Naji,140872,Mohamed Rabie Hrimat,98.41936,4.987571,98.41936,4,medium_research_only,SAME_ROLE_ONLY;RESEARCH_ONLY;SAMPLE_TOO_SMALL_LOCAL_11_MATCHES_NOT_PRODUCTION_READY,True,False
MID,139565,Larbi Naji,141254,Hamza Afsal,90.360123,8.604007,90.360123,4,medium_research_only,SAME_ROLE_ONLY;RESEARCH_ONLY;SAMPLE_TOO_SMALL_LOCAL_11_MATCHES_NOT_PRODUCTION_READY,True,False
MID,139565,Larbi Naji,143166,Zakaria Fati,99.643893,1.943424,99.643893,4,medium_research_only,SAME_ROLE_ONLY;RESEARCH_ONLY;SAMPLE_TOO_SMALL_LOCAL_11_MATCHES_NOT_PRODUCTION_READY,True,False
MID,139565,Larbi Naji,143490,Ahmed Hammoudan,97.292608,4.826081,97.292608,4,medium_research_only,SAME_ROLE_ONLY;RESEARCH_ONLY;SAMPLE_TOO_SMALL_LOCAL_11_MATCHES_NOT_PRODUCTION_READY,True,False
MID,139565,Larbi Naji,143505,Mohamed Morabit,90.286223,9.595655,90.286223,4,medium_research_only,SAME_ROLE_ONLY;RESEARCH_ONLY;SAMPLE_TOO_SMALL_LOCAL_11_MATCHES_NOT_PRODUCTION_READY,True,False
MID,139565,Larbi Naji,144434,Ismail Moutaraji,98.8998,8.874973,98.8998,4,medium_research_only,SAME_ROLE_ONLY;RESEARCH_ONLY;SAMPLE_TOO_SMALL_LOCAL_11_MATCHES_NOT_PRODUCTION_READY,True,False
MID,139565,Larbi Naji,144436,Anas Serrhat,98.963422,6.299252,98.963422,4,medium_research_only,SAME_ROLE_ONLY;RESEARCH_ONLY;SAMPLE_TOO_SMALL_LOCAL_11_MATCHES_NOT_PRODUCTION_READY,True,False
MID,139565,Larbi Naji,149135,Moses Orkuma,98.119313,4.732181,98.119313,4,medium_research_only,SAME_ROLE_ONLY;RESEARCH_ONLY;SAMPLE_TOO_SMALL_LOCAL_11_MATCHES_NOT_PRODUCTION_READY,True,False
MID,139565,Larbi Naji,151743,Mohamed Al Makahasi,99.839201,1.874195,99.839201,4,medium_research_only,SAME_ROLE_ONLY;RESEARCH_ONLY;SAMPLE_TOO_SMALL_LOCAL_11_MATCHES_NOT_PRODUCTION_READY,True,False
MID,139565,Larbi Naji,154668,Mamadou Lamine Camara,99.080965,4.084696,99.080965,4,medium_research_only,SAME_ROLE_ONLY;RESEARCH_ONLY;SAMPLE_TOO_SMALL_LOCAL_11_MATCHES_NOT_PRODUCTION_READY,True,False
MID,139565,Larbi Naji,161352,Salaheddine Errahouli,94.366769,6.749725,94.366769,4,medium_research_only,SAME_ROLE_ONLY;RESEARCH_ONLY;SAMPLE_TOO_SMALL_LOCAL_11_MATCHES_NOT_PRODUCTION_READY,True,False
MID,139565,Larbi Naji,183765,Mohammed Amine Essahel,94.885971,6.763097,94.885971,4,medium_research_only,SAME_ROLE_ONLY;RESEARCH_ONLY;SAMPLE_TOO_SMALL_LOCAL_11_MATCHES_NOT_PRODUCTION_READY,True,False
MID,139565,Larbi Naji,194809,Oussama Zemraoui,98.184426,5.542854,98.184426,4,medium_research_only,SAME_ROLE_ONLY;RESEARCH_ONLY;SAMPLE_TOO_SMALL_LOCAL_11_MATCHES_NOT_PRODUCTION_READY,True,False
MID,139565,Larbi Naji,194912,Faouzi Abd El Mouttalib,99.158849,2.60586,99.158849,4,medium_research_only,SAME_ROLE_ONLY;RESEARCH_ONLY;SAMPLE_TOO_SMALL_LOCAL_11_MATCHES_NOT_PRODUCTION_READY,True,False
MID,139565,Larbi Naji,195016,Mouad Mouchtanim,98.623904,4.856569,98.623904,4,medium_research_only,SAME_ROLE_ONLY;RESEARCH_ONLY;SAMPLE_TOO_SMALL_LOCAL_11_MATCHES_NOT_PRODUCTION_READY,True,False
MID,139565,Larbi Naji,199611,Youssef Mehri,96.94537,5.403346,96.94537,4,medium_research_only,SAME_ROLE_ONLY;RESEARCH_ONLY;SAMPLE_TOO_SMALL_LOCAL_11_MATCHES_NOT_PRODUCTION_READY,True,False
MID,139565,Larbi Naji,203027,Walid Rhailouf,99.843756,4.02,99.843756,4,medium_research_only,SAME_ROLE_ONLY;RESEARCH_ONLY;SAMPLE_TOO_SMALL_LOCAL_11_MATCHES_NOT_PRODUCTION_READY,True,False
MID,139565,Larbi Naji,225437,Stephane Aziz Ki,97.676656,6.582498,97.676656,4,medium_research_only,SAME_ROLE_ONLY;RESEARCH_ONLY;SAMPLE_TOO_SMALL_LOCAL_11_MATCHES_NOT_PRODUCTION_READY,True,False
MID,139565,Larbi Naji,261620,Nadir Lougmani,99.623533,4.419435,99.623533,4,medium_research_only,SAME_ROLE_ONLY;RESEARCH_ONLY;SAMPLE_TOO_SMALL_LOCAL_11_MATCHES_NOT_PRODUCTION_READY,True,False
MID,139565,Larbi Naji,275341,Yazid Faffa,97.347393,4.821871,97.347393,4,medium_research_only,SAME_ROLE_ONLY;RESEARCH_ONLY;SAMPLE_TOO_SMALL_LOCAL_11_MATCHES_NOT_PRODUCTION_READY,True,False
MID,139565,Larbi Naji,312935,Amine Azri,96.347888,6.113657,96.347888,4,medium_research_only,SAME_ROLE_ONLY;RESEARCH_ONLY;SAMPLE_TOO_SMALL_LOCAL_11_MATCHES_NOT_PRODUCTION_READY,True,False
MID,139565,Larbi Naji,313277,Mohamed Chemlal,88.863562,27.696412,88.863562,4,medium_research_only,SAME_ROLE_ONLY;RESEARCH_ONLY;SAMPLE_TOO_SMALL_LOCAL_11_MATCHES_NOT_PRODUCTION_READY,True,False
MID,139565,Larbi Naji,313284,Achraf Harmach,99.380102,2.286314,99.380102,4,medium_research_only,SAME_ROLE_ONLY;RESEARCH_ONLY;SAMPLE_TOO_SMALL_LOCAL_11_MATCHES_NOT_PRODUCTION_READY,True,False
MID,139565,Larbi Naji,314460,Ayoub Bouaadli,99.659652,2.558817,99.659652,4,medium_research_only,SAME_ROLE_ONLY;RESEARCH_ONLY;SAMPLE_TOO_SMALL_LOCAL_11_MATCHES_NOT_PRODUCTION_READY,True,False
MID,139565,Larbi Naji,323979,Zakaria Fatihi,92.504767,10.736239,92.504767,4,medium_research_only,SAME_ROLE_ONLY;RESEARCH_ONLY;SAMPLE_TOO_SMALL_LOCAL_11_MATCHES_NOT_PRODUCTION_READY,True,False
MID,139565,Larbi Naji,360838,Zakaria Ami,81.322449,11.172123,81.322449,4,medium_research_only,SAME_ROLE_ONLY;RESEARCH_ONLY;SAMPLE_TOO_SMALL_LOCAL_11_MATCHES_NOT_PRODUCTION_READY,True,False
MID,139565,Larbi Naji,380600,Mouad Goulouss,97.600409,6.870342,97.600409,4,medium_research_only,SAME_ROLE_ONLY;RESEARCH_ONLY;SAMPLE_TOO_SMALL_LOCAL_11_MATCHES_NOT_PRODUCTION_READY,True,False
MID,139565,Larbi Naji,381935,Ismail Mihrab,94.937191,6.546222,94.937191,4,medium_research_only,SAME_ROLE_ONLY;RESEARCH_ONLY;SAMPLE_TOO_SMALL_LOCAL_11_MATCHES_NOT_PRODUCTION_READY,True,False
MID,139565,Larbi Naji,396748,Youssef Laghzal,91.778232,8.999682,91.778232,4,medium_research_only,SAME_ROLE_ONLY;RESEARCH_ONLY;SAMPLE_TOO_SMALL_LOCAL_11_MATCHES_NOT_PRODUCTION_READY,True,False
MID,139565,Larbi Naji,405645,Othmane Chraibi,98.854287,9.17293,98.854287,4,medium_research_only,SAME_ROLE_ONLY;RESEARCH_ONLY;SAMPLE_TOO_SMALL_LOCAL_11_MATCHES_NOT_PRODUCTION_READY,True,False
MID,139565,Larbi Naji,406269,Danilson Gomes Tavares,96.061027,6.010014,96.061027,4,medium_research_only,SAME_ROLE_ONLY;RESEARCH_ONLY;SAMPLE_TOO_SMALL_LOCAL_11_MATCHES_NOT_PRODUCTION_READY,True,False
MID,139565,Larbi Naji,407207,Ennaama El Bellali,99.566245,3.285526,99.566245,4,medium_research_only,SAME_ROLE_ONLY;RESEARCH_ONLY;SAMPLE_TOO_SMALL_LOCAL_11_MATCHES_NOT_PRODUCTION_READY,True,False
MID,139565,Larbi Naji,407506,Oussama Nourdine,95.452173,7.044724,95.452173,4,medium_research_only,SAME_ROLE_ONLY;RESEARCH_ONLY;SAMPLE_TOO_SMALL_LOCAL_11_MATCHES_NOT_PRODUCTION_READY,True,False
MID,139565,Larbi Naji,407852,Abdessamad Mahir,95.747622,6.07858,95.747622,4,medium_research_only,SAME_ROLE_ONLY;RESEARCH_ONLY;SAMPLE_TOO_SMALL_LOCAL_11_MATCHES_NOT_PRODUCTION_READY,True,False
MID,139565,Larbi Naji,415853,Claude Gnolou,97.446339,5.499588,97.446339,4,medium_research_only,SAME_ROLE_ONLY;RESEARCH_ONLY;SAMPLE_TOO_SMALL_LOCAL_11_MATCHES_NOT_PRODUCTION_READY,True,False
MID,139565,Larbi Naji,416303,El Mahdi Akoumi,99.777617,4.374786,99.777617,4,medium_research_only,SAME_ROLE_ONLY;RESEARCH_ONLY;SAMPLE_TOO_SMALL_LOCAL_11_MATCHES_NOT_PRODUCTION_READY,True,False
MID,139565,Larbi Naji,424979,Soufiane Tazi,99.893991,4.019543,99.893991,4,medium_research_only,SAME_ROLE_ONLY;RESEARCH_ONLY;SAMPLE_TOO_SMALL_LOCAL_11_MATCHES_NOT_PRODUCTION_READY,True,False
MID,139565,Larbi Naji,442288,Adnane Berdad,98.975427,2.915267,98.975427,4,medium_research_only,SAME_ROLE_ONLY;RESEARCH_ONLY;SAMPLE_TOO_SMALL_LOCAL_11_MATCHES_NOT_PRODUCTION_READY,True,False
MID,139565,Larbi Naji,442292,Abdellatif El Bajjani,98.712792,4.455231,98.712792,4,medium_research_only,SAME_ROLE_ONLY;RESEARCH_ONLY;SAMPLE_TOO_SMALL_LOCAL_11_MATCHES_NOT_PRODUCTION_READY,True,False
MID,139565,Larbi Naji,443951,Youness Akharraz,98.744956,4.324507,98.744956,4,medium_research_only,SAME_ROLE_ONLY;RESEARCH_ONLY;SAMPLE_TOO_SMALL_LOCAL_11_MATCHES_NOT_PRODUCTION_READY,True,False
MID,139565,Larbi Naji,445163,Ayoub Maamouri,92.938515,8.69893,92.938515,4,medium_research_only,SAME_ROLE_ONLY;RESEARCH_ONLY;SAMPLE_TOO_SMALL_LOCAL_11_MATCHES_NOT_PRODUCTION_READY,True,False
MID,139565,Larbi Naji,446355,Ishak Zidani,99.936124,1.338744,99.936124,4,medium_research_only,SAME_ROLE_ONLY;RESEARCH_ONLY;SAMPLE_TOO_SMALL_LOCAL_11_MATCHES_NOT_PRODUCTION_READY,True,False
MID,139565,Larbi Naji,449373,Marouane Oujeddou,97.695278,4.543025,97.695278,4,medium_research_only,SAME_ROLE_ONLY;RESEARCH_ONLY;SAMPLE_TOO_SMALL_LOCAL_11_MATCHES_NOT_PRODUCTION_READY,True,False
MID,139565,Larbi Naji,449471,Ayman Tarrazi,96.4807,5.463054,96.4807,4,medium_research_only,SAME_ROLE_ONLY;RESEARCH_ONLY;SAMPLE_TOO_SMALL_LOCAL_11_MATCHES_NOT_PRODUCTION_READY,True,False
MID,139565,Larbi Naji,450709,Joseph Bakasu       ,98.83049,3.337,98.83049,4,medium_research_only,SAME_ROLE_ONLY;RESEARCH_ONLY;SAMPLE_TOO_SMALL_LOCAL_11_MATCHES_NOT_PRODUCTION_READY,True,False
MID,139565,Larbi Naji,460266,Youness Dahmani,75.70996,12.247659,75.70996,4,medium_research_only,SAME_ROLE_ONLY;RESEARCH_ONLY;SAMPLE_TOO_SMALL_LOCAL_11_MATCHES_NOT_PRODUCTION_READY,True,False
MID,139565,Larbi Naji,477679,Redouane Oubidar,93.373926,8.33685,93.373926,4,medium_research_only,SAME_ROLE_ONLY;RESEARCH_ONLY;SAMPLE_TOO_SMALL_LOCAL_11_MATCHES_NOT_PRODUCTION_READY,True,False
MID,139565,Larbi Naji,477680,Hamza Saoud,99.755187,7.932188,99.755187,4,medium_research_only,SAME_ROLE_ONLY;RESEARCH_ONLY;SAMPLE_TOO_SMALL_LOCAL_11_MATCHES_NOT_PRODUCTION_READY,True,False
MID,139565,Larbi Naji,477682,Ayoub Benaadi,96.812024,5.182094,96.812024,4,medium_research_only,SAME_ROLE_ONLY;RESEARCH_ONLY;SAMPLE_TOO_SMALL_LOCAL_11_MATCHES_NOT_PRODUCTION_READY,True,False
MID,139565,Larbi Naji,477688,Ayoub El Khaffi,98.724033,10.968665,98.724033,4,medium_research_only,SAME_ROLE_ONLY;RESEARCH_ONLY;SAMPLE_TOO_SMALL_LOCAL_11_MATCHES_NOT_PRODUCTION_READY,True,False
MID,139565,Larbi Naji,523298,Mohamed Ahayaoui,98.368054,6.300135,98.368054,4,medium_research_only,SAME_ROLE_ONLY;RESEARCH_ONLY;SAMPLE_TOO_SMALL_LOCAL_11_MATCHES_NOT_PRODUCTION_READY,True,False
MID,139565,Larbi Naji,523308,Adil Khalloufi,96.54848,6.93626,96.54848,4,medium_research_only,SAME_ROLE_ONLY;RESEARCH_ONLY;SAMPLE_TOO_SMALL_LOCAL_11_MATCHES_NOT_PRODUCTION_READY,True,False
MID,139565,Larbi Naji,523312,Brahim Mansouri,92.778592,8.101389,92.778592,4,medium_research_only,SAME_ROLE_ONLY;RESEARCH_ONLY;SAMPLE_TOO_SMALL_LOCAL_11_MATCHES_NOT_PRODUCTION_READY,True,False
MID,139565,Larbi Naji,523319,Omar Ouddah,95.354851,8.845718,95.354851,4,medium_research_only,SAME_ROLE_ONLY;RESEARCH_ONLY;SAMPLE_TOO_SMALL_LOCAL_11_MATCHES_NOT_PRODUCTION_READY,True,False
MID,139565,Larbi Naji,523973,Hamza Rafa,98.87024,4.003831,98.87024,4,medium_research_only,SAME_ROLE_ONLY;RESEARCH_ONLY;SAMPLE_TOO_SMALL_LOCAL_11_MATCHES_NOT_PRODUCTION_READY,True,False
MID,139565,Larbi Naji,523996,Fred Duval Ngoma,98.863421,4.055171,98.863421,4,medium_research_only,SAME_ROLE_ONLY;RESEARCH_ONLY;SAMPLE_TOO_SMALL_LOCAL_11_MATCHES_NOT_PRODUCTION_READY,True,False
MID,139565,Larbi Naji,523997,Karim L'Koucha,98.450816,5.200376,98.450816,4,medium_research_only,SAME_ROLE_ONLY;RESEARCH_ONLY;SAMPLE_TOO_SMALL_LOCAL_11_MATCHES_NOT_PRODUCTION_READY,True,False
MID,139565,Larbi Naji,523999,Zakaria Kessary,99.352844,4.22688,99.352844,4,medium_research_only,SAME_ROLE_ONLY;RESEARCH_ONLY;SAMPLE_TOO_SMALL_LOCAL_11_MATCHES_NOT_PRODUCTION_READY,True,False
MID,139565,Larbi Naji,524000,Ahmed Aboulfath,87.143207,9.58963,87.143207,4,medium_research_only,SAME_ROLE_ONLY;RESEARCH_ONLY;SAMPLE_TOO_SMALL_LOCAL_11_MATCHES_NOT_PRODUCTION_READY,True,False
MID,139565,Larbi Naji,524002,Salim Ghazzani,89.822016,14.977217,89.822016,4,medium_research_only,SAME_ROLE_ONLY;RESEARCH_ONLY;SAMPLE_TOO_SMALL_LOCAL_11_MATCHES_NOT_PRODUCTION_READY,True,False
MID,139565,Larbi Naji,524003,Mohammed Es-Sahel,95.512227,5.985858,95.512227,4,medium_research_only,SAME_ROLE_ONLY;RESEARCH_ONLY;SAMPLE_TOO_SMALL_LOCAL_11_MATCHES_NOT_PRODUCTION_READY,True,False
MID,139565,Larbi Naji,524511,Saad Nassik,98.973229,2.914697,98.973229,4,medium_research_only,SAME_ROLE_ONLY;RESEARCH_ONLY;SAMPLE_TOO_SMALL_LOCAL_11_MATCHES_NOT_PRODUCTION_READY,True,False
MID,139568,Youssef Zghoudi,139570,Brahim El Bahraoui,95.558327,5.680991,95.558327,4,medium_research_only,SAME_ROLE_ONLY;RESEARCH_ONLY;SAMPLE_TOO_SMALL_LOCAL_11_MATCHES_NOT_PRODUCTION_READY,True,False
MID,139568,Youssef Zghoudi,140871,Khalid Ait Ouarkhane,92.017022,8.11569,92.017022,4,medium_research_only,SAME_ROLE_ONLY;RESEARCH_ONLY;SAMPLE_TOO_SMALL_LOCAL_11_MATCHES_NOT_PRODUCTION_READY,True,False
MID,139568,Youssef Zghoudi,140872,Mohamed Rabie Hrimat,95.487023,10.291105,95.487023,4,medium_research_only,SAME_ROLE_ONLY;RESEARCH_ONLY;SAMPLE_TOO_SMALL_LOCAL_11_MATCHES_NOT_PRODUCTION_READY,True,False
MID,139568,Youssef Zghoudi,141254,Hamza Afsal,89.295747,8.465375,89.295747,4,medium_research_only,SAME_ROLE_ONLY;RESEARCH_ONLY;SAMPLE_TOO_SMALL_LOCAL_11_MATCHES_NOT_PRODUCTION_READY,True,False
MID,139568,Youssef Zghoudi,143166,Zakaria Fati,99.483238,6.917644,99.483238,4,medium_research_only,SAME_ROLE_ONLY;RESEARCH_ONLY;SAMPLE_TOO_SMALL_LOCAL_11_MATCHES_NOT_PRODUCTION_READY,True,False
MID,139568,Youssef Zghoudi,143490,Ahmed Hammoudan,93.996043,8.472022,93.996043,4,medium_research_only,SAME_ROLE_ONLY;RESEARCH_ONLY;SAMPLE_TOO_SMALL_LOCAL_11_MATCHES_NOT_PRODUCTION_READY,True,False
MID,139568,Youssef Zghoudi,143505,Mohamed Morabit,85.600826,11.667282,85.600826,4,medium_research_only,SAME_ROLE_ONLY;RESEARCH_ONLY;SAMPLE_TOO_SMALL_LOCAL_11_MATCHES_NOT_PRODUCTION_READY,True,False
MID,139568,Youssef Zghoudi,144434,Ismail Moutaraji,99.911508,13.955876,99.911508,4,medium_research_only,SAME_ROLE_ONLY;RESEARCH_ONLY;SAMPLE_TOO_SMALL_LOCAL_11_MATCHES_NOT_PRODUCTION_READY,True,False
MID,139568,Youssef Zghoudi,144436,Anas Serrhat,98.21119,11.699265,98.21119,4,medium_research_only,SAME_ROLE_ONLY;RESEARCH_ONLY;SAMPLE_TOO_SMALL_LOCAL_11_MATCHES_NOT_PRODUCTION_READY,True,False
MID,139568,Youssef Zghoudi,149135,Moses Orkuma,99.337302,8.286744,99.337302,4,medium_research_only,SAME_ROLE_ONLY;RESEARCH_ONLY;SAMPLE_TOO_SMALL_LOCAL_11_MATCHES_NOT_PRODUCTION_READY,True,False
MID,139568,Youssef Zghoudi,151743,Mohamed Al Makahasi,98.689965,7.780932,98.689965,4,medium_research_only,SAME_ROLE_ONLY;RESEARCH_ONLY;SAMPLE_TOO_SMALL_LOCAL_11_MATCHES_NOT_PRODUCTION_READY,True,False
MID,139568,Youssef Zghoudi,154668,Mamadou Lamine Camara,98.109067,9.270241,98.109067,4,medium_research_only,SAME_ROLE_ONLY;RESEARCH_ONLY;SAMPLE_TOO_SMALL_LOCAL_11_MATCHES_NOT_PRODUCTION_READY,True,False
MID,139568,Youssef Zghoudi,161352,Salaheddine Errahouli,90.1391,8.96351,90.1391,4,medium_research_only,SAME_ROLE_ONLY;RESEARCH_ONLY;SAMPLE_TOO_SMALL_LOCAL_11_MATCHES_NOT_PRODUCTION_READY,True,False
MID,139568,Youssef Zghoudi,183765,Mohammed Amine Essahel,95.693941,8.367669,95.693941,4,medium_research_only,SAME_ROLE_ONLY;RESEARCH_ONLY;SAMPLE_TOO_SMALL_LOCAL_11_MATCHES_NOT_PRODUCTION_READY,True,False
MID,139568,Youssef Zghoudi,194809,Oussama Zemraoui,95.221635,10.803116,95.221635,4,medium_research_only,SAME_ROLE_ONLY;RESEARCH_ONLY;SAMPLE_TOO_SMALL_LOCAL_11_MATCHES_NOT_PRODUCTION_READY,True,False
MID,139568,Youssef Zghoudi,194912,Faouzi Abd El Mouttalib,99.430802,5.865074,99.430802,4,medium_research_only,SAME_ROLE_ONLY;RESEARCH_ONLY;SAMPLE_TOO_SMALL_LOCAL_11_MATCHES_NOT_PRODUCTION_READY,True,False
MID,139568,Youssef Zghoudi,195016,Mouad Mouchtanim,97.990541,9.660781,97.990541,4,medium_research_only,SAME_ROLE_ONLY;RESEARCH_ONLY;SAMPLE_TOO_SMALL_LOCAL_11_MATCHES_NOT_PRODUCTION_READY,True,False
MID,139568,Youssef Zghoudi,199611,Youssef Mehri,93.259348,9.391786,93.259348,4,medium_research_only,SAME_ROLE_ONLY;RESEARCH_ONLY;SAMPLE_TOO_SMALL_LOCAL_11_MATCHES_NOT_PRODUCTION_READY,True,False
MID,139568,Youssef Zghoudi,203027,Walid Rhailouf,98.678844,10.103652,98.678844,4,medium_research_only,SAME_ROLE_ONLY;RESEARCH_ONLY;SAMPLE_TOO_SMALL_LOCAL_11_MATCHES_NOT_PRODUCTION_READY,True,False
MID,139568,Youssef Zghoudi,225437,Stephane Aziz Ki,94.578474,3.964859,94.578474,4,medium_research_only,SAME_ROLE_ONLY;RESEARCH_ONLY;SAMPLE_TOO_SMALL_LOCAL_11_MATCHES_NOT_PRODUCTION_READY,True,False
MID,139568,Youssef Zghoudi,261620,Nadir Lougmani,99.391776,2.238736,99.391776,4,medium_research_only,SAME_ROLE_ONLY;RESEARCH_ONLY;SAMPLE_TOO_SMALL_LOCAL_11_MATCHES_NOT_PRODUCTION_READY,True,False
MID,139568,Youssef Zghoudi,275341,Yazid Faffa,97.032621,5.01714,97.032621,4,medium_research_only,SAME_ROLE_ONLY;RESEARCH_ONLY;SAMPLE_TOO_SMALL_LOCAL_11_MATCHES_NOT_PRODUCTION_READY,True,False
MID,139568,Youssef Zghoudi,312935,Amine Azri,96.668774,8.881023,96.668774,4,medium_research_only,SAME_ROLE_ONLY;RESEARCH_ONLY;SAMPLE_TOO_SMALL_LOCAL_11_MATCHES_NOT_PRODUCTION_READY,True,False
MID,139568,Youssef Zghoudi,313277,Mohamed Chemlal,82.925826,32.391257,82.925826,4,medium_research_only,SAME_ROLE_ONLY;RESEARCH_ONLY;SAMPLE_TOO_SMALL_LOCAL_11_MATCHES_NOT_PRODUCTION_READY,True,False
MID,139568,Youssef Zghoudi,313284,Achraf Harmach,99.955541,5.267226,99.955541,4,medium_research_only,SAME_ROLE_ONLY;RESEARCH_ONLY;SAMPLE_TOO_SMALL_LOCAL_11_MATCHES_NOT_PRODUCTION_READY,True,False
MID,139568,Youssef Zghoudi,314460,Ayoub Bouaadli,99.428776,7.930734,99.428776,4,medium_research_only,SAME_ROLE_ONLY;RESEARCH_ONLY;SAMPLE_TOO_SMALL_LOCAL_11_MATCHES_NOT_PRODUCTION_READY,True,False
MID,139568,Youssef Zghoudi,323979,Zakaria Fatihi,93.326685,13.214153,93.326685,4,medium_research_only,SAME_ROLE_ONLY;RESEARCH_ONLY;SAMPLE_TOO_SMALL_LOCAL_11_MATCHES_NOT_PRODUCTION_READY,True,False
MID,139568,Youssef Zghoudi,360838,Zakaria Ami,79.483833,7.371204,79.483833,4,medium_research_only,SAME_ROLE_ONLY;RESEARCH_ONLY;SAMPLE_TOO_SMALL_LOCAL_11_MATCHES_NOT_PRODUCTION_READY,True,False
MID,139568,Youssef Zghoudi,380600,Mouad Goulouss,97.553214,2.607821,97.553214,4,medium_research_only,SAME_ROLE_ONLY;RESEARCH_ONLY;SAMPLE_TOO_SMALL_LOCAL_11_MATCHES_NOT_PRODUCTION_READY,True,False
MID,139568,Youssef Zghoudi,381935,Ismail Mihrab,95.421027,4.798594,95.421027,4,medium_research_only,SAME_ROLE_ONLY;RESEARCH_ONLY;SAMPLE_TOO_SMALL_LOCAL_11_MATCHES_NOT_PRODUCTION_READY,True,False
MID,139568,Youssef Zghoudi,396748,Youssef Laghzal,93.783862,4.050407,93.783862,4,medium_research_only,SAME_ROLE_ONLY;RESEARCH_ONLY;SAMPLE_TOO_SMALL_LOCAL_11_MATCHES_NOT_PRODUCTION_READY,True,False
MID,139568,Youssef Zghoudi,405645,Othmane Chraibi,99.634235,14.311012,99.634235,4,medium_research_only,SAME_ROLE_ONLY;RESEARCH_ONLY;SAMPLE_TOO_SMALL_LOCAL_11_MATCHES_NOT_PRODUCTION_READY,True,False
MID,139568,Youssef Zghoudi,406269,Danilson Gomes Tavares,96.461645,4.345695,96.461645,4,medium_research_only,SAME_ROLE_ONLY;RESEARCH_ONLY;SAMPLE_TOO_SMALL_LOCAL_11_MATCHES_NOT_PRODUCTION_READY,True,False
MID,139568,Youssef Zghoudi,407207,Ennaama El Bellali,99.892298,8.495043,99.892298,4,medium_research_only,SAME_ROLE_ONLY;RESEARCH_ONLY;SAMPLE_TOO_SMALL_LOCAL_11_MATCHES_NOT_PRODUCTION_READY,True,False
MID,139568,Youssef Zghoudi,407506,Oussama Nourdine,97.236674,9.248101,97.236674,4,medium_research_only,SAME_ROLE_ONLY;RESEARCH_ONLY;SAMPLE_TOO_SMALL_LOCAL_11_MATCHES_NOT_PRODUCTION_READY,True,False
MID,139568,Youssef Zghoudi,407852,Abdessamad Mahir,96.52271,7.831683,96.52271,4,medium_research_only,SAME_ROLE_ONLY;RESEARCH_ONLY;SAMPLE_TOO_SMALL_LOCAL_11_MATCHES_NOT_PRODUCTION_READY,True,False
MID,139568,Youssef Zghoudi,415853,Claude Gnolou,98.446618,8.823887,98.446618,4,medium_research_only,SAME_ROLE_ONLY;RESEARCH_ONLY;SAMPLE_TOO_SMALL_LOCAL_11_MATCHES_NOT_PRODUCTION_READY,True,False
MID,139568,Youssef Zghoudi,416303,El Mahdi Akoumi,99.605884,2.019086,99.605884,4,medium_research_only,SAME_ROLE_ONLY;RESEARCH_ONLY;SAMPLE_TOO_SMALL_LOCAL_11_MATCHES_NOT_PRODUCTION_READY,True,False
MID,139568,Youssef Zghoudi,424979,Soufiane Tazi,99.124956,10.03448,99.124956,4,medium_research_only,SAME_ROLE_ONLY;RESEARCH_ONLY;SAMPLE_TOO_SMALL_LOCAL_11_MATCHES_NOT_PRODUCTION_READY,True,False
MID,139568,Youssef Zghoudi,442288,Adnane Berdad,99.4172,5.351731,99.4172,4,medium_research_only,SAME_ROLE_ONLY;RESEARCH_ONLY;SAMPLE_TOO_SMALL_LOCAL_11_MATCHES_NOT_PRODUCTION_READY,True,False
MID,139568,Youssef Zghoudi,442292,Abdellatif El Bajjani,99.028452,8.916471,99.028452,4,medium_research_only,SAME_ROLE_ONLY;RESEARCH_ONLY;SAMPLE_TOO_SMALL_LOCAL_11_MATCHES_NOT_PRODUCTION_READY,True,False
MID,139568,Youssef Zghoudi,443951,Youness Akharraz,99.740643,2.770226,99.740643,4,medium_research_only,SAME_ROLE_ONLY;RESEARCH_ONLY;SAMPLE_TOO_SMALL_LOCAL_11_MATCHES_NOT_PRODUCTION_READY,True,False
MID,139568,Youssef Zghoudi,445163,Ayoub Maamouri,88.770421,5.392998,88.770421,4,medium_research_only,SAME_ROLE_ONLY;RESEARCH_ONLY;SAMPLE_TOO_SMALL_LOCAL_11_MATCHES_NOT_PRODUCTION_READY,True,False
MID,139568,Youssef Zghoudi,446355,Ishak Zidani,99.448007,7.195398,99.448007,4,medium_research_only,SAME_ROLE_ONLY;RESEARCH_ONLY;SAMPLE_TOO_SMALL_LOCAL_11_MATCHES_NOT_PRODUCTION_READY,True,False
MID,139568,Youssef Zghoudi,449373,Marouane Oujeddou,94.719523,5.928891,94.719523,4,medium_research_only,SAME_ROLE_ONLY;RESEARCH_ONLY;SAMPLE_TOO_SMALL_LOCAL_11_MATCHES_NOT_PRODUCTION_READY,True,False
MID,139568,Youssef Zghoudi,449471,Ayman Tarrazi,98.072429,4.376134,98.072429,4,medium_research_only,SAME_ROLE_ONLY;RESEARCH_ONLY;SAMPLE_TOO_SMALL_LOCAL_11_MATCHES_NOT_PRODUCTION_READY,True,False
MID,139568,Youssef Zghoudi,450709,Joseph Bakasu       ,99.908557,6.898973,99.908557,4,medium_research_only,SAME_ROLE_ONLY;RESEARCH_ONLY;SAMPLE_TOO_SMALL_LOCAL_11_MATCHES_NOT_PRODUCTION_READY,True,False
MID,139568,Youssef Zghoudi,460266,Youness Dahmani,74.986676,7.71444,74.986676,4,medium_research_only,SAME_ROLE_ONLY;RESEARCH_ONLY;SAMPLE_TOO_SMALL_LOCAL_11_MATCHES_NOT_PRODUCTION_READY,True,False
MID,139568,Youssef Zghoudi,477679,Redouane Oubidar,94.516475,10.04123,94.516475,4,medium_research_only,SAME_ROLE_ONLY;RESEARCH_ONLY;SAMPLE_TOO_SMALL_LOCAL_11_MATCHES_NOT_PRODUCTION_READY,True,False
MID,139568,Youssef Zghoudi,477680,Hamza Saoud,98.93212,13.90718,98.93212,4,medium_research_only,SAME_ROLE_ONLY;RESEARCH_ONLY;SAMPLE_TOO_SMALL_LOCAL_11_MATCHES_NOT_PRODUCTION_READY,True,False
MID,139568,Youssef Zghoudi,477682,Ayoub Benaadi,93.623137,8.421806,93.623137,4,medium_research_only,SAME_ROLE_ONLY;RESEARCH_ONLY;SAMPLE_TOO_SMALL_LOCAL_11_MATCHES_NOT_PRODUCTION_READY,True,False
MID,139568,Youssef Zghoudi,477688,Ayoub El Khaffi,99.922023,16.031633,99.922023,4,medium_research_only,SAME_ROLE_ONLY;RESEARCH_ONLY;SAMPLE_TOO_SMALL_LOCAL_11_MATCHES_NOT_PRODUCTION_READY,True,False
MID,139568,Youssef Zghoudi,523298,Mohamed Ahayaoui,98.526557,11.01287,98.526557,4,medium_research_only,SAME_ROLE_ONLY;RESEARCH_ONLY;SAMPLE_TOO_SMALL_LOCAL_11_MATCHES_NOT_PRODUCTION_READY,True,False
MID,139568,Youssef Zghoudi,523308,Adil Khalloufi,97.824808,10.144568,97.824808,4,medium_research_only,SAME_ROLE_ONLY;RESEARCH_ONLY;SAMPLE_TOO_SMALL_LOCAL_11_MATCHES_NOT_PRODUCTION_READY,True,False
MID,139568,Youssef Zghoudi,523312,Brahim Mansouri,87.840204,10.701279,87.840204,4,medium_research_only,SAME_ROLE_ONLY;RESEARCH_ONLY;SAMPLE_TOO_SMALL_LOCAL_11_MATCHES_NOT_PRODUCTION_READY,True,False
MID,139568,Youssef Zghoudi,523319,Omar Ouddah,96.918503,11.928396,96.918503,4,medium_research_only,SAME_ROLE_ONLY;RESEARCH_ONLY;SAMPLE_TOO_SMALL_LOCAL_11_MATCHES_NOT_PRODUCTION_READY,True,False
MID,139568,Youssef Zghoudi,523973,Hamza Rafa,99.814122,8.259277,99.814122,4,medium_research_only,SAME_ROLE_ONLY;RESEARCH_ONLY;SAMPLE_TOO_SMALL_LOCAL_11_MATCHES_NOT_PRODUCTION_READY,True,False
MID,139568,Youssef Zghoudi,523996,Fred Duval Ngoma,99.918003,8.289579,99.918003,4,medium_research_only,SAME_ROLE_ONLY;RESEARCH_ONLY;SAMPLE_TOO_SMALL_LOCAL_11_MATCHES_NOT_PRODUCTION_READY,True,False
MID,139568,Youssef Zghoudi,523997,Karim L'Koucha,99.393948,2.156658,99.393948,4,medium_research_only,SAME_ROLE_ONLY;RESEARCH_ONLY;SAMPLE_TOO_SMALL_LOCAL_11_MATCHES_NOT_PRODUCTION_READY,True,False
MID,139568,Youssef Zghoudi,523999,Zakaria Kessary,98.729714,9.65178,98.729714,4,medium_research_only,SAME_ROLE_ONLY;RESEARCH_ONLY;SAMPLE_TOO_SMALL_LOCAL_11_MATCHES_NOT_PRODUCTION_READY,True,False
MID,139568,Youssef Zghoudi,524000,Ahmed Aboulfath,87.787299,7.512245,87.787299,4,medium_research_only,SAME_ROLE_ONLY;RESEARCH_ONLY;SAMPLE_TOO_SMALL_LOCAL_11_MATCHES_NOT_PRODUCTION_READY,True,False
MID,139568,Youssef Zghoudi,524002,Salim Ghazzani,86.61232,18.377013,86.61232,4,medium_research_only,SAME_ROLE_ONLY;RESEARCH_ONLY;SAMPLE_TOO_SMALL_LOCAL_11_MATCHES_NOT_PRODUCTION_READY,True,False
MID,139568,Youssef Zghoudi,524003,Mohammed Es-Sahel,96.987381,6.717916,96.987381,4,medium_research_only,SAME_ROLE_ONLY;RESEARCH_ONLY;SAMPLE_TOO_SMALL_LOCAL_11_MATCHES_NOT_PRODUCTION_READY,True,False
MID,139568,Youssef Zghoudi,524511,Saad Nassik,99.88855,6.107769,99.88855,4,medium_research_only,SAME_ROLE_ONLY;RESEARCH_ONLY;SAMPLE_TOO_SMALL_LOCAL_11_MATCHES_NOT_PRODUCTION_READY,True,False
MID,139570,Brahim El Bahraoui,140871,Khalid Ait Ouarkhane,98.433714,10.76802,98.433714,4,medium_research_only,SAME_ROLE_ONLY;RESEARCH_ONLY;SAMPLE_TOO_SMALL_LOCAL_11_MATCHES_NOT_PRODUCTION_READY,True,False
MID,139570,Brahim El Bahraoui,140872,Mohamed Rabie Hrimat,97.849115,14.346986,97.849115,4,medium_research_only,SAME_ROLE_ONLY;RESEARCH_ONLY;SAMPLE_TOO_SMALL_LOCAL_11_MATCHES_NOT_PRODUCTION_READY,True,False
MID,139570,Brahim El Bahraoui,141254,Hamza Afsal,96.056459,10.472148,96.056459,4,medium_research_only,SAME_ROLE_ONLY;RESEARCH_ONLY;SAMPLE_TOO_SMALL_LOCAL_11_MATCHES_NOT_PRODUCTION_READY,True,False
MID,139570,Brahim El Bahraoui,143166,Zakaria Fati,97.25516,12.195633,97.25516,4,medium_research_only,SAME_ROLE_ONLY;RESEARCH_ONLY;SAMPLE_TOO_SMALL_LOCAL_11_MATCHES_NOT_PRODUCTION_READY,True,False
MID,139570,Brahim El Bahraoui,143490,Ahmed Hammoudan,97.713183,11.906457,97.713183,4,medium_research_only,SAME_ROLE_ONLY;RESEARCH_ONLY;SAMPLE_TOO_SMALL_LOCAL_11_MATCHES_NOT_PRODUCTION_READY,True,False
MID,139570,Brahim El Bahraoui,143505,Mohamed Morabit,95.210646,13.282668,95.210646,4,medium_research_only,SAME_ROLE_ONLY;RESEARCH_ONLY;SAMPLE_TOO_SMALL_LOCAL_11_MATCHES_NOT_PRODUCTION_READY,True,False
MID,139570,Brahim El Bahraoui,144434,Ismail Moutaraji,95.42123,19.51756,95.42123,4,medium_research_only,SAME_ROLE_ONLY;RESEARCH_ONLY;SAMPLE_TOO_SMALL_LOCAL_11_MATCHES_NOT_PRODUCTION_READY,True,False
MID,139570,Brahim El Bahraoui,144436,Anas Serrhat,99.374801,16.488318,99.374801,4,medium_research_only,SAME_ROLE_ONLY;RESEARCH_ONLY;SAMPLE_TOO_SMALL_LOCAL_11_MATCHES_NOT_PRODUCTION_READY,True,False
MID,139570,Brahim El Bahraoui,149135,Moses Orkuma,95.953022,13.627466,95.953022,4,medium_research_only,SAME_ROLE_ONLY;RESEARCH_ONLY;SAMPLE_TOO_SMALL_LOCAL_11_MATCHES_NOT_PRODUCTION_READY,True,False
MID,139570,Brahim El Bahraoui,151743,Mohamed Al Makahasi,98.196842,12.719609,98.196842,4,medium_research_only,SAME_ROLE_ONLY;RESEARCH_ONLY;SAMPLE_TOO_SMALL_LOCAL_11_MATCHES_NOT_PRODUCTION_READY,True,False
MID,139570,Brahim El Bahraoui,154668,Mamadou Lamine Camara,99.394864,13.969325,99.394864,4,medium_research_only,SAME_ROLE_ONLY;RESEARCH_ONLY;SAMPLE_TOO_SMALL_LOCAL_11_MATCHES_NOT_PRODUCTION_READY,True,False
MID,139570,Brahim El Bahraoui,161352,Salaheddine Errahouli,97.716715,11.225104,97.716715,4,medium_research_only,SAME_ROLE_ONLY;RESEARCH_ONLY;SAMPLE_TOO_SMALL_LOCAL_11_MATCHES_NOT_PRODUCTION_READY,True,False
MID,139570,Brahim El Bahraoui,183765,Mohammed Amine Essahel,97.342139,12.385181,97.342139,4,medium_research_only,SAME_ROLE_ONLY;RESEARCH_ONLY;SAMPLE_TOO_SMALL_LOCAL_11_MATCHES_NOT_PRODUCTION_READY,True,False
MID,139570,Brahim El Bahraoui,194809,Oussama Zemraoui,98.488957,14.762793,98.488957,4,medium_research_only,SAME_ROLE_ONLY;RESEARCH_ONLY;SAMPLE_TOO_SMALL_LOCAL_11_MATCHES_NOT_PRODUCTION_READY,True,False
MID,139570,Brahim El Bahraoui,194912,Faouzi Abd El Mouttalib,97.238281,11.107857,97.238281,4,medium_research_only,SAME_ROLE_ONLY;RESEARCH_ONLY;SAMPLE_TOO_SMALL_LOCAL_11_MATCHES_NOT_PRODUCTION_READY,True,False
MID,139570,Brahim El Bahraoui,195016,Mouad Mouchtanim,98.644746,14.391468,98.644746,4,medium_research_only,SAME_ROLE_ONLY;RESEARCH_ONLY;SAMPLE_TOO_SMALL_LOCAL_11_MATCHES_NOT_PRODUCTION_READY,True,False
MID,139570,Brahim El Bahraoui,199611,Youssef Mehri,97.607086,12.709946,97.607086,4,medium_research_only,SAME_ROLE_ONLY;RESEARCH_ONLY;SAMPLE_TOO_SMALL_LOCAL_11_MATCHES_NOT_PRODUCTION_READY,True,False
MID,139570,Brahim El Bahraoui,203027,Walid Rhailouf,98.097851,15.097708,98.097851,4,medium_research_only,SAME_ROLE_ONLY;RESEARCH_ONLY;SAMPLE_TOO_SMALL_LOCAL_11_MATCHES_NOT_PRODUCTION_READY,True,False
MID,139570,Brahim El Bahraoui,225437,Stephane Aziz Ki,98.665672,5.621474,98.665672,4,medium_research_only,SAME_ROLE_ONLY;RESEARCH_ONLY;SAMPLE_TOO_SMALL_LOCAL_11_MATCHES_NOT_PRODUCTION_READY,True,False
MID,139570,Brahim El Bahraoui,261620,Nadir Lougmani,95.630662,7.358645,95.630662,4,medium_research_only,SAME_ROLE_ONLY;RESEARCH_ONLY;SAMPLE_TOO_SMALL_LOCAL_11_MATCHES_NOT_PRODUCTION_READY,True,False
MID,139570,Brahim El Bahraoui,275341,Yazid Faffa,98.979238,8.976727,98.979238,4,medium_research_only,SAME_ROLE_ONLY;RESEARCH_ONLY;SAMPLE_TOO_SMALL_LOCAL_11_MATCHES_NOT_PRODUCTION_READY,True,False
MID,139570,Brahim El Bahraoui,312935,Amine Azri,98.211147,13.190931,98.211147,4,medium_research_only,SAME_ROLE_ONLY;RESEARCH_ONLY;SAMPLE_TOO_SMALL_LOCAL_11_MATCHES_NOT_PRODUCTION_READY,True,False
MID,139570,Brahim El Bahraoui,313277,Mohamed Chemlal,92.987136,34.639721,92.987136,4,medium_research_only,SAME_ROLE_ONLY;RESEARCH_ONLY;SAMPLE_TOO_SMALL_LOCAL_11_MATCHES_NOT_PRODUCTION_READY,True,False
MID,139570,Brahim El Bahraoui,313284,Achraf Harmach,96.212438,10.806171,96.212438,4,medium_research_only,SAME_ROLE_ONLY;RESEARCH_ONLY;SAMPLE_TOO_SMALL_LOCAL_11_MATCHES_NOT_PRODUCTION_READY,True,False
MID,139570,Brahim El Bahraoui,314460,Ayoub Bouaadli,98.013308,13.142276,98.013308,4,medium_research_only,SAME_ROLE_ONLY;RESEARCH_ONLY;SAMPLE_TOO_SMALL_LOCAL_11_MATCHES_NOT_PRODUCTION_READY,True,False
MID,139570,Brahim El Bahraoui,323979,Zakaria Fatihi,96.347927,16.940217,96.347927,4,medium_research_only,SAME_ROLE_ONLY;RESEARCH_ONLY;SAMPLE_TOO_SMALL_LOCAL_11_MATCHES_NOT_PRODUCTION_READY,True,False
MID,139570,Brahim El Bahraoui,360838,Zakaria Ami,90.988819,5.59186,90.988819,4,medium_research_only,SAME_ROLE_ONLY;RESEARCH_ONLY;SAMPLE_TOO_SMALL_LOCAL_11_MATCHES_NOT_PRODUCTION_READY,True,False
MID,139570,Brahim El Bahraoui,380600,Mouad Goulouss,99.018148,5.249191,99.018148,4,medium_research_only,SAME_ROLE_ONLY;RESEARCH_ONLY;SAMPLE_TOO_SMALL_LOCAL_11_MATCHES_NOT_PRODUCTION_READY,True,False
MID,139570,Brahim El Bahraoui,381935,Ismail Mihrab,97.547139,7.978598,97.547139,4,medium_research_only,SAME_ROLE_ONLY;RESEARCH_ONLY;SAMPLE_TOO_SMALL_LOCAL_11_MATCHES_NOT_PRODUCTION_READY,True,False
MID,139570,Brahim El Bahraoui,396748,Youssef Laghzal,93.350348,5.034285,93.350348,4,medium_research_only,SAME_ROLE_ONLY;RESEARCH_ONLY;SAMPLE_TOO_SMALL_LOCAL_11_MATCHES_NOT_PRODUCTION_READY,True,False
MID,139570,Brahim El Bahraoui,405645,Othmane Chraibi,95.078302,19.823129,95.078302,4,medium_research_only,SAME_ROLE_ONLY;RESEARCH_ONLY;SAMPLE_TOO_SMALL_LOCAL_11_MATCHES_NOT_PRODUCTION_READY,True,False
MID,139570,Brahim El Bahraoui,406269,Danilson Gomes Tavares,98.208152,7.866799,98.208152,4,medium_research_only,SAME_ROLE_ONLY;RESEARCH_ONLY;SAMPLE_TOO_SMALL_LOCAL_11_MATCHES_NOT_PRODUCTION_READY,True,False
MID,139570,Brahim El Bahraoui,407207,Ennaama El Bellali,96.785036,13.959168,96.785036,4,medium_research_only,SAME_ROLE_ONLY;RESEARCH_ONLY;SAMPLE_TOO_SMALL_LOCAL_11_MATCHES_NOT_PRODUCTION_READY,True,False
MID,139570,Brahim El Bahraoui,407506,Oussama Nourdine,94.914167,14.008105,94.914167,4,medium_research_only,SAME_ROLE_ONLY;RESEARCH_ONLY;SAMPLE_TOO_SMALL_LOCAL_11_MATCHES_NOT_PRODUCTION_READY,True,False
MID,139570,Brahim El Bahraoui,407852,Abdessamad Mahir,96.818373,12.125601,96.818373,4,medium_research_only,SAME_ROLE_ONLY;RESEARCH_ONLY;SAMPLE_TOO_SMALL_LOCAL_11_MATCHES_NOT_PRODUCTION_READY,True,False
MID,139570,Brahim El Bahraoui,415853,Claude Gnolou,97.055216,13.796569,97.055216,4,medium_research_only,SAME_ROLE_ONLY;RESEARCH_ONLY;SAMPLE_TOO_SMALL_LOCAL_11_MATCHES_NOT_PRODUCTION_READY,True,False
MID,139570,Brahim El Bahraoui,416303,El Mahdi Akoumi,97.276531,7.156712,97.276531,4,medium_research_only,SAME_ROLE_ONLY;RESEARCH_ONLY;SAMPLE_TOO_SMALL_LOCAL_11_MATCHES_NOT_PRODUCTION_READY,True,False
MID,139570,Brahim El Bahraoui,424979,Soufiane Tazi,98.143593,15.160539,98.143593,4,medium_research_only,SAME_ROLE_ONLY;RESEARCH_ONLY;SAMPLE_TOO_SMALL_LOCAL_11_MATCHES_NOT_PRODUCTION_READY,True,False
MID,139570,Brahim El Bahraoui,442288,Adnane Berdad,97.671224,10.54291,97.671224,4,medium_research_only,SAME_ROLE_ONLY;RESEARCH_ONLY;SAMPLE_TOO_SMALL_LOCAL_11_MATCHES_NOT_PRODUCTION_READY,True,False
MID,139570,Brahim El Bahraoui,442292,Abdellatif El Bajjani,97.318667,14.060021,97.318667,4,medium_research_only,SAME_ROLE_ONLY;RESEARCH_ONLY;SAMPLE_TOO_SMALL_LOCAL_11_MATCHES_NOT_PRODUCTION_READY,True,False
MID,139570,Brahim El Bahraoui,443951,Youness Akharraz,93.569171,8.391044,93.569171,4,medium_research_only,SAME_ROLE_ONLY;RESEARCH_ONLY;SAMPLE_TOO_SMALL_LOCAL_11_MATCHES_NOT_PRODUCTION_READY,True,False
MID,139570,Brahim El Bahraoui,445163,Ayoub Maamouri,96.33186,4.785274,96.33186,4,medium_research_only,SAME_ROLE_ONLY;RESEARCH_ONLY;SAMPLE_TOO_SMALL_LOCAL_11_MATCHES_NOT_PRODUCTION_READY,True,False
MID,139570,Brahim El Bahraoui,446355,Ishak Zidani,96.859784,12.494227,96.859784,4,medium_research_only,SAME_ROLE_ONLY;RESEARCH_ONLY;SAMPLE_TOO_SMALL_LOCAL_11_MATCHES_NOT_PRODUCTION_READY,True,False
MID,139570,Brahim El Bahraoui,449373,Marouane Oujeddou,99.038053,9.044196,99.038053,4,medium_research_only,SAME_ROLE_ONLY;RESEARCH_ONLY;SAMPLE_TOO_SMALL_LOCAL_11_MATCHES_NOT_PRODUCTION_READY,True,False
MID,139570,Brahim El Bahraoui,449471,Ayman Tarrazi,95.856677,8.998012,95.856677,4,medium_research_only,SAME_ROLE_ONLY;RESEARCH_ONLY;SAMPLE_TOO_SMALL_LOCAL_11_MATCHES_NOT_PRODUCTION_READY,True,False
MID,139570,Brahim El Bahraoui,450709,Joseph Bakasu       ,94.271126,12.562839,94.271126,4,medium_research_only,SAME_ROLE_ONLY;RESEARCH_ONLY;SAMPLE_TOO_SMALL_LOCAL_11_MATCHES_NOT_PRODUCTION_READY,True,False
MID,139570,Brahim El Bahraoui,460266,Youness Dahmani,85.779445,5.056649,85.779445,4,medium_research_only,SAME_ROLE_ONLY;RESEARCH_ONLY;SAMPLE_TOO_SMALL_LOCAL_11_MATCHES_NOT_PRODUCTION_READY,True,False
MID,139570,Brahim El Bahraoui,477679,Redouane Oubidar,95.167214,13.990514,95.167214,4,medium_research_only,SAME_ROLE_ONLY;RESEARCH_ONLY;SAMPLE_TOO_SMALL_LOCAL_11_MATCHES_NOT_PRODUCTION_READY,True,False
MID,139570,Brahim El Bahraoui,477680,Hamza Saoud,95.667888,19.189492,95.667888,4,medium_research_only,SAME_ROLE_ONLY;RESEARCH_ONLY;SAMPLE_TOO_SMALL_LOCAL_11_MATCHES_NOT_PRODUCTION_READY,True,False
MID,139570,Brahim El Bahraoui,477682,Ayoub Benaadi,98.926518,11.630158,98.926518,4,medium_research_only,SAME_ROLE_ONLY;RESEARCH_ONLY;SAMPLE_TOO_SMALL_LOCAL_11_MATCHES_NOT_PRODUCTION_READY,True,False
MID,139570,Brahim El Bahraoui,477688,Ayoub El Khaffi,95.222905,21.606938,95.222905,4,medium_research_only,SAME_ROLE_ONLY;RESEARCH_ONLY;SAMPLE_TOO_SMALL_LOCAL_11_MATCHES_NOT_PRODUCTION_READY,True,False
MID,139570,Brahim El Bahraoui,523298,Mohamed Ahayaoui,97.964924,15.986082,97.964924,4,medium_research_only,SAME_ROLE_ONLY;RESEARCH_ONLY;SAMPLE_TOO_SMALL_LOCAL_11_MATCHES_NOT_PRODUCTION_READY,True,False
MID,139570,Brahim El Bahraoui,523308,Adil Khalloufi,96.81254,14.97581,96.81254,4,medium_research_only,SAME_ROLE_ONLY;RESEARCH_ONLY;SAMPLE_TOO_SMALL_LOCAL_11_MATCHES_NOT_PRODUCTION_READY,True,False
MID,139570,Brahim El Bahraoui,523312,Brahim Mansouri,95.341986,12.769065,95.341986,4,medium_research_only,SAME_ROLE_ONLY;RESEARCH_ONLY;SAMPLE_TOO_SMALL_LOCAL_11_MATCHES_NOT_PRODUCTION_READY,True,False
MID,139570,Brahim El Bahraoui,523319,Omar Ouddah,94.969194,16.680708,94.969194,4,medium_research_only,SAME_ROLE_ONLY;RESEARCH_ONLY;SAMPLE_TOO_SMALL_LOCAL_11_MATCHES_NOT_PRODUCTION_READY,True,False
MID,139570,Brahim El Bahraoui,523973,Hamza Rafa,94.169867,13.893799,94.169867,4,medium_research_only,SAME_ROLE_ONLY;RESEARCH_ONLY;SAMPLE_TOO_SMALL_LOCAL_11_MATCHES_NOT_PRODUCTION_READY,True,False
MID,139570,Brahim El Bahraoui,523996,Fred Duval Ngoma,94.402781,13.941501,94.402781,4,medium_research_only,SAME_ROLE_ONLY;RESEARCH_ONLY;SAMPLE_TOO_SMALL_LOCAL_11_MATCHES_NOT_PRODUCTION_READY,True,False
MID,139570,Brahim El Bahraoui,523997,Karim L'Koucha,96.60364,7.176076,96.60364,4,medium_research_only,SAME_ROLE_ONLY;RESEARCH_ONLY;SAMPLE_TOO_SMALL_LOCAL_11_MATCHES_NOT_PRODUCTION_READY,True,False
MID,139570,Brahim El Bahraoui,523999,Zakaria Kessary,97.711091,14.682791,97.711091,4,medium_research_only,SAME_ROLE_ONLY;RESEARCH_ONLY;SAMPLE_TOO_SMALL_LOCAL_11_MATCHES_NOT_PRODUCTION_READY,True,False
MID,139570,Brahim El Bahraoui,524000,Ahmed Aboulfath,93.670185,8.864813,93.670185,4,medium_research_only,SAME_ROLE_ONLY;RESEARCH_ONLY;SAMPLE_TOO_SMALL_LOCAL_11_MATCHES_NOT_PRODUCTION_READY,True,False
MID,139570,Brahim El Bahraoui,524002,Salim Ghazzani,97.16553,20.682539,97.16553,4,medium_research_only,SAME_ROLE_ONLY;RESEARCH_ONLY;SAMPLE_TOO_SMALL_LOCAL_11_MATCHES_NOT_PRODUCTION_READY,True,False
MID,139570,Brahim El Bahraoui,524003,Mohammed Es-Sahel,95.050136,11.218305,95.050136,4,medium_research_only,SAME_ROLE_ONLY;RESEARCH_ONLY;SAMPLE_TOO_SMALL_LOCAL_11_MATCHES_NOT_PRODUCTION_READY,True,False
MID,139570,Brahim El Bahraoui,524511,Saad Nassik,95.787148,11.650064,95.787148,4,medium_research_only,SAME_ROLE_ONLY;RESEARCH_ONLY;SAMPLE_TOO_SMALL_LOCAL_11_MATCHES_NOT_PRODUCTION_READY,True,False
MID,140871,Khalid Ait Ouarkhane,140872,Mohamed Rabie Hrimat,98.94273,4.756335,98.94273,4,medium_research_only,SAME_ROLE_ONLY;RESEARCH_ONLY;SAMPLE_TOO_SMALL_LOCAL_11_MATCHES_NOT_PRODUCTION_READY,True,False
MID,140871,Khalid Ait Ouarkhane,141254,Hamza Afsal,93.739622,6.784216,93.739622,4,medium_research_only,SAME_ROLE_ONLY;RESEARCH_ONLY;SAMPLE_TOO_SMALL_LOCAL_11_MATCHES_NOT_PRODUCTION_READY,True,False
MID,140871,Khalid Ait Ouarkhane,143166,Zakaria Fati,94.472937,6.912122,94.472937,4,medium_research_only,SAME_ROLE_ONLY;RESEARCH_ONLY;SAMPLE_TOO_SMALL_LOCAL_11_MATCHES_NOT_PRODUCTION_READY,True,False
MID,140871,Khalid Ait Ouarkhane,143490,Ahmed Hammoudan,99.393096,2.478069,99.393096,4,medium_research_only,SAME_ROLE_ONLY;RESEARCH_ONLY;SAMPLE_TOO_SMALL_LOCAL_11_MATCHES_NOT_PRODUCTION_READY,True,False
MID,140871,Khalid Ait Ouarkhane,143505,Mohamed Morabit,98.333578,4.460143,98.333578,4,medium_research_only,SAME_ROLE_ONLY;RESEARCH_ONLY;SAMPLE_TOO_SMALL_LOCAL_11_MATCHES_NOT_PRODUCTION_READY,True,False
MID,140871,Khalid Ait Ouarkhane,144434,Ismail Moutaraji,91.385249,13.374855,91.385249,4,medium_research_only,SAME_ROLE_ONLY;RESEARCH_ONLY;SAMPLE_TOO_SMALL_LOCAL_11_MATCHES_NOT_PRODUCTION_READY,True,False
MID,140871,Khalid Ait Ouarkhane,144436,Anas Serrhat,96.895373,8.191114,96.895373,4,medium_research_only,SAME_ROLE_ONLY;RESEARCH_ONLY;SAMPLE_TOO_SMALL_LOCAL_11_MATCHES_NOT_PRODUCTION_READY,True,False
MID,140871,Khalid Ait Ouarkhane,149135,Moses Orkuma,91.643798,9.101716,91.643798,4,medium_research_only,SAME_ROLE_ONLY;RESEARCH_ONLY;SAMPLE_TOO_SMALL_LOCAL_11_MATCHES_NOT_PRODUCTION_READY,True,False
MID,140871,Khalid Ait Ouarkhane,151743,Mohamed Al Makahasi,96.964089,5.478415,96.964089,4,medium_research_only,SAME_ROLE_ONLY;RESEARCH_ONLY;SAMPLE_TOO_SMALL_LOCAL_11_MATCHES_NOT_PRODUCTION_READY,True,False
MID,140871,Khalid Ait Ouarkhane,154668,Mamadou Lamine Camara,97.317039,5.996334,97.317039,4,medium_research_only,SAME_ROLE_ONLY;RESEARCH_ONLY;SAMPLE_TOO_SMALL_LOCAL_11_MATCHES_NOT_PRODUCTION_READY,True,False
MID,140871,Khalid Ait Ouarkhane,161352,Salaheddine Errahouli,99.889588,1.011277,99.889588,4,medium_research_only,SAME_ROLE_ONLY;RESEARCH_ONLY;SAMPLE_TOO_SMALL_LOCAL_11_MATCHES_NOT_PRODUCTION_READY,True,False
MID,140871,Khalid Ait Ouarkhane,183765,Mohammed Amine Essahel,92.44589,8.125744,92.44589,4,medium_research_only,SAME_ROLE_ONLY;RESEARCH_ONLY;SAMPLE_TOO_SMALL_LOCAL_11_MATCHES_NOT_PRODUCTION_READY,True,False
MID,140871,Khalid Ait Ouarkhane,194809,Oussama Zemraoui,99.323576,4.761691,99.323576,4,medium_research_only,SAME_ROLE_ONLY;RESEARCH_ONLY;SAMPLE_TOO_SMALL_LOCAL_11_MATCHES_NOT_PRODUCTION_READY,True,False
MID,140871,Khalid Ait Ouarkhane,194912,Faouzi Abd El Mouttalib,93.658659,7.000077,93.658659,4,medium_research_only,SAME_ROLE_ONLY;RESEARCH_ONLY;SAMPLE_TOO_SMALL_LOCAL_11_MATCHES_NOT_PRODUCTION_READY,True,False
MID,140871,Khalid Ait Ouarkhane,195016,Mouad Mouchtanim,96.473227,6.86445,96.473227,4,medium_research_only,SAME_ROLE_ONLY;RESEARCH_ONLY;SAMPLE_TOO_SMALL_LOCAL_11_MATCHES_NOT_PRODUCTION_READY,True,False
MID,140871,Khalid Ait Ouarkhane,199611,Youssef Mehri,99.552987,2.719531,99.552987,4,medium_research_only,SAME_ROLE_ONLY;RESEARCH_ONLY;SAMPLE_TOO_SMALL_LOCAL_11_MATCHES_NOT_PRODUCTION_READY,True,False
MID,140871,Khalid Ait Ouarkhane,203027,Walid Rhailouf,96.67955,7.187553,96.67955,4,medium_research_only,SAME_ROLE_ONLY;RESEARCH_ONLY;SAMPLE_TOO_SMALL_LOCAL_11_MATCHES_NOT_PRODUCTION_READY,True,False
MID,140871,Khalid Ait Ouarkhane,225437,Stephane Aziz Ki,99.673871,5.298131,99.673871,4,medium_research_only,SAME_ROLE_ONLY;RESEARCH_ONLY;SAMPLE_TOO_SMALL_LOCAL_11_MATCHES_NOT_PRODUCTION_READY,True,False
MID,140871,Khalid Ait Ouarkhane,261620,Nadir Lougmani,93.461662,7.058621,93.461662,4,medium_research_only,SAME_ROLE_ONLY;RESEARCH_ONLY;SAMPLE_TOO_SMALL_LOCAL_11_MATCHES_NOT_PRODUCTION_READY,True,False
MID,140871,Khalid Ait Ouarkhane,275341,Yazid Faffa,95.843237,5.529549,95.843237,4,medium_research_only,SAME_ROLE_ONLY;RESEARCH_ONLY;SAMPLE_TOO_SMALL_LOCAL_11_MATCHES_NOT_PRODUCTION_READY,True,False
MID,140871,Khalid Ait Ouarkhane,312935,Amine Azri,94.139582,7.617732,94.139582,4,medium_research_only,SAME_ROLE_ONLY;RESEARCH_ONLY;SAMPLE_TOO_SMALL_LOCAL_11_MATCHES_NOT_PRODUCTION_READY,True,False
MID,140871,Khalid Ait Ouarkhane,313277,Mohamed Chemlal,97.703402,24.504436,97.703402,4,medium_research_only,SAME_ROLE_ONLY;RESEARCH_ONLY;SAMPLE_TOO_SMALL_LOCAL_11_MATCHES_NOT_PRODUCTION_READY,True,False
MID,140871,Khalid Ait Ouarkhane,313284,Achraf Harmach,92.879683,7.311895,92.879683,4,medium_research_only,SAME_ROLE_ONLY;RESEARCH_ONLY;SAMPLE_TOO_SMALL_LOCAL_11_MATCHES_NOT_PRODUCTION_READY,True,False
MID,140871,Khalid Ait Ouarkhane,314460,Ayoub Bouaadli,95.222945,6.921298,95.222945,4,medium_research_only,SAME_ROLE_ONLY;RESEARCH_ONLY;SAMPLE_TOO_SMALL_LOCAL_11_MATCHES_NOT_PRODUCTION_READY,True,False
MID,140871,Khalid Ait Ouarkhane,323979,Zakaria Fatihi,90.510491,11.824245,90.510491,4,medium_research_only,SAME_ROLE_ONLY;RESEARCH_ONLY;SAMPLE_TOO_SMALL_LOCAL_11_MATCHES_NOT_PRODUCTION_READY,True,False
MID,140871,Khalid Ait Ouarkhane,360838,Zakaria Ami,89.260258,9.021806,89.260258,4,medium_research_only,SAME_ROLE_ONLY;RESEARCH_ONLY;SAMPLE_TOO_SMALL_LOCAL_11_MATCHES_NOT_PRODUCTION_READY,True,False
MID,140871,Khalid Ait Ouarkhane,380600,Mouad Goulouss,95.203825,7.211821,95.203825,4,medium_research_only,SAME_ROLE_ONLY;RESEARCH_ONLY;SAMPLE_TOO_SMALL_LOCAL_11_MATCHES_NOT_PRODUCTION_READY,True,False
MID,140871,Khalid Ait Ouarkhane,381935,Ismail Mihrab,93.199308,7.004611,93.199308,4,medium_research_only,SAME_ROLE_ONLY;RESEARCH_ONLY;SAMPLE_TOO_SMALL_LOCAL_11_MATCHES_NOT_PRODUCTION_READY,True,False
MID,140871,Khalid Ait Ouarkhane,396748,Youssef Laghzal,87.580648,9.518396,87.580648,4,medium_research_only,SAME_ROLE_ONLY;RESEARCH_ONLY;SAMPLE_TOO_SMALL_LOCAL_11_MATCHES_NOT_PRODUCTION_READY,True,False
MID,140871,Khalid Ait Ouarkhane,405645,Othmane Chraibi,91.302414,13.643634,91.302414,4,medium_research_only,SAME_ROLE_ONLY;RESEARCH_ONLY;SAMPLE_TOO_SMALL_LOCAL_11_MATCHES_NOT_PRODUCTION_READY,True,False
MID,140871,Khalid Ait Ouarkhane,406269,Danilson Gomes Tavares,93.872914,6.72003,93.872914,4,medium_research_only,SAME_ROLE_ONLY;RESEARCH_ONLY;SAMPLE_TOO_SMALL_LOCAL_11_MATCHES_NOT_PRODUCTION_READY,True,False
MID,140871,Khalid Ait Ouarkhane,407207,Ennaama El Bellali,93.605,8.291565,93.605,4,medium_research_only,SAME_ROLE_ONLY;RESEARCH_ONLY;SAMPLE_TOO_SMALL_LOCAL_11_MATCHES_NOT_PRODUCTION_READY,True,False
MID,140871,Khalid Ait Ouarkhane,407506,Oussama Nourdine,89.675151,10.203837,89.675151,4,medium_research_only,SAME_ROLE_ONLY;RESEARCH_ONLY;SAMPLE_TOO_SMALL_LOCAL_11_MATCHES_NOT_PRODUCTION_READY,True,False
MID,140871,Khalid Ait Ouarkhane,407852,Abdessamad Mahir,92.594734,7.918988,92.594734,4,medium_research_only,SAME_ROLE_ONLY;RESEARCH_ONLY;SAMPLE_TOO_SMALL_LOCAL_11_MATCHES_NOT_PRODUCTION_READY,True,False
MID,140871,Khalid Ait Ouarkhane,415853,Claude Gnolou,92.578223,8.765491,92.578223,4,medium_research_only,SAME_ROLE_ONLY;RESEARCH_ONLY;SAMPLE_TOO_SMALL_LOCAL_11_MATCHES_NOT_PRODUCTION_READY,True,False
MID,140871,Khalid Ait Ouarkhane,416303,El Mahdi Akoumi,94.883491,6.495399,94.883491,4,medium_research_only,SAME_ROLE_ONLY;RESEARCH_ONLY;SAMPLE_TOO_SMALL_LOCAL_11_MATCHES_NOT_PRODUCTION_READY,True,False
MID,140871,Khalid Ait Ouarkhane,424979,Soufiane Tazi,96.20408,7.557172,96.20408,4,medium_research_only,SAME_ROLE_ONLY;RESEARCH_ONLY;SAMPLE_TOO_SMALL_LOCAL_11_MATCHES_NOT_PRODUCTION_READY,True,False
MID,140871,Khalid Ait Ouarkhane,442288,Adnane Berdad,94.031703,6.662794,94.031703,4,medium_research_only,SAME_ROLE_ONLY;RESEARCH_ONLY;SAMPLE_TOO_SMALL_LOCAL_11_MATCHES_NOT_PRODUCTION_READY,True,False
MID,140871,Khalid Ait Ouarkhane,442292,Abdellatif El Bajjani,93.452724,8.459453,93.452724,4,medium_research_only,SAME_ROLE_ONLY;RESEARCH_ONLY;SAMPLE_TOO_SMALL_LOCAL_11_MATCHES_NOT_PRODUCTION_READY,True,False
MID,140871,Khalid Ait Ouarkhane,443951,Youness Akharraz,90.143353,8.208327,90.143353,4,medium_research_only,SAME_ROLE_ONLY;RESEARCH_ONLY;SAMPLE_TOO_SMALL_LOCAL_11_MATCHES_NOT_PRODUCTION_READY,True,False
MID,140871,Khalid Ait Ouarkhane,445163,Ayoub Maamouri,98.97917,6.563749,98.97917,4,medium_research_only,SAME_ROLE_ONLY;RESEARCH_ONLY;SAMPLE_TOO_SMALL_LOCAL_11_MATCHES_NOT_PRODUCTION_READY,True,False
MID,140871,Khalid Ait Ouarkhane,446355,Ishak Zidani,94.883352,6.775989,94.883352,4,medium_research_only,SAME_ROLE_ONLY;RESEARCH_ONLY;SAMPLE_TOO_SMALL_LOCAL_11_MATCHES_NOT_PRODUCTION_READY,True,False
MID,140871,Khalid Ait Ouarkhane,449373,Marouane Oujeddou,99.692707,2.205389,99.692707,4,medium_research_only,SAME_ROLE_ONLY;RESEARCH_ONLY;SAMPLE_TOO_SMALL_LOCAL_11_MATCHES_NOT_PRODUCTION_READY,True,False
MID,140871,Khalid Ait Ouarkhane,449471,Ayman Tarrazi,90.678797,8.026312,90.678797,4,medium_research_only,SAME_ROLE_ONLY;RESEARCH_ONLY;SAMPLE_TOO_SMALL_LOCAL_11_MATCHES_NOT_PRODUCTION_READY,True,False
MID,140871,Khalid Ait Ouarkhane,450709,Joseph Bakasu       ,90.570319,9.02007,90.570319,4,medium_research_only,SAME_ROLE_ONLY;RESEARCH_ONLY;SAMPLE_TOO_SMALL_LOCAL_11_MATCHES_NOT_PRODUCTION_READY,True,False
MID,140871,Khalid Ait Ouarkhane,460266,Youness Dahmani,82.928029,10.606444,82.928029,4,medium_research_only,SAME_ROLE_ONLY;RESEARCH_ONLY;SAMPLE_TOO_SMALL_LOCAL_11_MATCHES_NOT_PRODUCTION_READY,True,False
MID,140871,Khalid Ait Ouarkhane,477679,Redouane Oubidar,90.522759,9.814027,90.522759,4,medium_research_only,SAME_ROLE_ONLY;RESEARCH_ONLY;SAMPLE_TOO_SMALL_LOCAL_11_MATCHES_NOT_PRODUCTION_READY,True,False
MID,140871,Khalid Ait Ouarkhane,477680,Hamza Saoud,94.624954,11.529718,94.624954,4,medium_research_only,SAME_ROLE_ONLY;RESEARCH_ONLY;SAMPLE_TOO_SMALL_LOCAL_11_MATCHES_NOT_PRODUCTION_READY,True,False
MID,140871,Khalid Ait Ouarkhane,477682,Ayoub Benaadi,99.440918,2.309292,99.440918,4,medium_research_only,SAME_ROLE_ONLY;RESEARCH_ONLY;SAMPLE_TOO_SMALL_LOCAL_11_MATCHES_NOT_PRODUCTION_READY,True,False
MID,140871,Khalid Ait Ouarkhane,477688,Ayoub El Khaffi,91.087886,15.251703,91.087886,4,medium_research_only,SAME_ROLE_ONLY;RESEARCH_ONLY;SAMPLE_TOO_SMALL_LOCAL_11_MATCHES_NOT_PRODUCTION_READY,True,False
MID,140871,Khalid Ait Ouarkhane,523298,Mohamed Ahayaoui,94.744856,9.046249,94.744856,4,medium_research_only,SAME_ROLE_ONLY;RESEARCH_ONLY;SAMPLE_TOO_SMALL_LOCAL_11_MATCHES_NOT_PRODUCTION_READY,True,False
MID,140871,Khalid Ait Ouarkhane,523308,Adil Khalloufi,91.726059,9.907241,91.726059,4,medium_research_only,SAME_ROLE_ONLY;RESEARCH_ONLY;SAMPLE_TOO_SMALL_LOCAL_11_MATCHES_NOT_PRODUCTION_READY,True,False
MID,140871,Khalid Ait Ouarkhane,523312,Brahim Mansouri,99.126916,3.254908,99.126916,4,medium_research_only,SAME_ROLE_ONLY;RESEARCH_ONLY;SAMPLE_TOO_SMALL_LOCAL_11_MATCHES_NOT_PRODUCTION_READY,True,False
MID,140871,Khalid Ait Ouarkhane,523319,Omar Ouddah,90.118837,11.742802,90.118837,4,medium_research_only,SAME_ROLE_ONLY;RESEARCH_ONLY;SAMPLE_TOO_SMALL_LOCAL_11_MATCHES_NOT_PRODUCTION_READY,True,False
MID,140871,Khalid Ait Ouarkhane,523973,Hamza Rafa,90.602724,9.679353,90.602724,4,medium_research_only,SAME_ROLE_ONLY;RESEARCH_ONLY;SAMPLE_TOO_SMALL_LOCAL_11_MATCHES_NOT_PRODUCTION_READY,True,False
MID,140871,Khalid Ait Ouarkhane,523996,Fred Duval Ngoma,90.6804,9.679287,90.6804,4,medium_research_only,SAME_ROLE_ONLY;RESEARCH_ONLY;SAMPLE_TOO_SMALL_LOCAL_11_MATCHES_NOT_PRODUCTION_READY,True,False
MID,140871,Khalid Ait Ouarkhane,523997,Karim L'Koucha,92.545473,7.433212,92.545473,4,medium_research_only,SAME_ROLE_ONLY;RESEARCH_ONLY;SAMPLE_TOO_SMALL_LOCAL_11_MATCHES_NOT_PRODUCTION_READY,True,False
MID,140871,Khalid Ait Ouarkhane,523999,Zakaria Kessary,95.260354,7.809838,95.260354,4,medium_research_only,SAME_ROLE_ONLY;RESEARCH_ONLY;SAMPLE_TOO_SMALL_LOCAL_11_MATCHES_NOT_PRODUCTION_READY,True,False
MID,140871,Khalid Ait Ouarkhane,524000,Ahmed Aboulfath,87.525777,9.168582,87.525777,4,medium_research_only,SAME_ROLE_ONLY;RESEARCH_ONLY;SAMPLE_TOO_SMALL_LOCAL_11_MATCHES_NOT_PRODUCTION_READY,True,False
MID,140871,Khalid Ait Ouarkhane,524002,Salim Ghazzani,96.507618,11.923567,96.507618,4,medium_research_only,SAME_ROLE_ONLY;RESEARCH_ONLY;SAMPLE_TOO_SMALL_LOCAL_11_MATCHES_NOT_PRODUCTION_READY,True,False
MID,140871,Khalid Ait Ouarkhane,524003,Mohammed Es-Sahel,90.360065,8.608546,90.360065,4,medium_research_only,SAME_ROLE_ONLY;RESEARCH_ONLY;SAMPLE_TOO_SMALL_LOCAL_11_MATCHES_NOT_PRODUCTION_READY,True,False
MID,140871,Khalid Ait Ouarkhane,524511,Saad Nassik,92.05753,7.977508,92.05753,4,medium_research_only,SAME_ROLE_ONLY;RESEARCH_ONLY;SAMPLE_TOO_SMALL_LOCAL_11_MATCHES_NOT_PRODUCTION_READY,True,False
MID,140872,Mohamed Rabie Hrimat,141254,Hamza Afsal,90.802086,10.040545,90.802086,4,medium_research_only,SAME_ROLE_ONLY;RESEARCH_ONLY;SAMPLE_TOO_SMALL_LOCAL_11_MATCHES_NOT_PRODUCTION_READY,True,False
MID,140872,Mohamed Rabie Hrimat,143166,Zakaria Fati,97.239438,5.807519,97.239438,4,medium_research_only,SAME_ROLE_ONLY;RESEARCH_ONLY;SAMPLE_TOO_SMALL_LOCAL_11_MATCHES_NOT_PRODUCTION_READY,True,False
MID,140872,Mohamed Rabie Hrimat,143490,Ahmed Hammoudan,99.593288,3.196834,99.593288,4,medium_research_only,SAME_ROLE_ONLY;RESEARCH_ONLY;SAMPLE_TOO_SMALL_LOCAL_11_MATCHES_NOT_PRODUCTION_READY,True,False
MID,140872,Mohamed Rabie Hrimat,143505,Mohamed Morabit,95.356339,7.292872,95.356339,4,medium_research_only,SAME_ROLE_ONLY;RESEARCH_ONLY;SAMPLE_TOO_SMALL_LOCAL_11_MATCHES_NOT_PRODUCTION_READY,True,False
MID,140872,Mohamed Rabie Hrimat,144434,Ismail Moutaraji,94.876762,10.207307,94.876762,4,medium_research_only,SAME_ROLE_ONLY;RESEARCH_ONLY;SAMPLE_TOO_SMALL_LOCAL_11_MATCHES_NOT_PRODUCTION_READY,True,False
MID,140872,Mohamed Rabie Hrimat,144436,Anas Serrhat,97.772883,5.939117,97.772883,4,medium_research_only,SAME_ROLE_ONLY;RESEARCH_ONLY;SAMPLE_TOO_SMALL_LOCAL_11_MATCHES_NOT_PRODUCTION_READY,True,False
MID,140872,Mohamed Rabie Hrimat,149135,Moses Orkuma,94.117086,8.229948,94.117086,4,medium_research_only,SAME_ROLE_ONLY;RESEARCH_ONLY;SAMPLE_TOO_SMALL_LOCAL_11_MATCHES_NOT_PRODUCTION_READY,True,False
MID,140872,Mohamed Rabie Hrimat,151743,Mohamed Al Makahasi,98.89949,3.81324,98.89949,4,medium_research_only,SAME_ROLE_ONLY;RESEARCH_ONLY;SAMPLE_TOO_SMALL_LOCAL_11_MATCHES_NOT_PRODUCTION_READY,True,False
MID,140872,Mohamed Rabie Hrimat,154668,Mamadou Lamine Camara,98.175447,4.648239,98.175447,4,medium_research_only,SAME_ROLE_ONLY;RESEARCH_ONLY;SAMPLE_TOO_SMALL_LOCAL_11_MATCHES_NOT_PRODUCTION_READY,True,False
MID,140872,Mohamed Rabie Hrimat,161352,Salaheddine Errahouli,98.338724,5.114721,98.338724,4,medium_research_only,SAME_ROLE_ONLY;RESEARCH_ONLY;SAMPLE_TOO_SMALL_LOCAL_11_MATCHES_NOT_PRODUCTION_READY,True,False
MID,140872,Mohamed Rabie Hrimat,183765,Mohammed Amine Essahel,92.140161,9.343928,92.140161,4,medium_research_only,SAME_ROLE_ONLY;RESEARCH_ONLY;SAMPLE_TOO_SMALL_LOCAL_11_MATCHES_NOT_PRODUCTION_READY,True,False
MID,140872,Mohamed Rabie Hrimat,194809,Oussama Zemraoui,99.910913,1.14561,99.910913,4,medium_research_only,SAME_ROLE_ONLY;RESEARCH_ONLY;SAMPLE_TOO_SMALL_LOCAL_11_MATCHES_NOT_PRODUCTION_READY,True,False
MID,140872,Mohamed Rabie Hrimat,194912,Faouzi Abd El Mouttalib,96.253739,6.871212,96.253739,4,medium_research_only,SAME_ROLE_ONLY;RESEARCH_ONLY;SAMPLE_TOO_SMALL_LOCAL_11_MATCHES_NOT_PRODUCTION_READY,True,False
MID,140872,Mohamed Rabie Hrimat,195016,Mouad Mouchtanim,97.328768,5.676252,97.328768,4,medium_research_only,SAME_ROLE_ONLY;RESEARCH_ONLY;SAMPLE_TOO_SMALL_LOCAL_11_MATCHES_NOT_PRODUCTION_READY,True,False
MID,140872,Mohamed Rabie Hrimat,199611,Youssef Mehri,99.738808,2.36306,99.738808,4,medium_research_only,SAME_ROLE_ONLY;RESEARCH_ONLY;SAMPLE_TOO_SMALL_LOCAL_11_MATCHES_NOT_PRODUCTION_READY,True,False
MID,140872,Mohamed Rabie Hrimat,203027,Walid Rhailouf,98.851971,3.868608,98.851971,4,medium_research_only,SAME_ROLE_ONLY;RESEARCH_ONLY;SAMPLE_TOO_SMALL_LOCAL_11_MATCHES_NOT_PRODUCTION_READY,True,False
MID,140872,Mohamed Rabie Hrimat,225437,Stephane Aziz Ki,99.725437,8.785462,99.725437,4,medium_research_only,SAME_ROLE_ONLY;RESEARCH_ONLY;SAMPLE_TOO_SMALL_LOCAL_11_MATCHES_NOT_PRODUCTION_READY,True,False
MID,140872,Mohamed Rabie Hrimat,261620,Nadir Lougmani,97.11881,8.493191,97.11881,4,medium_research_only,SAME_ROLE_ONLY;RESEARCH_ONLY;SAMPLE_TOO_SMALL_LOCAL_11_MATCHES_NOT_PRODUCTION_READY,True,False
MID,140872,Mohamed Rabie Hrimat,275341,Yazid Faffa,95.868535,7.898761,95.868535,4,medium_research_only,SAME_ROLE_ONLY;RESEARCH_ONLY;SAMPLE_TOO_SMALL_LOCAL_11_MATCHES_NOT_PRODUCTION_READY,True,False
MID,140872,Mohamed Rabie Hrimat,312935,Amine Azri,94.108857,8.201979,94.108857,4,medium_research_only,SAME_ROLE_ONLY;RESEARCH_ONLY;SAMPLE_TOO_SMALL_LOCAL_11_MATCHES_NOT_PRODUCTION_READY,True,False
MID,140872,Mohamed Rabie Hrimat,313277,Mohamed Chemlal,95.395164,22.762282,95.395164,4,medium_research_only,SAME_ROLE_ONLY;RESEARCH_ONLY;SAMPLE_TOO_SMALL_LOCAL_11_MATCHES_NOT_PRODUCTION_READY,True,False
MID,140872,Mohamed Rabie Hrimat,313284,Achraf Harmach,95.993587,7.166173,95.993587,4,medium_research_only,SAME_ROLE_ONLY;RESEARCH_ONLY;SAMPLE_TOO_SMALL_LOCAL_11_MATCHES_NOT_PRODUCTION_READY,True,False
MID,140872,Mohamed Rabie Hrimat,314460,Ayoub Bouaadli,97.467563,5.448314,97.467563,4,medium_research_only,SAME_ROLE_ONLY;RESEARCH_ONLY;SAMPLE_TOO_SMALL_LOCAL_11_MATCHES_NOT_PRODUCTION_READY,True,False
MID,140872,Mohamed Rabie Hrimat,323979,Zakaria Fatihi,89.85562,12.051583,89.85562,4,medium_research_only,SAME_ROLE_ONLY;RESEARCH_ONLY;SAMPLE_TOO_SMALL_LOCAL_11_MATCHES_NOT_PRODUCTION_READY,True,False
MID,140872,Mohamed Rabie Hrimat,360838,Zakaria Ami,83.689652,13.343966,83.689652,4,medium_research_only,SAME_ROLE_ONLY;RESEARCH_ONLY;SAMPLE_TOO_SMALL_LOCAL_11_MATCHES_NOT_PRODUCTION_READY,True,False
MID,140872,Mohamed Rabie Hrimat,380600,Mouad Goulouss,95.649793,10.320615,95.649793,4,medium_research_only,SAME_ROLE_ONLY;RESEARCH_ONLY;SAMPLE_TOO_SMALL_LOCAL_11_MATCHES_NOT_PRODUCTION_READY,True,False
MID,140872,Mohamed Rabie Hrimat,381935,Ismail Mihrab,92.66386,9.823983,92.66386,4,medium_research_only,SAME_ROLE_ONLY;RESEARCH_ONLY;SAMPLE_TOO_SMALL_LOCAL_11_MATCHES_NOT_PRODUCTION_READY,True,False
MID,140872,Mohamed Rabie Hrimat,396748,Youssef Laghzal,87.591582,12.676584,87.591582,4,medium_research_only,SAME_ROLE_ONLY;RESEARCH_ONLY;SAMPLE_TOO_SMALL_LOCAL_11_MATCHES_NOT_PRODUCTION_READY,True,False
MID,140872,Mohamed Rabie Hrimat,405645,Othmane Chraibi,95.057173,10.259869,95.057173,4,medium_research_only,SAME_ROLE_ONLY;RESEARCH_ONLY;SAMPLE_TOO_SMALL_LOCAL_11_MATCHES_NOT_PRODUCTION_READY,True,False
MID,140872,Mohamed Rabie Hrimat,406269,Danilson Gomes Tavares,93.745726,9.424776,93.745726,4,medium_research_only,SAME_ROLE_ONLY;RESEARCH_ONLY;SAMPLE_TOO_SMALL_LOCAL_11_MATCHES_NOT_PRODUCTION_READY,True,False
MID,140872,Mohamed Rabie Hrimat,407207,Ennaama El Bellali,96.525831,6.381991,96.525831,4,medium_research_only,SAME_ROLE_ONLY;RESEARCH_ONLY;SAMPLE_TOO_SMALL_LOCAL_11_MATCHES_NOT_PRODUCTION_READY,True,False
MID,140872,Mohamed Rabie Hrimat,407506,Oussama Nourdine,91.082419,10.184717,91.082419,4,medium_research_only,SAME_ROLE_ONLY;RESEARCH_ONLY;SAMPLE_TOO_SMALL_LOCAL_11_MATCHES_NOT_PRODUCTION_READY,True,False
MID,140872,Mohamed Rabie Hrimat,407852,Abdessamad Mahir,92.899152,8.892946,92.899152,4,medium_research_only,SAME_ROLE_ONLY;RESEARCH_ONLY;SAMPLE_TOO_SMALL_LOCAL_11_MATCHES_NOT_PRODUCTION_READY,True,False
MID,140872,Mohamed Rabie Hrimat,415853,Claude Gnolou,93.982092,8.36363,93.982092,4,medium_research_only,SAME_ROLE_ONLY;RESEARCH_ONLY;SAMPLE_TOO_SMALL_LOCAL_11_MATCHES_NOT_PRODUCTION_READY,True,False
MID,140872,Mohamed Rabie Hrimat,416303,El Mahdi Akoumi,97.454157,8.399487,97.454157,4,medium_research_only,SAME_ROLE_ONLY;RESEARCH_ONLY;SAMPLE_TOO_SMALL_LOCAL_11_MATCHES_NOT_PRODUCTION_READY,True,False
MID,140872,Mohamed Rabie Hrimat,424979,Soufiane Tazi,98.395545,4.567326,98.395545,4,medium_research_only,SAME_ROLE_ONLY;RESEARCH_ONLY;SAMPLE_TOO_SMALL_LOCAL_11_MATCHES_NOT_PRODUCTION_READY,True,False
MID,140872,Mohamed Rabie Hrimat,442288,Adnane Berdad,96.022915,7.195974,96.022915,4,medium_research_only,SAME_ROLE_ONLY;RESEARCH_ONLY;SAMPLE_TOO_SMALL_LOCAL_11_MATCHES_NOT_PRODUCTION_READY,True,False
MID,140872,Mohamed Rabie Hrimat,442292,Abdellatif El Bajjani,95.812817,7.024331,95.812817,4,medium_research_only,SAME_ROLE_ONLY;RESEARCH_ONLY;SAMPLE_TOO_SMALL_LOCAL_11_MATCHES_NOT_PRODUCTION_READY,True,False
MID,140872,Mohamed Rabie Hrimat,443951,Youness Akharraz,94.553896,9.029212,94.553896,4,medium_research_only,SAME_ROLE_ONLY;RESEARCH_ONLY;SAMPLE_TOO_SMALL_LOCAL_11_MATCHES_NOT_PRODUCTION_READY,True,False
MID,140872,Mohamed Rabie Hrimat,445163,Ayoub Maamouri,97.020539,10.539667,97.020539,4,medium_research_only,SAME_ROLE_ONLY;RESEARCH_ONLY;SAMPLE_TOO_SMALL_LOCAL_11_MATCHES_NOT_PRODUCTION_READY,True,False
MID,140872,Mohamed Rabie Hrimat,446355,Ishak Zidani,97.896388,5.112195,97.896388,4,medium_research_only,SAME_ROLE_ONLY;RESEARCH_ONLY;SAMPLE_TOO_SMALL_LOCAL_11_MATCHES_NOT_PRODUCTION_READY,True,False
MID,140872,Mohamed Rabie Hrimat,449373,Marouane Oujeddou,99.610455,5.523857,99.610455,4,medium_research_only,SAME_ROLE_ONLY;RESEARCH_ONLY;SAMPLE_TOO_SMALL_LOCAL_11_MATCHES_NOT_PRODUCTION_READY,True,False
MID,140872,Mohamed Rabie Hrimat,449471,Ayman Tarrazi,92.262728,9.679696,92.262728,4,medium_research_only,SAME_ROLE_ONLY;RESEARCH_ONLY;SAMPLE_TOO_SMALL_LOCAL_11_MATCHES_NOT_PRODUCTION_READY,True,False
MID,140872,Mohamed Rabie Hrimat,450709,Joseph Bakasu       ,94.613877,7.817677,94.613877,4,medium_research_only,SAME_ROLE_ONLY;RESEARCH_ONLY;SAMPLE_TOO_SMALL_LOCAL_11_MATCHES_NOT_PRODUCTION_READY,True,False
MID,140872,Mohamed Rabie Hrimat,460266,Youness Dahmani,76.979534,14.793686,76.979534,4,medium_research_only,SAME_ROLE_ONLY;RESEARCH_ONLY;SAMPLE_TOO_SMALL_LOCAL_11_MATCHES_NOT_PRODUCTION_READY,True,False
MID,140872,Mohamed Rabie Hrimat,477679,Redouane Oubidar,90.283686,10.630078,90.283686,4,medium_research_only,SAME_ROLE_ONLY;RESEARCH_ONLY;SAMPLE_TOO_SMALL_LOCAL_11_MATCHES_NOT_PRODUCTION_READY,True,False
MID,140872,Mohamed Rabie Hrimat,477680,Hamza Saoud,98.067609,7.173481,98.067609,4,medium_research_only,SAME_ROLE_ONLY;RESEARCH_ONLY;SAMPLE_TOO_SMALL_LOCAL_11_MATCHES_NOT_PRODUCTION_READY,True,False
MID,140872,Mohamed Rabie Hrimat,477682,Ayoub Benaadi,99.073064,4.047018,99.073064,4,medium_research_only,SAME_ROLE_ONLY;RESEARCH_ONLY;SAMPLE_TOO_SMALL_LOCAL_11_MATCHES_NOT_PRODUCTION_READY,True,False
MID,140872,Mohamed Rabie Hrimat,477688,Ayoub El Khaffi,94.500404,11.960707,94.500404,4,medium_research_only,SAME_ROLE_ONLY;RESEARCH_ONLY;SAMPLE_TOO_SMALL_LOCAL_11_MATCHES_NOT_PRODUCTION_READY,True,False
MID,140872,Mohamed Rabie Hrimat,523298,Mohamed Ahayaoui,95.985015,7.445368,95.985015,4,medium_research_only,SAME_ROLE_ONLY;RESEARCH_ONLY;SAMPLE_TOO_SMALL_LOCAL_11_MATCHES_NOT_PRODUCTION_READY,True,False
MID,140872,Mohamed Rabie Hrimat,523308,Adil Khalloufi,92.827426,9.43466,92.827426,4,medium_research_only,SAME_ROLE_ONLY;RESEARCH_ONLY;SAMPLE_TOO_SMALL_LOCAL_11_MATCHES_NOT_PRODUCTION_READY,True,False
MID,140872,Mohamed Rabie Hrimat,523312,Brahim Mansouri,97.711301,5.269392,97.711301,4,medium_research_only,SAME_ROLE_ONLY;RESEARCH_ONLY;SAMPLE_TOO_SMALL_LOCAL_11_MATCHES_NOT_PRODUCTION_READY,True,False
MID,140872,Mohamed Rabie Hrimat,523319,Omar Ouddah,91.323947,11.012632,91.323947,4,medium_research_only,SAME_ROLE_ONLY;RESEARCH_ONLY;SAMPLE_TOO_SMALL_LOCAL_11_MATCHES_NOT_PRODUCTION_READY,True,False
MID,140872,Mohamed Rabie Hrimat,523973,Hamza Rafa,94.784612,7.771731,94.784612,4,medium_research_only,SAME_ROLE_ONLY;RESEARCH_ONLY;SAMPLE_TOO_SMALL_LOCAL_11_MATCHES_NOT_PRODUCTION_READY,True,False
MID,140872,Mohamed Rabie Hrimat,523996,Fred Duval Ngoma,94.682491,7.856296,94.682491,4,medium_research_only,SAME_ROLE_ONLY;RESEARCH_ONLY;SAMPLE_TOO_SMALL_LOCAL_11_MATCHES_NOT_PRODUCTION_READY,True,False
MID,140872,Mohamed Rabie Hrimat,523997,Karim L'Koucha,94.825724,9.447833,94.825724,4,medium_research_only,SAME_ROLE_ONLY;RESEARCH_ONLY;SAMPLE_TOO_SMALL_LOCAL_11_MATCHES_NOT_PRODUCTION_READY,True,False
MID,140872,Mohamed Rabie Hrimat,523999,Zakaria Kessary,97.626061,5.393914,97.626061,4,medium_research_only,SAME_ROLE_ONLY;RESEARCH_ONLY;SAMPLE_TOO_SMALL_LOCAL_11_MATCHES_NOT_PRODUCTION_READY,True,False
MID,140872,Mohamed Rabie Hrimat,524000,Ahmed Aboulfath,85.272338,12.291303,85.272338,4,medium_research_only,SAME_ROLE_ONLY;RESEARCH_ONLY;SAMPLE_TOO_SMALL_LOCAL_11_MATCHES_NOT_PRODUCTION_READY,True,False
MID,140872,Mohamed Rabie Hrimat,524002,Salim Ghazzani,93.051742,12.377232,93.051742,4,medium_research_only,SAME_ROLE_ONLY;RESEARCH_ONLY;SAMPLE_TOO_SMALL_LOCAL_11_MATCHES_NOT_PRODUCTION_READY,True,False
MID,140872,Mohamed Rabie Hrimat,524003,Mohammed Es-Sahel,91.585273,9.620944,91.585273,4,medium_research_only,SAME_ROLE_ONLY;RESEARCH_ONLY;SAMPLE_TOO_SMALL_LOCAL_11_MATCHES_NOT_PRODUCTION_READY,True,False
MID,140872,Mohamed Rabie Hrimat,524511,Saad Nassik,95.173968,7.515025,95.173968,4,medium_research_only,SAME_ROLE_ONLY;RESEARCH_ONLY;SAMPLE_TOO_SMALL_LOCAL_11_MATCHES_NOT_PRODUCTION_READY,True,False
MID,141254,Hamza Afsal,143166,Zakaria Fati,89.729216,9.260791,89.729216,4,medium_research_only,SAME_ROLE_ONLY;RESEARCH_ONLY;SAMPLE_TOO_SMALL_LOCAL_11_MATCHES_NOT_PRODUCTION_READY,True,False
MID,141254,Hamza Afsal,143490,Ahmed Hammoudan,92.781376,7.70892,92.781376,4,medium_research_only,SAME_ROLE_ONLY;RESEARCH_ONLY;SAMPLE_TOO_SMALL_LOCAL_11_MATCHES_NOT_PRODUCTION_READY,True,False
MID,141254,Hamza Afsal,143505,Mohamed Morabit,94.524102,7.368164,94.524102,4,medium_research_only,SAME_ROLE_ONLY;RESEARCH_ONLY;SAMPLE_TOO_SMALL_LOCAL_11_MATCHES_NOT_PRODUCTION_READY,True,False
MID,141254,Hamza Afsal,144434,Ismail Moutaraji,88.760115,14.656871,88.760115,4,medium_research_only,SAME_ROLE_ONLY;RESEARCH_ONLY;SAMPLE_TOO_SMALL_LOCAL_11_MATCHES_NOT_PRODUCTION_READY,True,False
MID,141254,Hamza Afsal,144436,Anas Serrhat,94.816302,9.665043,94.816302,4,medium_research_only,SAME_ROLE_ONLY;RESEARCH_ONLY;SAMPLE_TOO_SMALL_LOCAL_11_MATCHES_NOT_PRODUCTION_READY,True,False
MID,141254,Hamza Afsal,149135,Moses Orkuma,92.744868,8.566806,92.744868,4,medium_research_only,SAME_ROLE_ONLY;RESEARCH_ONLY;SAMPLE_TOO_SMALL_LOCAL_11_MATCHES_NOT_PRODUCTION_READY,True,False
MID,141254,Hamza Afsal,151743,Mohamed Al Makahasi,92.307222,8.370368,92.307222,4,medium_research_only,SAME_ROLE_ONLY;RESEARCH_ONLY;SAMPLE_TOO_SMALL_LOCAL_11_MATCHES_NOT_PRODUCTION_READY,True,False
MID,141254,Hamza Afsal,154668,Mamadou Lamine Camara,94.897062,7.772878,94.897062,4,medium_research_only,SAME_ROLE_ONLY;RESEARCH_ONLY;SAMPLE_TOO_SMALL_LOCAL_11_MATCHES_NOT_PRODUCTION_READY,True,False
MID,141254,Hamza Afsal,161352,Salaheddine Errahouli,93.155629,7.232465,93.155629,4,medium_research_only,SAME_ROLE_ONLY;RESEARCH_ONLY;SAMPLE_TOO_SMALL_LOCAL_11_MATCHES_NOT_PRODUCTION_READY,True,False
MID,141254,Hamza Afsal,183765,Mohammed Amine Essahel,97.316407,5.09036,97.316407,4,medium_research_only,SAME_ROLE_ONLY;RESEARCH_ONLY;SAMPLE_TOO_SMALL_LOCAL_11_MATCHES_NOT_PRODUCTION_READY,True,False
MID,141254,Hamza Afsal,194809,Oussama Zemraoui,91.743861,9.907197,91.743861,4,medium_research_only,SAME_ROLE_ONLY;RESEARCH_ONLY;SAMPLE_TOO_SMALL_LOCAL_11_MATCHES_NOT_PRODUCTION_READY,True,False
MID,141254,Hamza Afsal,194912,Faouzi Abd El Mouttalib,90.172523,8.584764,90.172523,4,medium_research_only,SAME_ROLE_ONLY;RESEARCH_ONLY;SAMPLE_TOO_SMALL_LOCAL_11_MATCHES_NOT_PRODUCTION_READY,True,False
MID,141254,Hamza Afsal,195016,Mouad Mouchtanim,95.979241,7.367863,95.979241,4,medium_research_only,SAME_ROLE_ONLY;RESEARCH_ONLY;SAMPLE_TOO_SMALL_LOCAL_11_MATCHES_NOT_PRODUCTION_READY,True,False
MID,141254,Hamza Afsal,199611,Youssef Mehri,90.975533,8.980184,90.975533,4,medium_research_only,SAME_ROLE_ONLY;RESEARCH_ONLY;SAMPLE_TOO_SMALL_LOCAL_11_MATCHES_NOT_PRODUCTION_READY,True,False
MID,141254,Hamza Afsal,203027,Walid Rhailouf,90.680171,10.609204,90.680171,4,medium_research_only,SAME_ROLE_ONLY;RESEARCH_ONLY;SAMPLE_TOO_SMALL_LOCAL_11_MATCHES_NOT_PRODUCTION_READY,True,False
MID,141254,Hamza Afsal,225437,Stephane Aziz Ki,93.217192,7.265824,93.217192,4,medium_research_only,SAME_ROLE_ONLY;RESEARCH_ONLY;SAMPLE_TOO_SMALL_LOCAL_11_MATCHES_NOT_PRODUCTION_READY,True,False
MID,141254,Hamza Afsal,261620,Nadir Lougmani,86.991337,8.939387,86.991337,4,medium_research_only,SAME_ROLE_ONLY;RESEARCH_ONLY;SAMPLE_TOO_SMALL_LOCAL_11_MATCHES_NOT_PRODUCTION_READY,True,False
MID,141254,Hamza Afsal,275341,Yazid Faffa,97.308615,4.333363,97.308615,4,medium_research_only,SAME_ROLE_ONLY;RESEARCH_ONLY;SAMPLE_TOO_SMALL_LOCAL_11_MATCHES_NOT_PRODUCTION_READY,True,False
MID,141254,Hamza Afsal,312935,Amine Azri,97.371133,5.567305,97.371133,4,medium_research_only,SAME_ROLE_ONLY;RESEARCH_ONLY;SAMPLE_TOO_SMALL_LOCAL_11_MATCHES_NOT_PRODUCTION_READY,True,False
MID,141254,Hamza Afsal,313277,Mohamed Chemlal,87.136678,28.832072,87.136678,4,medium_research_only,SAME_ROLE_ONLY;RESEARCH_ONLY;SAMPLE_TOO_SMALL_LOCAL_11_MATCHES_NOT_PRODUCTION_READY,True,False
MID,141254,Hamza Afsal,313284,Achraf Harmach,90.476365,8.311109,90.476365,4,medium_research_only,SAME_ROLE_ONLY;RESEARCH_ONLY;SAMPLE_TOO_SMALL_LOCAL_11_MATCHES_NOT_PRODUCTION_READY,True,False
MID,141254,Hamza Afsal,314460,Ayoub Bouaadli,91.6538,8.915348,91.6538,4,medium_research_only,SAME_ROLE_ONLY;RESEARCH_ONLY;SAMPLE_TOO_SMALL_LOCAL_11_MATCHES_NOT_PRODUCTION_READY,True,False
MID,141254,Hamza Afsal,323979,Zakaria Fatihi,93.544556,10.505065,93.544556,4,medium_research_only,SAME_ROLE_ONLY;RESEARCH_ONLY;SAMPLE_TOO_SMALL_LOCAL_11_MATCHES_NOT_PRODUCTION_READY,True,False
MID,141254,Hamza Afsal,360838,Zakaria Ami,97.986294,6.147349,97.986294,4,medium_research_only,SAME_ROLE_ONLY;RESEARCH_ONLY;SAMPLE_TOO_SMALL_LOCAL_11_MATCHES_NOT_PRODUCTION_READY,True,False
MID,141254,Hamza Afsal,380600,Mouad Goulouss,95.424485,6.719469,95.424485,4,medium_research_only,SAME_ROLE_ONLY;RESEARCH_ONLY;SAMPLE_TOO_SMALL_LOCAL_11_MATCHES_NOT_PRODUCTION_READY,True,False
MID,141254,Hamza Afsal,381935,Ismail Mihrab,98.063784,4.111846,98.063784,4,medium_research_only,SAME_ROLE_ONLY;RESEARCH_ONLY;SAMPLE_TOO_SMALL_LOCAL_11_MATCHES_NOT_PRODUCTION_READY,True,False
MID,141254,Hamza Afsal,396748,Youssef Laghzal,96.440832,6.900762,96.440832,4,medium_research_only,SAME_ROLE_ONLY;RESEARCH_ONLY;SAMPLE_TOO_SMALL_LOCAL_11_MATCHES_NOT_PRODUCTION_READY,True,False
MID,141254,Hamza Afsal,405645,Othmane Chraibi,86.946167,15.602833,86.946167,4,medium_research_only,SAME_ROLE_ONLY;RESEARCH_ONLY;SAMPLE_TOO_SMALL_LOCAL_11_MATCHES_NOT_PRODUCTION_READY,True,False
MID,141254,Hamza Afsal,406269,Danilson Gomes Tavares,97.1901,4.706163,97.1901,4,medium_research_only,SAME_ROLE_ONLY;RESEARCH_ONLY;SAMPLE_TOO_SMALL_LOCAL_11_MATCHES_NOT_PRODUCTION_READY,True,False
MID,141254,Hamza Afsal,407207,Ennaama El Bellali,90.585264,9.843675,90.585264,4,medium_research_only,SAME_ROLE_ONLY;RESEARCH_ONLY;SAMPLE_TOO_SMALL_LOCAL_11_MATCHES_NOT_PRODUCTION_READY,True,False
MID,141254,Hamza Afsal,407506,Oussama Nourdine,94.896147,7.578735,94.896147,4,medium_research_only,SAME_ROLE_ONLY;RESEARCH_ONLY;SAMPLE_TOO_SMALL_LOCAL_11_MATCHES_NOT_PRODUCTION_READY,True,False
MID,141254,Hamza Afsal,407852,Abdessamad Mahir,97.264324,4.976882,97.264324,4,medium_research_only,SAME_ROLE_ONLY;RESEARCH_ONLY;SAMPLE_TOO_SMALL_LOCAL_11_MATCHES_NOT_PRODUCTION_READY,True,False
MID,141254,Hamza Afsal,415853,Claude Gnolou,95.021038,7.472798,95.021038,4,medium_research_only,SAME_ROLE_ONLY;RESEARCH_ONLY;SAMPLE_TOO_SMALL_LOCAL_11_MATCHES_NOT_PRODUCTION_READY,True,False
MID,141254,Hamza Afsal,416303,El Mahdi Akoumi,91.735541,7.387888,91.735541,4,medium_research_only,SAME_ROLE_ONLY;RESEARCH_ONLY;SAMPLE_TOO_SMALL_LOCAL_11_MATCHES_NOT_PRODUCTION_READY,True,False
MID,141254,Hamza Afsal,424979,Soufiane Tazi,91.4605,10.295763,91.4605,4,medium_research_only,SAME_ROLE_ONLY;RESEARCH_ONLY;SAMPLE_TOO_SMALL_LOCAL_11_MATCHES_NOT_PRODUCTION_READY,True,False
MID,141254,Hamza Afsal,442288,Adnane Berdad,93.410014,6.872711,93.410014,4,medium_research_only,SAME_ROLE_ONLY;RESEARCH_ONLY;SAMPLE_TOO_SMALL_LOCAL_11_MATCHES_NOT_PRODUCTION_READY,True,False
MID,141254,Hamza Afsal,442292,Abdellatif El Bajjani,90.153076,10.125825,90.153076,4,medium_research_only,SAME_ROLE_ONLY;RESEARCH_ONLY;SAMPLE_TOO_SMALL_LOCAL_11_MATCHES_NOT_PRODUCTION_READY,True,False
MID,141254,Hamza Afsal,443951,Youness Akharraz,86.029701,9.314598,86.029701,4,medium_research_only,SAME_ROLE_ONLY;RESEARCH_ONLY;SAMPLE_TOO_SMALL_LOCAL_11_MATCHES_NOT_PRODUCTION_READY,True,False
MID,141254,Hamza Afsal,445163,Ayoub Maamouri,94.823186,7.330137,94.823186,4,medium_research_only,SAME_ROLE_ONLY;RESEARCH_ONLY;SAMPLE_TOO_SMALL_LOCAL_11_MATCHES_NOT_PRODUCTION_READY,True,False
MID,141254,Hamza Afsal,446355,Ishak Zidani,89.322805,9.571061,89.322805,4,medium_research_only,SAME_ROLE_ONLY;RESEARCH_ONLY;SAMPLE_TOO_SMALL_LOCAL_11_MATCHES_NOT_PRODUCTION_READY,True,False
MID,141254,Hamza Afsal,449373,Marouane Oujeddou,93.570055,6.535552,93.570055,4,medium_research_only,SAME_ROLE_ONLY;RESEARCH_ONLY;SAMPLE_TOO_SMALL_LOCAL_11_MATCHES_NOT_PRODUCTION_READY,True,False
MID,141254,Hamza Afsal,449471,Ayman Tarrazi,94.457164,6.077679,94.457164,4,medium_research_only,SAME_ROLE_ONLY;RESEARCH_ONLY;SAMPLE_TOO_SMALL_LOCAL_11_MATCHES_NOT_PRODUCTION_READY,True,False
MID,141254,Hamza Afsal,450709,Joseph Bakasu       ,87.485981,10.25759,87.485981,4,medium_research_only,SAME_ROLE_ONLY;RESEARCH_ONLY;SAMPLE_TOO_SMALL_LOCAL_11_MATCHES_NOT_PRODUCTION_READY,True,False
MID,141254,Hamza Afsal,460266,Youness Dahmani,96.030458,7.507449,96.030458,4,medium_research_only,SAME_ROLE_ONLY;RESEARCH_ONLY;SAMPLE_TOO_SMALL_LOCAL_11_MATCHES_NOT_PRODUCTION_READY,True,False
MID,141254,Hamza Afsal,477679,Redouane Oubidar,97.706546,5.695898,97.706546,4,medium_research_only,SAME_ROLE_ONLY;RESEARCH_ONLY;SAMPLE_TOO_SMALL_LOCAL_11_MATCHES_NOT_PRODUCTION_READY,True,False
MID,141254,Hamza Afsal,477680,Hamza Saoud,87.82778,14.776336,87.82778,4,medium_research_only,SAME_ROLE_ONLY;RESEARCH_ONLY;SAMPLE_TOO_SMALL_LOCAL_11_MATCHES_NOT_PRODUCTION_READY,True,False
MID,141254,Hamza Afsal,477682,Ayoub Benaadi,92.211215,7.91435,92.211215,4,medium_research_only,SAME_ROLE_ONLY;RESEARCH_ONLY;SAMPLE_TOO_SMALL_LOCAL_11_MATCHES_NOT_PRODUCTION_READY,True,False
MID,141254,Hamza Afsal,477688,Ayoub El Khaffi,89.664706,16.044096,89.664706,4,medium_research_only,SAME_ROLE_ONLY;RESEARCH_ONLY;SAMPLE_TOO_SMALL_LOCAL_11_MATCHES_NOT_PRODUCTION_READY,True,False
MID,141254,Hamza Afsal,523298,Mohamed Ahayaoui,95.553671,8.777507,95.553671,4,medium_research_only,SAME_ROLE_ONLY;RESEARCH_ONLY;SAMPLE_TOO_SMALL_LOCAL_11_MATCHES_NOT_PRODUCTION_READY,True,False
MID,141254,Hamza Afsal,523308,Adil Khalloufi,95.178181,8.169701,95.178181,4,medium_research_only,SAME_ROLE_ONLY;RESEARCH_ONLY;SAMPLE_TOO_SMALL_LOCAL_11_MATCHES_NOT_PRODUCTION_READY,True,False
MID,141254,Hamza Afsal,523312,Brahim Mansouri,90.983923,8.915959,90.983923,4,medium_research_only,SAME_ROLE_ONLY;RESEARCH_ONLY;SAMPLE_TOO_SMALL_LOCAL_11_MATCHES_NOT_PRODUCTION_READY,True,False
MID,141254,Hamza Afsal,523319,Omar Ouddah,95.487203,9.191512,95.487203,4,medium_research_only,SAME_ROLE_ONLY;RESEARCH_ONLY;SAMPLE_TOO_SMALL_LOCAL_11_MATCHES_NOT_PRODUCTION_READY,True,False
MID,141254,Hamza Afsal,523973,Hamza Rafa,86.533477,11.378282,86.533477,4,medium_research_only,SAME_ROLE_ONLY;RESEARCH_ONLY;SAMPLE_TOO_SMALL_LOCAL_11_MATCHES_NOT_PRODUCTION_READY,True,False
MID,141254,Hamza Afsal,523996,Fred Duval Ngoma,87.522541,11.028355,87.522541,4,medium_research_only,SAME_ROLE_ONLY;RESEARCH_ONLY;SAMPLE_TOO_SMALL_LOCAL_11_MATCHES_NOT_PRODUCTION_READY,True,False
MID,141254,Hamza Afsal,523997,Karim L'Koucha,93.151,6.866355,93.151,4,medium_research_only,SAME_ROLE_ONLY;RESEARCH_ONLY;SAMPLE_TOO_SMALL_LOCAL_11_MATCHES_NOT_PRODUCTION_READY,True,False
MID,141254,Hamza Afsal,523999,Zakaria Kessary,89.476552,10.842423,89.476552,4,medium_research_only,SAME_ROLE_ONLY;RESEARCH_ONLY;SAMPLE_TOO_SMALL_LOCAL_11_MATCHES_NOT_PRODUCTION_READY,True,False
MID,141254,Hamza Afsal,524000,Ahmed Aboulfath,92.323743,7.074465,92.323743,4,medium_research_only,SAME_ROLE_ONLY;RESEARCH_ONLY;SAMPLE_TOO_SMALL_LOCAL_11_MATCHES_NOT_PRODUCTION_READY,True,False
MID,141254,Hamza Afsal,524002,Salim Ghazzani,94.187032,13.397417,94.187032,4,medium_research_only,SAME_ROLE_ONLY;RESEARCH_ONLY;SAMPLE_TOO_SMALL_LOCAL_11_MATCHES_NOT_PRODUCTION_READY,True,False
MID,141254,Hamza Afsal,524003,Mohammed Es-Sahel,95.526033,5.79761,95.526033,4,medium_research_only,SAME_ROLE_ONLY;RESEARCH_ONLY;SAMPLE_TOO_SMALL_LOCAL_11_MATCHES_NOT_PRODUCTION_READY,True,False
MID,141254,Hamza Afsal,524511,Saad Nassik,90.795807,8.48427,90.795807,4,medium_research_only,SAME_ROLE_ONLY;RESEARCH_ONLY;SAMPLE_TOO_SMALL_LOCAL_11_MATCHES_NOT_PRODUCTION_READY,True,False
MID,143166,Zakaria Fati,143490,Ahmed Hammoudan,95.603553,6.286821,95.603553,4,medium_research_only,SAME_ROLE_ONLY;RESEARCH_ONLY;SAMPLE_TOO_SMALL_LOCAL_11_MATCHES_NOT_PRODUCTION_READY,True,False
MID,143166,Zakaria Fati,143505,Mohamed Morabit,88.032521,10.811367,88.032521,4,medium_research_only,SAME_ROLE_ONLY;RESEARCH_ONLY;SAMPLE_TOO_SMALL_LOCAL_11_MATCHES_NOT_PRODUCTION_READY,True,False
MID,143166,Zakaria Fati,144434,Ismail Moutaraji,99.514642,7.646932,99.514642,4,medium_research_only,SAME_ROLE_ONLY;RESEARCH_ONLY;SAMPLE_TOO_SMALL_LOCAL_11_MATCHES_NOT_PRODUCTION_READY,True,False
MID,143166,Zakaria Fati,144436,Anas Serrhat,99.01402,5.617523,99.01402,4,medium_research_only,SAME_ROLE_ONLY;RESEARCH_ONLY;SAMPLE_TOO_SMALL_LOCAL_11_MATCHES_NOT_PRODUCTION_READY,True,False
MID,143166,Zakaria Fati,149135,Moses Orkuma,98.371265,4.239574,98.371265,4,medium_research_only,SAME_ROLE_ONLY;RESEARCH_ONLY;SAMPLE_TOO_SMALL_LOCAL_11_MATCHES_NOT_PRODUCTION_READY,True,False
MID,143166,Zakaria Fati,151743,Mohamed Al Makahasi,99.255165,2.72528,99.255165,4,medium_research_only,SAME_ROLE_ONLY;RESEARCH_ONLY;SAMPLE_TOO_SMALL_LOCAL_11_MATCHES_NOT_PRODUCTION_READY,True,False
MID,143166,Zakaria Fati,154668,Mamadou Lamine Camara,98.916935,3.863839,98.916935,4,medium_research_only,SAME_ROLE_ONLY;RESEARCH_ONLY;SAMPLE_TOO_SMALL_LOCAL_11_MATCHES_NOT_PRODUCTION_READY,True,False
MID,143166,Zakaria Fati,161352,Salaheddine Errahouli,92.939553,7.831572,92.939553,4,medium_research_only,SAME_ROLE_ONLY;RESEARCH_ONLY;SAMPLE_TOO_SMALL_LOCAL_11_MATCHES_NOT_PRODUCTION_READY,True,False
MID,143166,Zakaria Fati,183765,Mohammed Amine Essahel,95.573289,6.401344,95.573289,4,medium_research_only,SAME_ROLE_ONLY;RESEARCH_ONLY;SAMPLE_TOO_SMALL_LOCAL_11_MATCHES_NOT_PRODUCTION_READY,True,False
MID,143166,Zakaria Fati,194809,Oussama Zemraoui,97.200371,6.098018,97.200371,4,medium_research_only,SAME_ROLE_ONLY;RESEARCH_ONLY;SAMPLE_TOO_SMALL_LOCAL_11_MATCHES_NOT_PRODUCTION_READY,True,False
MID,143166,Zakaria Fati,194912,Faouzi Abd El Mouttalib,99.872391,1.508641,99.872391,4,medium_research_only,SAME_ROLE_ONLY;RESEARCH_ONLY;SAMPLE_TOO_SMALL_LOCAL_11_MATCHES_NOT_PRODUCTION_READY,True,False
MID,143166,Zakaria Fati,195016,Mouad Mouchtanim,98.097812,5.034034,98.097812,4,medium_research_only,SAME_ROLE_ONLY;RESEARCH_ONLY;SAMPLE_TOO_SMALL_LOCAL_11_MATCHES_NOT_PRODUCTION_READY,True,False
MID,143166,Zakaria Fati,199611,Youssef Mehri,95.539052,6.517938,95.539052,4,medium_research_only,SAME_ROLE_ONLY;RESEARCH_ONLY;SAMPLE_TOO_SMALL_LOCAL_11_MATCHES_NOT_PRODUCTION_READY,True,False
MID,143166,Zakaria Fati,203027,Walid Rhailouf,99.645429,3.565856,99.645429,4,medium_research_only,SAME_ROLE_ONLY;RESEARCH_ONLY;SAMPLE_TOO_SMALL_LOCAL_11_MATCHES_NOT_PRODUCTION_READY,True,False
MID,143166,Zakaria Fati,225437,Stephane Aziz Ki,96.468677,7.778076,96.468677,4,medium_research_only,SAME_ROLE_ONLY;RESEARCH_ONLY;SAMPLE_TOO_SMALL_LOCAL_11_MATCHES_NOT_PRODUCTION_READY,True,False
MID,143166,Zakaria Fati,261620,Nadir Lougmani,99.692987,5.191239,99.692987,4,medium_research_only,SAME_ROLE_ONLY;RESEARCH_ONLY;SAMPLE_TOO_SMALL_LOCAL_11_MATCHES_NOT_PRODUCTION_READY,True,False
MID,143166,Zakaria Fati,275341,Yazid Faffa,97.348327,5.367057,97.348327,4,medium_research_only,SAME_ROLE_ONLY;RESEARCH_ONLY;SAMPLE_TOO_SMALL_LOCAL_11_MATCHES_NOT_PRODUCTION_READY,True,False
MID,143166,Zakaria Fati,312935,Amine Azri,96.678629,5.79837,96.678629,4,medium_research_only,SAME_ROLE_ONLY;RESEARCH_ONLY;SAMPLE_TOO_SMALL_LOCAL_11_MATCHES_NOT_PRODUCTION_READY,True,False
MID,143166,Zakaria Fati,313277,Mohamed Chemlal,86.898338,28.059448,86.898338,4,medium_research_only,SAME_ROLE_ONLY;RESEARCH_ONLY;SAMPLE_TOO_SMALL_LOCAL_11_MATCHES_NOT_PRODUCTION_READY,True,False
MID,143166,Zakaria Fati,313284,Achraf Harmach,99.509582,2.494647,99.509582,4,medium_research_only,SAME_ROLE_ONLY;RESEARCH_ONLY;SAMPLE_TOO_SMALL_LOCAL_11_MATCHES_NOT_PRODUCTION_READY,True,False
MID,143166,Zakaria Fati,314460,Ayoub Bouaadli,99.887791,1.452094,99.887791,4,medium_research_only,SAME_ROLE_ONLY;RESEARCH_ONLY;SAMPLE_TOO_SMALL_LOCAL_11_MATCHES_NOT_PRODUCTION_READY,True,False
MID,143166,Zakaria Fati,323979,Zakaria Fatihi,94.504883,9.366743,94.504883,4,medium_research_only,SAME_ROLE_ONLY;RESEARCH_ONLY;SAMPLE_TOO_SMALL_LOCAL_11_MATCHES_NOT_PRODUCTION_READY,True,False
MID,143166,Zakaria Fati,360838,Zakaria Ami,80.768996,11.994244,80.768996,4,medium_research_only,SAME_ROLE_ONLY;RESEARCH_ONLY;SAMPLE_TOO_SMALL_LOCAL_11_MATCHES_NOT_PRODUCTION_READY,True,False
MID,143166,Zakaria Fati,380600,Mouad Goulouss,98.265773,7.437686,98.265773,4,medium_research_only,SAME_ROLE_ONLY;RESEARCH_ONLY;SAMPLE_TOO_SMALL_LOCAL_11_MATCHES_NOT_PRODUCTION_READY,True,False
MID,143166,Zakaria Fati,381935,Ismail Mihrab,95.283636,6.986257,95.283636,4,medium_research_only,SAME_ROLE_ONLY;RESEARCH_ONLY;SAMPLE_TOO_SMALL_LOCAL_11_MATCHES_NOT_PRODUCTION_READY,True,False
MID,143166,Zakaria Fati,396748,Youssef Laghzal,92.215665,9.65271,92.215665,4,medium_research_only,SAME_ROLE_ONLY;RESEARCH_ONLY;SAMPLE_TOO_SMALL_LOCAL_11_MATCHES_NOT_PRODUCTION_READY,True,False
MID,143166,Zakaria Fati,405645,Othmane Chraibi,99.613675,7.83237,99.613675,4,medium_research_only,SAME_ROLE_ONLY;RESEARCH_ONLY;SAMPLE_TOO_SMALL_LOCAL_11_MATCHES_NOT_PRODUCTION_READY,True,False
MID,143166,Zakaria Fati,406269,Danilson Gomes Tavares,96.603172,6.362339,96.603172,4,medium_research_only,SAME_ROLE_ONLY;RESEARCH_ONLY;SAMPLE_TOO_SMALL_LOCAL_11_MATCHES_NOT_PRODUCTION_READY,True,False
MID,143166,Zakaria Fati,407207,Ennaama El Bellali,99.772464,2.306528,99.772464,4,medium_research_only,SAME_ROLE_ONLY;RESEARCH_ONLY;SAMPLE_TOO_SMALL_LOCAL_11_MATCHES_NOT_PRODUCTION_READY,True,False
MID,143166,Zakaria Fati,407506,Oussama Nourdine,95.821593,6.706997,95.821593,4,medium_research_only,SAME_ROLE_ONLY;RESEARCH_ONLY;SAMPLE_TOO_SMALL_LOCAL_11_MATCHES_NOT_PRODUCTION_READY,True,False
MID,143166,Zakaria Fati,407852,Abdessamad Mahir,95.787573,6.180689,95.787573,4,medium_research_only,SAME_ROLE_ONLY;RESEARCH_ONLY;SAMPLE_TOO_SMALL_LOCAL_11_MATCHES_NOT_PRODUCTION_READY,True,False
MID,143166,Zakaria Fati,415853,Claude Gnolou,97.825084,4.947324,97.825084,4,medium_research_only,SAME_ROLE_ONLY;RESEARCH_ONLY;SAMPLE_TOO_SMALL_LOCAL_11_MATCHES_NOT_PRODUCTION_READY,True,False
MID,143166,Zakaria Fati,416303,El Mahdi Akoumi,99.522508,5.345642,99.522508,4,medium_research_only,SAME_ROLE_ONLY;RESEARCH_ONLY;SAMPLE_TOO_SMALL_LOCAL_11_MATCHES_NOT_PRODUCTION_READY,True,False
MID,143166,Zakaria Fati,424979,Soufiane Tazi,99.777202,3.418124,99.777202,4,medium_research_only,SAME_ROLE_ONLY;RESEARCH_ONLY;SAMPLE_TOO_SMALL_LOCAL_11_MATCHES_NOT_PRODUCTION_READY,True,False
MID,143166,Zakaria Fati,442288,Adnane Berdad,99.234201,2.980389,99.234201,4,medium_research_only,SAME_ROLE_ONLY;RESEARCH_ONLY;SAMPLE_TOO_SMALL_LOCAL_11_MATCHES_NOT_PRODUCTION_READY,True,False
MID,143166,Zakaria Fati,442292,Abdellatif El Bajjani,99.674861,2.617595,99.674861,4,medium_research_only,SAME_ROLE_ONLY;RESEARCH_ONLY;SAMPLE_TOO_SMALL_LOCAL_11_MATCHES_NOT_PRODUCTION_READY,True,False
MID,143166,Zakaria Fati,443951,Youness Akharraz,99.017562,4.858057,99.017562,4,medium_research_only,SAME_ROLE_ONLY;RESEARCH_ONLY;SAMPLE_TOO_SMALL_LOCAL_11_MATCHES_NOT_PRODUCTION_READY,True,False
MID,143166,Zakaria Fati,445163,Ayoub Maamouri,90.729596,9.977215,90.729596,4,medium_research_only,SAME_ROLE_ONLY;RESEARCH_ONLY;SAMPLE_TOO_SMALL_LOCAL_11_MATCHES_NOT_PRODUCTION_READY,True,False
MID,143166,Zakaria Fati,446355,Ishak Zidani,99.813151,1.344813,99.813151,4,medium_research_only,SAME_ROLE_ONLY;RESEARCH_ONLY;SAMPLE_TOO_SMALL_LOCAL_11_MATCHES_NOT_PRODUCTION_READY,True,False
MID,143166,Zakaria Fati,449373,Marouane Oujeddou,96.704094,5.760624,96.704094,4,medium_research_only,SAME_ROLE_ONLY;RESEARCH_ONLY;SAMPLE_TOO_SMALL_LOCAL_11_MATCHES_NOT_PRODUCTION_READY,True,False
MID,143166,Zakaria Fati,449471,Ayman Tarrazi,97.052399,5.662226,97.052399,4,medium_research_only,SAME_ROLE_ONLY;RESEARCH_ONLY;SAMPLE_TOO_SMALL_LOCAL_11_MATCHES_NOT_PRODUCTION_READY,True,False
MID,143166,Zakaria Fati,450709,Joseph Bakasu       ,99.160065,2.785287,99.160065,4,medium_research_only,SAME_ROLE_ONLY;RESEARCH_ONLY;SAMPLE_TOO_SMALL_LOCAL_11_MATCHES_NOT_PRODUCTION_READY,True,False
MID,143166,Zakaria Fati,460266,Youness Dahmani,75.290562,13.059362,75.290562,4,medium_research_only,SAME_ROLE_ONLY;RESEARCH_ONLY;SAMPLE_TOO_SMALL_LOCAL_11_MATCHES_NOT_PRODUCTION_READY,True,False
MID,143166,Zakaria Fati,477679,Redouane Oubidar,93.379727,8.349106,93.379727,4,medium_research_only,SAME_ROLE_ONLY;RESEARCH_ONLY;SAMPLE_TOO_SMALL_LOCAL_11_MATCHES_NOT_PRODUCTION_READY,True,False
MID,143166,Zakaria Fati,477680,Hamza Saoud,99.12749,7.690561,99.12749,4,medium_research_only,SAME_ROLE_ONLY;RESEARCH_ONLY;SAMPLE_TOO_SMALL_LOCAL_11_MATCHES_NOT_PRODUCTION_READY,True,False
MID,143166,Zakaria Fati,477682,Ayoub Benaadi,96.296424,5.746686,96.296424,4,medium_research_only,SAME_ROLE_ONLY;RESEARCH_ONLY;SAMPLE_TOO_SMALL_LOCAL_11_MATCHES_NOT_PRODUCTION_READY,True,False
MID,143166,Zakaria Fati,477688,Ayoub El Khaffi,99.159098,9.930938,99.159098,4,medium_research_only,SAME_ROLE_ONLY;RESEARCH_ONLY;SAMPLE_TOO_SMALL_LOCAL_11_MATCHES_NOT_PRODUCTION_READY,True,False
MID,143166,Zakaria Fati,523298,Mohamed Ahayaoui,98.213016,5.943249,98.213016,4,medium_research_only,SAME_ROLE_ONLY;RESEARCH_ONLY;SAMPLE_TOO_SMALL_LOCAL_11_MATCHES_NOT_PRODUCTION_READY,True,False
MID,143166,Zakaria Fati,523308,Adil Khalloufi,97.257364,6.098676,97.257364,4,medium_research_only,SAME_ROLE_ONLY;RESEARCH_ONLY;SAMPLE_TOO_SMALL_LOCAL_11_MATCHES_NOT_PRODUCTION_READY,True,False
MID,143166,Zakaria Fati,523312,Brahim Mansouri,90.526795,9.440228,90.526795,4,medium_research_only,SAME_ROLE_ONLY;RESEARCH_ONLY;SAMPLE_TOO_SMALL_LOCAL_11_MATCHES_NOT_PRODUCTION_READY,True,False
MID,143166,Zakaria Fati,523319,Omar Ouddah,95.463401,8.486569,95.463401,4,medium_research_only,SAME_ROLE_ONLY;RESEARCH_ONLY;SAMPLE_TOO_SMALL_LOCAL_11_MATCHES_NOT_PRODUCTION_READY,True,False
MID,143166,Zakaria Fati,523973,Hamza Rafa,99.292953,3.040713,99.292953,4,medium_research_only,SAME_ROLE_ONLY;RESEARCH_ONLY;SAMPLE_TOO_SMALL_LOCAL_11_MATCHES_NOT_PRODUCTION_READY,True,False
MID,143166,Zakaria Fati,523996,Fred Duval Ngoma,99.235899,3.1693,99.235899,4,medium_research_only,SAME_ROLE_ONLY;RESEARCH_ONLY;SAMPLE_TOO_SMALL_LOCAL_11_MATCHES_NOT_PRODUCTION_READY,True,False
MID,143166,Zakaria Fati,523997,Karim L'Koucha,98.673082,5.8398,98.673082,4,medium_research_only,SAME_ROLE_ONLY;RESEARCH_ONLY;SAMPLE_TOO_SMALL_LOCAL_11_MATCHES_NOT_PRODUCTION_READY,True,False
MID,143166,Zakaria Fati,523999,Zakaria Kessary,99.829533,2.865501,99.829533,4,medium_research_only,SAME_ROLE_ONLY;RESEARCH_ONLY;SAMPLE_TOO_SMALL_LOCAL_11_MATCHES_NOT_PRODUCTION_READY,True,False
MID,143166,Zakaria Fati,524000,Ahmed Aboulfath,89.610064,9.233079,89.610064,4,medium_research_only,SAME_ROLE_ONLY;RESEARCH_ONLY;SAMPLE_TOO_SMALL_LOCAL_11_MATCHES_NOT_PRODUCTION_READY,True,False
MID,143166,Zakaria Fati,524002,Salim Ghazzani,90.143215,14.588295,90.143215,4,medium_research_only,SAME_ROLE_ONLY;RESEARCH_ONLY;SAMPLE_TOO_SMALL_LOCAL_11_MATCHES_NOT_PRODUCTION_READY,True,False
MID,143166,Zakaria Fati,524003,Mohammed Es-Sahel,95.538567,6.240905,95.538567,4,medium_research_only,SAME_ROLE_ONLY;RESEARCH_ONLY;SAMPLE_TOO_SMALL_LOCAL_11_MATCHES_NOT_PRODUCTION_READY,True,False
MID,143166,Zakaria Fati,524511,Saad Nassik,99.143015,2.814102,99.143015,4,medium_research_only,SAME_ROLE_ONLY;RESEARCH_ONLY;SAMPLE_TOO_SMALL_LOCAL_11_MATCHES_NOT_PRODUCTION_READY,True,False
MID,143490,Ahmed Hammoudan,143505,Mohamed Morabit,97.375468,5.140797,97.375468,4,medium_research_only,SAME_ROLE_ONLY;RESEARCH_ONLY;SAMPLE_TOO_SMALL_LOCAL_11_MATCHES_NOT_PRODUCTION_READY,True,False
MID,143490,Ahmed Hammoudan,144434,Ismail Moutaraji,93.117027,12.120553,93.117027,4,medium_research_only,SAME_ROLE_ONLY;RESEARCH_ONLY;SAMPLE_TOO_SMALL_LOCAL_11_MATCHES_NOT_PRODUCTION_READY,True,False
MID,143490,Ahmed Hammoudan,144436,Anas Serrhat,97.192171,7.407732,97.192171,4,medium_research_only,SAME_ROLE_ONLY;RESEARCH_ONLY;SAMPLE_TOO_SMALL_LOCAL_11_MATCHES_NOT_PRODUCTION_READY,True,False
MID,143490,Ahmed Hammoudan,149135,Moses Orkuma,93.369595,8.204419,93.369595,4,medium_research_only,SAME_ROLE_ONLY;RESEARCH_ONLY;SAMPLE_TOO_SMALL_LOCAL_11_MATCHES_NOT_PRODUCTION_READY,True,False
MID,143490,Ahmed Hammoudan,151743,Mohamed Al Makahasi,98.230579,4.15182,98.230579,4,medium_research_only,SAME_ROLE_ONLY;RESEARCH_ONLY;SAMPLE_TOO_SMALL_LOCAL_11_MATCHES_NOT_PRODUCTION_READY,True,False
MID,143490,Ahmed Hammoudan,154668,Mamadou Lamine Camara,97.727058,5.276973,97.727058,4,medium_research_only,SAME_ROLE_ONLY;RESEARCH_ONLY;SAMPLE_TOO_SMALL_LOCAL_11_MATCHES_NOT_PRODUCTION_READY,True,False
MID,143490,Ahmed Hammoudan,161352,Salaheddine Errahouli,98.970582,3.022042,98.970582,4,medium_research_only,SAME_ROLE_ONLY;RESEARCH_ONLY;SAMPLE_TOO_SMALL_LOCAL_11_MATCHES_NOT_PRODUCTION_READY,True,False
MID,143490,Ahmed Hammoudan,183765,Mohammed Amine Essahel,92.227328,8.41874,92.227328,4,medium_research_only,SAME_ROLE_ONLY;RESEARCH_ONLY;SAMPLE_TOO_SMALL_LOCAL_11_MATCHES_NOT_PRODUCTION_READY,True,False
MID,143490,Ahmed Hammoudan,194809,Oussama Zemraoui,99.538501,3.662061,99.538501,4,medium_research_only,SAME_ROLE_ONLY;RESEARCH_ONLY;SAMPLE_TOO_SMALL_LOCAL_11_MATCHES_NOT_PRODUCTION_READY,True,False
MID,143490,Ahmed Hammoudan,194912,Faouzi Abd El Mouttalib,94.535533,6.797019,94.535533,4,medium_research_only,SAME_ROLE_ONLY;RESEARCH_ONLY;SAMPLE_TOO_SMALL_LOCAL_11_MATCHES_NOT_PRODUCTION_READY,True,False
MID,143490,Ahmed Hammoudan,195016,Mouad Mouchtanim,97.409117,5.776551,97.409117,4,medium_research_only,SAME_ROLE_ONLY;RESEARCH_ONLY;SAMPLE_TOO_SMALL_LOCAL_11_MATCHES_NOT_PRODUCTION_READY,True,False
MID,143490,Ahmed Hammoudan,199611,Youssef Mehri,99.680046,1.9003,99.680046,4,medium_research_only,SAME_ROLE_ONLY;RESEARCH_ONLY;SAMPLE_TOO_SMALL_LOCAL_11_MATCHES_NOT_PRODUCTION_READY,True,False
MID,143490,Ahmed Hammoudan,203027,Walid Rhailouf,97.649502,5.972248,97.649502,4,medium_research_only,SAME_ROLE_ONLY;RESEARCH_ONLY;SAMPLE_TOO_SMALL_LOCAL_11_MATCHES_NOT_PRODUCTION_READY,True,False
MID,143490,Ahmed Hammoudan,225437,Stephane Aziz Ki,99.807356,6.313264,99.807356,4,medium_research_only,SAME_ROLE_ONLY;RESEARCH_ONLY;SAMPLE_TOO_SMALL_LOCAL_11_MATCHES_NOT_PRODUCTION_READY,True,False
MID,143490,Ahmed Hammoudan,261620,Nadir Lougmani,95.268603,7.140143,95.268603,4,medium_research_only,SAME_ROLE_ONLY;RESEARCH_ONLY;SAMPLE_TOO_SMALL_LOCAL_11_MATCHES_NOT_PRODUCTION_READY,True,False
MID,143490,Ahmed Hammoudan,275341,Yazid Faffa,95.987892,6.056886,95.987892,4,medium_research_only,SAME_ROLE_ONLY;RESEARCH_ONLY;SAMPLE_TOO_SMALL_LOCAL_11_MATCHES_NOT_PRODUCTION_READY,True,False
MID,143490,Ahmed Hammoudan,312935,Amine Azri,94.2026,7.581833,94.2026,4,medium_research_only,SAME_ROLE_ONLY;RESEARCH_ONLY;SAMPLE_TOO_SMALL_LOCAL_11_MATCHES_NOT_PRODUCTION_READY,True,False
MID,143490,Ahmed Hammoudan,313277,Mohamed Chemlal,96.173979,24.253146,96.173979,4,medium_research_only,SAME_ROLE_ONLY;RESEARCH_ONLY;SAMPLE_TOO_SMALL_LOCAL_11_MATCHES_NOT_PRODUCTION_READY,True,False
MID,143490,Ahmed Hammoudan,313284,Achraf Harmach,94.741642,6.638913,94.741642,4,medium_research_only,SAME_ROLE_ONLY;RESEARCH_ONLY;SAMPLE_TOO_SMALL_LOCAL_11_MATCHES_NOT_PRODUCTION_READY,True,False
MID,143490,Ahmed Hammoudan,314460,Ayoub Bouaadli,96.212215,6.152893,96.212215,4,medium_research_only,SAME_ROLE_ONLY;RESEARCH_ONLY;SAMPLE_TOO_SMALL_LOCAL_11_MATCHES_NOT_PRODUCTION_READY,True,False
MID,143490,Ahmed Hammoudan,323979,Zakaria Fatihi,88.76418,12.51401,88.76418,4,medium_research_only,SAME_ROLE_ONLY;RESEARCH_ONLY;SAMPLE_TOO_SMALL_LOCAL_11_MATCHES_NOT_PRODUCTION_READY,True,False
MID,143490,Ahmed Hammoudan,360838,Zakaria Ami,86.59449,10.55921,86.59449,4,medium_research_only,SAME_ROLE_ONLY;RESEARCH_ONLY;SAMPLE_TOO_SMALL_LOCAL_11_MATCHES_NOT_PRODUCTION_READY,True,False
MID,143490,Ahmed Hammoudan,380600,Mouad Goulouss,94.9799,8.241453,94.9799,4,medium_research_only,SAME_ROLE_ONLY;RESEARCH_ONLY;SAMPLE_TOO_SMALL_LOCAL_11_MATCHES_NOT_PRODUCTION_READY,True,False
MID,143490,Ahmed Hammoudan,381935,Ismail Mihrab,93.078786,7.776455,93.078786,4,medium_research_only,SAME_ROLE_ONLY;RESEARCH_ONLY;SAMPLE_TOO_SMALL_LOCAL_11_MATCHES_NOT_PRODUCTION_READY,True,False
MID,143490,Ahmed Hammoudan,396748,Youssef Laghzal,88.298187,10.306464,88.298187,4,medium_research_only,SAME_ROLE_ONLY;RESEARCH_ONLY;SAMPLE_TOO_SMALL_LOCAL_11_MATCHES_NOT_PRODUCTION_READY,True,False
MID,143490,Ahmed Hammoudan,405645,Othmane Chraibi,92.89998,12.460212,92.89998,4,medium_research_only,SAME_ROLE_ONLY;RESEARCH_ONLY;SAMPLE_TOO_SMALL_LOCAL_11_MATCHES_NOT_PRODUCTION_READY,True,False
MID,143490,Ahmed Hammoudan,406269,Danilson Gomes Tavares,93.707377,7.525995,93.707377,4,medium_research_only,SAME_ROLE_ONLY;RESEARCH_ONLY;SAMPLE_TOO_SMALL_LOCAL_11_MATCHES_NOT_PRODUCTION_READY,True,False
MID,143490,Ahmed Hammoudan,407207,Ennaama El Bellali,95.184892,7.219897,95.184892,4,medium_research_only,SAME_ROLE_ONLY;RESEARCH_ONLY;SAMPLE_TOO_SMALL_LOCAL_11_MATCHES_NOT_PRODUCTION_READY,True,False
MID,143490,Ahmed Hammoudan,407506,Oussama Nourdine,91.029849,9.635964,91.029849,4,medium_research_only,SAME_ROLE_ONLY;RESEARCH_ONLY;SAMPLE_TOO_SMALL_LOCAL_11_MATCHES_NOT_PRODUCTION_READY,True,False
MID,143490,Ahmed Hammoudan,407852,Abdessamad Mahir,93.318584,7.718577,93.318584,4,medium_research_only,SAME_ROLE_ONLY;RESEARCH_ONLY;SAMPLE_TOO_SMALL_LOCAL_11_MATCHES_NOT_PRODUCTION_READY,True,False
MID,143490,Ahmed Hammoudan,415853,Claude Gnolou,93.573834,8.194787,93.573834,4,medium_research_only,SAME_ROLE_ONLY;RESEARCH_ONLY;SAMPLE_TOO_SMALL_LOCAL_11_MATCHES_NOT_PRODUCTION_READY,True,False
MID,143490,Ahmed Hammoudan,416303,El Mahdi Akoumi,96.551614,6.613147,96.551614,4,medium_research_only,SAME_ROLE_ONLY;RESEARCH_ONLY;SAMPLE_TOO_SMALL_LOCAL_11_MATCHES_NOT_PRODUCTION_READY,True,False
MID,143490,Ahmed Hammoudan,424979,Soufiane Tazi,97.280289,6.338281,97.280289,4,medium_research_only,SAME_ROLE_ONLY;RESEARCH_ONLY;SAMPLE_TOO_SMALL_LOCAL_11_MATCHES_NOT_PRODUCTION_READY,True,False
MID,143490,Ahmed Hammoudan,442288,Adnane Berdad,95.176333,6.36516,95.176333,4,medium_research_only,SAME_ROLE_ONLY;RESEARCH_ONLY;SAMPLE_TOO_SMALL_LOCAL_11_MATCHES_NOT_PRODUCTION_READY,True,False
MID,143490,Ahmed Hammoudan,442292,Abdellatif El Bajjani,93.98103,8.078394,93.98103,4,medium_research_only,SAME_ROLE_ONLY;RESEARCH_ONLY;SAMPLE_TOO_SMALL_LOCAL_11_MATCHES_NOT_PRODUCTION_READY,True,False
MID,143490,Ahmed Hammoudan,443951,Youness Akharraz,92.646582,7.936512,92.646582,4,medium_research_only,SAME_ROLE_ONLY;RESEARCH_ONLY;SAMPLE_TOO_SMALL_LOCAL_11_MATCHES_NOT_PRODUCTION_READY,True,False
MID,143490,Ahmed Hammoudan,445163,Ayoub Maamouri,98.69917,7.705027,98.69917,4,medium_research_only,SAME_ROLE_ONLY;RESEARCH_ONLY;SAMPLE_TOO_SMALL_LOCAL_11_MATCHES_NOT_PRODUCTION_READY,True,False
MID,143490,Ahmed Hammoudan,446355,Ishak Zidani,96.475447,5.698362,96.475447,4,medium_research_only,SAME_ROLE_ONLY;RESEARCH_ONLY;SAMPLE_TOO_SMALL_LOCAL_11_MATCHES_NOT_PRODUCTION_READY,True,False
MID,143490,Ahmed Hammoudan,449373,Marouane Oujeddou,99.596132,3.246016,99.596132,4,medium_research_only,SAME_ROLE_ONLY;RESEARCH_ONLY;SAMPLE_TOO_SMALL_LOCAL_11_MATCHES_NOT_PRODUCTION_READY,True,False
MID,143490,Ahmed Hammoudan,449471,Ayman Tarrazi,91.823636,8.164986,91.823636,4,medium_research_only,SAME_ROLE_ONLY;RESEARCH_ONLY;SAMPLE_TOO_SMALL_LOCAL_11_MATCHES_NOT_PRODUCTION_READY,True,False
MID,143490,Ahmed Hammoudan,450709,Joseph Bakasu       ,92.882938,8.038732,92.882938,4,medium_research_only,SAME_ROLE_ONLY;RESEARCH_ONLY;SAMPLE_TOO_SMALL_LOCAL_11_MATCHES_NOT_PRODUCTION_READY,True,False
MID,143490,Ahmed Hammoudan,460266,Youness Dahmani,80.426977,11.997084,80.426977,4,medium_research_only,SAME_ROLE_ONLY;RESEARCH_ONLY;SAMPLE_TOO_SMALL_LOCAL_11_MATCHES_NOT_PRODUCTION_READY,True,False
MID,143490,Ahmed Hammoudan,477679,Redouane Oubidar,91.184819,9.556249,91.184819,4,medium_research_only,SAME_ROLE_ONLY;RESEARCH_ONLY;SAMPLE_TOO_SMALL_LOCAL_11_MATCHES_NOT_PRODUCTION_READY,True,False
MID,143490,Ahmed Hammoudan,477680,Hamza Saoud,96.783629,9.652002,96.783629,4,medium_research_only,SAME_ROLE_ONLY;RESEARCH_ONLY;SAMPLE_TOO_SMALL_LOCAL_11_MATCHES_NOT_PRODUCTION_READY,True,False
MID,143490,Ahmed Hammoudan,477682,Ayoub Benaadi,98.617045,3.47666,98.617045,4,medium_research_only,SAME_ROLE_ONLY;RESEARCH_ONLY;SAMPLE_TOO_SMALL_LOCAL_11_MATCHES_NOT_PRODUCTION_READY,True,False
MID,143490,Ahmed Hammoudan,477688,Ayoub El Khaffi,93.053499,13.845134,93.053499,4,medium_research_only,SAME_ROLE_ONLY;RESEARCH_ONLY;SAMPLE_TOO_SMALL_LOCAL_11_MATCHES_NOT_PRODUCTION_READY,True,False
MID,143490,Ahmed Hammoudan,523298,Mohamed Ahayaoui,95.836464,7.98584,95.836464,4,medium_research_only,SAME_ROLE_ONLY;RESEARCH_ONLY;SAMPLE_TOO_SMALL_LOCAL_11_MATCHES_NOT_PRODUCTION_READY,True,False
MID,143490,Ahmed Hammoudan,523308,Adil Khalloufi,92.361266,9.493138,92.361266,4,medium_research_only,SAME_ROLE_ONLY;RESEARCH_ONLY;SAMPLE_TOO_SMALL_LOCAL_11_MATCHES_NOT_PRODUCTION_READY,True,False
MID,143490,Ahmed Hammoudan,523312,Brahim Mansouri,98.7886,3.412841,98.7886,4,medium_research_only,SAME_ROLE_ONLY;RESEARCH_ONLY;SAMPLE_TOO_SMALL_LOCAL_11_MATCHES_NOT_PRODUCTION_READY,True,False
MID,143490,Ahmed Hammoudan,523319,Omar Ouddah,91.548037,10.890514,91.548037,4,medium_research_only,SAME_ROLE_ONLY;RESEARCH_ONLY;SAMPLE_TOO_SMALL_LOCAL_11_MATCHES_NOT_PRODUCTION_READY,True,False
MID,143490,Ahmed Hammoudan,523973,Hamza Rafa,92.821726,8.583419,92.821726,4,medium_research_only,SAME_ROLE_ONLY;RESEARCH_ONLY;SAMPLE_TOO_SMALL_LOCAL_11_MATCHES_NOT_PRODUCTION_READY,True,False
MID,143490,Ahmed Hammoudan,523996,Fred Duval Ngoma,92.918847,8.557096,92.918847,4,medium_research_only,SAME_ROLE_ONLY;RESEARCH_ONLY;SAMPLE_TOO_SMALL_LOCAL_11_MATCHES_NOT_PRODUCTION_READY,True,False
MID,143490,Ahmed Hammoudan,523997,Karim L'Koucha,94.088523,7.659689,94.088523,4,medium_research_only,SAME_ROLE_ONLY;RESEARCH_ONLY;SAMPLE_TOO_SMALL_LOCAL_11_MATCHES_NOT_PRODUCTION_READY,True,False
MID,143490,Ahmed Hammoudan,523999,Zakaria Kessary,95.866837,7.145039,95.866837,4,medium_research_only,SAME_ROLE_ONLY;RESEARCH_ONLY;SAMPLE_TOO_SMALL_LOCAL_11_MATCHES_NOT_PRODUCTION_READY,True,False
MID,143490,Ahmed Hammoudan,524000,Ahmed Aboulfath,84.443212,10.836837,84.443212,4,medium_research_only,SAME_ROLE_ONLY;RESEARCH_ONLY;SAMPLE_TOO_SMALL_LOCAL_11_MATCHES_NOT_PRODUCTION_READY,True,False
MID,143490,Ahmed Hammoudan,524002,Salim Ghazzani,93.337282,13.040149,93.337282,4,medium_research_only,SAME_ROLE_ONLY;RESEARCH_ONLY;SAMPLE_TOO_SMALL_LOCAL_11_MATCHES_NOT_PRODUCTION_READY,True,False
MID,143490,Ahmed Hammoudan,524003,Mohammed Es-Sahel,91.843988,8.27153,91.843988,4,medium_research_only,SAME_ROLE_ONLY;RESEARCH_ONLY;SAMPLE_TOO_SMALL_LOCAL_11_MATCHES_NOT_PRODUCTION_READY,True,False
MID,143490,Ahmed Hammoudan,524511,Saad Nassik,94.032406,7.167907,94.032406,4,medium_research_only,SAME_ROLE_ONLY;RESEARCH_ONLY;SAMPLE_TOO_SMALL_LOCAL_11_MATCHES_NOT_PRODUCTION_READY,True,False
MID,143505,Mohamed Morabit,144434,Ismail Moutaraji,84.490783,16.167681,84.490783,4,medium_research_only,SAME_ROLE_ONLY;RESEARCH_ONLY;SAMPLE_TOO_SMALL_LOCAL_11_MATCHES_NOT_PRODUCTION_READY,True,False
MID,143505,Mohamed Morabit,144436,Anas Serrhat,92.50218,10.323584,92.50218,4,medium_research_only,SAME_ROLE_ONLY;RESEARCH_ONLY;SAMPLE_TOO_SMALL_LOCAL_11_MATCHES_NOT_PRODUCTION_READY,True,False
MID,143505,Mohamed Morabit,149135,Moses Orkuma,86.506788,11.939201,86.506788,4,medium_research_only,SAME_ROLE_ONLY;RESEARCH_ONLY;SAMPLE_TOO_SMALL_LOCAL_11_MATCHES_NOT_PRODUCTION_READY,True,False
MID,143505,Mohamed Morabit,151743,Mohamed Al Makahasi,92.391287,8.763179,92.391287,4,medium_research_only,SAME_ROLE_ONLY;RESEARCH_ONLY;SAMPLE_TOO_SMALL_LOCAL_11_MATCHES_NOT_PRODUCTION_READY,True,False
MID,143505,Mohamed Morabit,154668,Mamadou Lamine Camara,93.186534,8.692154,93.186534,4,medium_research_only,SAME_ROLE_ONLY;RESEARCH_ONLY;SAMPLE_TOO_SMALL_LOCAL_11_MATCHES_NOT_PRODUCTION_READY,True,False
MID,143505,Mohamed Morabit,161352,Salaheddine Errahouli,98.762704,3.841371,98.762704,4,medium_research_only,SAME_ROLE_ONLY;RESEARCH_ONLY;SAMPLE_TOO_SMALL_LOCAL_11_MATCHES_NOT_PRODUCTION_READY,True,False
MID,143505,Mohamed Morabit,183765,Mohammed Amine Essahel,89.180071,10.334377,89.180071,4,medium_research_only,SAME_ROLE_ONLY;RESEARCH_ONLY;SAMPLE_TOO_SMALL_LOCAL_11_MATCHES_NOT_PRODUCTION_READY,True,False
MID,143505,Mohamed Morabit,194809,Oussama Zemraoui,95.843805,7.099699,95.843805,4,medium_research_only,SAME_ROLE_ONLY;RESEARCH_ONLY;SAMPLE_TOO_SMALL_LOCAL_11_MATCHES_NOT_PRODUCTION_READY,True,False
MID,143505,Mohamed Morabit,194912,Faouzi Abd El Mouttalib,87.028545,10.988962,87.028545,4,medium_research_only,SAME_ROLE_ONLY;RESEARCH_ONLY;SAMPLE_TOO_SMALL_LOCAL_11_MATCHES_NOT_PRODUCTION_READY,True,False
MID,143505,Mohamed Morabit,195016,Mouad Mouchtanim,93.184094,8.834509,93.184094,4,medium_research_only,SAME_ROLE_ONLY;RESEARCH_ONLY;SAMPLE_TOO_SMALL_LOCAL_11_MATCHES_NOT_PRODUCTION_READY,True,False
MID,143505,Mohamed Morabit,199611,Youssef Mehri,96.870213,5.619981,96.870213,4,medium_research_only,SAME_ROLE_ONLY;RESEARCH_ONLY;SAMPLE_TOO_SMALL_LOCAL_11_MATCHES_NOT_PRODUCTION_READY,True,False
MID,143505,Mohamed Morabit,203027,Walid Rhailouf,91.205326,10.304905,91.205326,4,medium_research_only,SAME_ROLE_ONLY;RESEARCH_ONLY;SAMPLE_TOO_SMALL_LOCAL_11_MATCHES_NOT_PRODUCTION_READY,True,False
MID,143505,Mohamed Morabit,225437,Stephane Aziz Ki,97.049438,8.451669,97.049438,4,medium_research_only,SAME_ROLE_ONLY;RESEARCH_ONLY;SAMPLE_TOO_SMALL_LOCAL_11_MATCHES_NOT_PRODUCTION_READY,True,False
MID,143505,Mohamed Morabit,261620,Nadir Lougmani,86.632058,11.042867,86.632058,4,medium_research_only,SAME_ROLE_ONLY;RESEARCH_ONLY;SAMPLE_TOO_SMALL_LOCAL_11_MATCHES_NOT_PRODUCTION_READY,True,False
MID,143505,Mohamed Morabit,275341,Yazid Faffa,92.685637,8.520684,92.685637,4,medium_research_only,SAME_ROLE_ONLY;RESEARCH_ONLY;SAMPLE_TOO_SMALL_LOCAL_11_MATCHES_NOT_PRODUCTION_READY,True,False
MID,143505,Mohamed Morabit,312935,Amine Azri,90.87272,9.735276,90.87272,4,medium_research_only,SAME_ROLE_ONLY;RESEARCH_ONLY;SAMPLE_TOO_SMALL_LOCAL_11_MATCHES_NOT_PRODUCTION_READY,True,False
MID,143505,Mohamed Morabit,313277,Mohamed Chemlal,97.642942,22.536619,97.642942,4,medium_research_only,SAME_ROLE_ONLY;RESEARCH_ONLY;SAMPLE_TOO_SMALL_LOCAL_11_MATCHES_NOT_PRODUCTION_READY,True,False
MID,143505,Mohamed Morabit,313284,Achraf Harmach,86.916951,10.965402,86.916951,4,medium_research_only,SAME_ROLE_ONLY;RESEARCH_ONLY;SAMPLE_TOO_SMALL_LOCAL_11_MATCHES_NOT_PRODUCTION_READY,True,False
MID,143505,Mohamed Morabit,314460,Ayoub Bouaadli,89.461361,10.439442,89.461361,4,medium_research_only,SAME_ROLE_ONLY;RESEARCH_ONLY;SAMPLE_TOO_SMALL_LOCAL_11_MATCHES_NOT_PRODUCTION_READY,True,False
MID,143505,Mohamed Morabit,323979,Zakaria Fatihi,85.463017,14.098643,85.463017,4,medium_research_only,SAME_ROLE_ONLY;RESEARCH_ONLY;SAMPLE_TOO_SMALL_LOCAL_11_MATCHES_NOT_PRODUCTION_READY,True,False
MID,143505,Mohamed Morabit,360838,Zakaria Ami,92.561157,10.220614,92.561157,4,medium_research_only,SAME_ROLE_ONLY;RESEARCH_ONLY;SAMPLE_TOO_SMALL_LOCAL_11_MATCHES_NOT_PRODUCTION_READY,True,False
MID,143505,Mohamed Morabit,380600,Mouad Goulouss,90.626333,10.491674,90.626333,4,medium_research_only,SAME_ROLE_ONLY;RESEARCH_ONLY;SAMPLE_TOO_SMALL_LOCAL_11_MATCHES_NOT_PRODUCTION_READY,True,False
MID,143505,Mohamed Morabit,381935,Ismail Mihrab,90.562343,9.616733,90.562343,4,medium_research_only,SAME_ROLE_ONLY;RESEARCH_ONLY;SAMPLE_TOO_SMALL_LOCAL_11_MATCHES_NOT_PRODUCTION_READY,True,False
MID,143505,Mohamed Morabit,396748,Youssef Laghzal,85.290568,11.990601,85.290568,4,medium_research_only,SAME_ROLE_ONLY;RESEARCH_ONLY;SAMPLE_TOO_SMALL_LOCAL_11_MATCHES_NOT_PRODUCTION_READY,True,False
MID,143505,Mohamed Morabit,405645,Othmane Chraibi,83.784398,16.674915,83.784398,4,medium_research_only,SAME_ROLE_ONLY;RESEARCH_ONLY;SAMPLE_TOO_SMALL_LOCAL_11_MATCHES_NOT_PRODUCTION_READY,True,False
MID,143505,Mohamed Morabit,406269,Danilson Gomes Tavares,90.393492,9.689904,90.393492,4,medium_research_only,SAME_ROLE_ONLY;RESEARCH_ONLY;SAMPLE_TOO_SMALL_LOCAL_11_MATCHES_NOT_PRODUCTION_READY,True,False
MID,143505,Mohamed Morabit,407207,Ennaama El Bellali,87.546179,11.62824,87.546179,4,medium_research_only,SAME_ROLE_ONLY;RESEARCH_ONLY;SAMPLE_TOO_SMALL_LOCAL_11_MATCHES_NOT_PRODUCTION_READY,True,False
MID,143505,Mohamed Morabit,407506,Oussama Nourdine,85.823998,12.363325,85.823998,4,medium_research_only,SAME_ROLE_ONLY;RESEARCH_ONLY;SAMPLE_TOO_SMALL_LOCAL_11_MATCHES_NOT_PRODUCTION_READY,True,False
MID,143505,Mohamed Morabit,407852,Abdessamad Mahir,89.796103,9.965585,89.796103,4,medium_research_only,SAME_ROLE_ONLY;RESEARCH_ONLY;SAMPLE_TOO_SMALL_LOCAL_11_MATCHES_NOT_PRODUCTION_READY,True,False
MID,143505,Mohamed Morabit,415853,Claude Gnolou,88.163468,11.280725,88.163468,4,medium_research_only,SAME_ROLE_ONLY;RESEARCH_ONLY;SAMPLE_TOO_SMALL_LOCAL_11_MATCHES_NOT_PRODUCTION_READY,True,False
MID,143505,Mohamed Morabit,416303,El Mahdi Akoumi,89.67212,10.127281,89.67212,4,medium_research_only,SAME_ROLE_ONLY;RESEARCH_ONLY;SAMPLE_TOO_SMALL_LOCAL_11_MATCHES_NOT_PRODUCTION_READY,True,False
MID,143505,Mohamed Morabit,424979,Soufiane Tazi,90.782622,10.571788,90.782622,4,medium_research_only,SAME_ROLE_ONLY;RESEARCH_ONLY;SAMPLE_TOO_SMALL_LOCAL_11_MATCHES_NOT_PRODUCTION_READY,True,False
MID,143505,Mohamed Morabit,442288,Adnane Berdad,88.866474,10.142419,88.866474,4,medium_research_only,SAME_ROLE_ONLY;RESEARCH_ONLY;SAMPLE_TOO_SMALL_LOCAL_11_MATCHES_NOT_PRODUCTION_READY,True,False
MID,143505,Mohamed Morabit,442292,Abdellatif El Bajjani,86.668059,12.089744,86.668059,4,medium_research_only,SAME_ROLE_ONLY;RESEARCH_ONLY;SAMPLE_TOO_SMALL_LOCAL_11_MATCHES_NOT_PRODUCTION_READY,True,False
MID,143505,Mohamed Morabit,443951,Youness Akharraz,82.967147,12.067531,82.967147,4,medium_research_only,SAME_ROLE_ONLY;RESEARCH_ONLY;SAMPLE_TOO_SMALL_LOCAL_11_MATCHES_NOT_PRODUCTION_READY,True,False
MID,143505,Mohamed Morabit,445163,Ayoub Maamouri,99.713924,8.587512,99.713924,4,medium_research_only,SAME_ROLE_ONLY;RESEARCH_ONLY;SAMPLE_TOO_SMALL_LOCAL_11_MATCHES_NOT_PRODUCTION_READY,True,False
MID,143505,Mohamed Morabit,446355,Ishak Zidani,88.840703,10.514144,88.840703,4,medium_research_only,SAME_ROLE_ONLY;RESEARCH_ONLY;SAMPLE_TOO_SMALL_LOCAL_11_MATCHES_NOT_PRODUCTION_READY,True,False
MID,143505,Mohamed Morabit,449373,Marouane Oujeddou,96.886026,6.307075,96.886026,4,medium_research_only,SAME_ROLE_ONLY;RESEARCH_ONLY;SAMPLE_TOO_SMALL_LOCAL_11_MATCHES_NOT_PRODUCTION_READY,True,False
MID,143505,Mohamed Morabit,449471,Ayman Tarrazi,86.140656,11.087194,86.140656,4,medium_research_only,SAME_ROLE_ONLY;RESEARCH_ONLY;SAMPLE_TOO_SMALL_LOCAL_11_MATCHES_NOT_PRODUCTION_READY,True,False
MID,143505,Mohamed Morabit,450709,Joseph Bakasu       ,83.684231,12.659152,83.684231,4,medium_research_only,SAME_ROLE_ONLY;RESEARCH_ONLY;SAMPLE_TOO_SMALL_LOCAL_11_MATCHES_NOT_PRODUCTION_READY,True,False
MID,143505,Mohamed Morabit,460266,Youness Dahmani,87.313554,11.8656,87.313554,4,medium_research_only,SAME_ROLE_ONLY;RESEARCH_ONLY;SAMPLE_TOO_SMALL_LOCAL_11_MATCHES_NOT_PRODUCTION_READY,True,False
MID,143505,Mohamed Morabit,477679,Redouane Oubidar,88.648453,11.068355,88.648453,4,medium_research_only,SAME_ROLE_ONLY;RESEARCH_ONLY;SAMPLE_TOO_SMALL_LOCAL_11_MATCHES_NOT_PRODUCTION_READY,True,False
MID,143505,Mohamed Morabit,477680,Hamza Saoud,88.875712,13.877467,88.875712,4,medium_research_only,SAME_ROLE_ONLY;RESEARCH_ONLY;SAMPLE_TOO_SMALL_LOCAL_11_MATCHES_NOT_PRODUCTION_READY,True,False
MID,143505,Mohamed Morabit,477682,Ayoub Benaadi,96.022998,6.270502,96.022998,4,medium_research_only,SAME_ROLE_ONLY;RESEARCH_ONLY;SAMPLE_TOO_SMALL_LOCAL_11_MATCHES_NOT_PRODUCTION_READY,True,False
MID,143505,Mohamed Morabit,477688,Ayoub El Khaffi,84.691693,17.58847,84.691693,4,medium_research_only,SAME_ROLE_ONLY;RESEARCH_ONLY;SAMPLE_TOO_SMALL_LOCAL_11_MATCHES_NOT_PRODUCTION_READY,True,False
MID,143505,Mohamed Morabit,523298,Mohamed Ahayaoui,90.89414,10.922631,90.89414,4,medium_research_only,SAME_ROLE_ONLY;RESEARCH_ONLY;SAMPLE_TOO_SMALL_LOCAL_11_MATCHES_NOT_PRODUCTION_READY,True,False
MID,143505,Mohamed Morabit,523308,Adil Khalloufi,87.234329,12.232349,87.234329,4,medium_research_only,SAME_ROLE_ONLY;RESEARCH_ONLY;SAMPLE_TOO_SMALL_LOCAL_11_MATCHES_NOT_PRODUCTION_READY,True,False
MID,143505,Mohamed Morabit,523312,Brahim Mansouri,99.010631,3.181075,99.010631,4,medium_research_only,SAME_ROLE_ONLY;RESEARCH_ONLY;SAMPLE_TOO_SMALL_LOCAL_11_MATCHES_NOT_PRODUCTION_READY,True,False
MID,143505,Mohamed Morabit,523319,Omar Ouddah,86.797345,13.273274,86.797345,4,medium_research_only,SAME_ROLE_ONLY;RESEARCH_ONLY;SAMPLE_TOO_SMALL_LOCAL_11_MATCHES_NOT_PRODUCTION_READY,True,False
MID,143505,Mohamed Morabit,523973,Hamza Rafa,83.348543,13.319879,83.348543,4,medium_research_only,SAME_ROLE_ONLY;RESEARCH_ONLY;SAMPLE_TOO_SMALL_LOCAL_11_MATCHES_NOT_PRODUCTION_READY,True,False
MID,143505,Mohamed Morabit,523996,Fred Duval Ngoma,83.74476,13.18944,83.74476,4,medium_research_only,SAME_ROLE_ONLY;RESEARCH_ONLY;SAMPLE_TOO_SMALL_LOCAL_11_MATCHES_NOT_PRODUCTION_READY,True,False
MID,143505,Mohamed Morabit,523997,Karim L'Koucha,87.47347,10.811381,87.47347,4,medium_research_only,SAME_ROLE_ONLY;RESEARCH_ONLY;SAMPLE_TOO_SMALL_LOCAL_11_MATCHES_NOT_PRODUCTION_READY,True,False
MID,143505,Mohamed Morabit,523999,Zakaria Kessary,88.759792,11.390384,88.759792,4,medium_research_only,SAME_ROLE_ONLY;RESEARCH_ONLY;SAMPLE_TOO_SMALL_LOCAL_11_MATCHES_NOT_PRODUCTION_READY,True,False
MID,143505,Mohamed Morabit,524000,Ahmed Aboulfath,83.431077,11.951607,83.431077,4,medium_research_only,SAME_ROLE_ONLY;RESEARCH_ONLY;SAMPLE_TOO_SMALL_LOCAL_11_MATCHES_NOT_PRODUCTION_READY,True,False
MID,143505,Mohamed Morabit,524002,Salim Ghazzani,95.007053,11.525265,95.007053,4,medium_research_only,SAME_ROLE_ONLY;RESEARCH_ONLY;SAMPLE_TOO_SMALL_LOCAL_11_MATCHES_NOT_PRODUCTION_READY,True,False
MID,143505,Mohamed Morabit,524003,Mohammed Es-Sahel,87.103708,10.946535,87.103708,4,medium_research_only,SAME_ROLE_ONLY;RESEARCH_ONLY;SAMPLE_TOO_SMALL_LOCAL_11_MATCHES_NOT_PRODUCTION_READY,True,False
MID,143505,Mohamed Morabit,524511,Saad Nassik,86.232752,11.408681,86.232752,4,medium_research_only,SAME_ROLE_ONLY;RESEARCH_ONLY;SAMPLE_TOO_SMALL_LOCAL_11_MATCHES_NOT_PRODUCTION_READY,True,False
MID,144434,Ismail Moutaraji,144436,Anas Serrhat,98.082292,6.405574,98.082292,4,medium_research_only,SAME_ROLE_ONLY;RESEARCH_ONLY;SAMPLE_TOO_SMALL_LOCAL_11_MATCHES_NOT_PRODUCTION_READY,True,False
MID,144434,Ismail Moutaraji,149135,Moses Orkuma,99.179827,6.817732,99.179827,4,medium_research_only,SAME_ROLE_ONLY;RESEARCH_ONLY;SAMPLE_TOO_SMALL_LOCAL_11_MATCHES_NOT_PRODUCTION_READY,True,False
MID,144434,Ismail Moutaraji,151743,Mohamed Al Makahasi,98.262156,8.247706,98.262156,4,medium_research_only,SAME_ROLE_ONLY;RESEARCH_ONLY;SAMPLE_TOO_SMALL_LOCAL_11_MATCHES_NOT_PRODUCTION_READY,True,False
MID,144434,Ismail Moutaraji,154668,Mamadou Lamine Camara,97.878657,7.745612,97.878657,4,medium_research_only,SAME_ROLE_ONLY;RESEARCH_ONLY;SAMPLE_TOO_SMALL_LOCAL_11_MATCHES_NOT_PRODUCTION_READY,True,False
MID,144434,Ismail Moutaraji,161352,Salaheddine Errahouli,89.467326,14.125501,89.467326,4,medium_research_only,SAME_ROLE_ONLY;RESEARCH_ONLY;SAMPLE_TOO_SMALL_LOCAL_11_MATCHES_NOT_PRODUCTION_READY,True,False
MID,144434,Ismail Moutaraji,183765,Mohammed Amine Essahel,95.768264,10.340928,95.768264,4,medium_research_only,SAME_ROLE_ONLY;RESEARCH_ONLY;SAMPLE_TOO_SMALL_LOCAL_11_MATCHES_NOT_PRODUCTION_READY,True,False
MID,144434,Ismail Moutaraji,194809,Oussama Zemraoui,94.714343,10.220365,94.714343,4,medium_research_only,SAME_ROLE_ONLY;RESEARCH_ONLY;SAMPLE_TOO_SMALL_LOCAL_11_MATCHES_NOT_PRODUCTION_READY,True,False
MID,144434,Ismail Moutaraji,194912,Faouzi Abd El Mouttalib,99.621339,8.580238,99.621339,4,medium_research_only,SAME_ROLE_ONLY;RESEARCH_ONLY;SAMPLE_TOO_SMALL_LOCAL_11_MATCHES_NOT_PRODUCTION_READY,True,False
MID,144434,Ismail Moutaraji,195016,Mouad Mouchtanim,97.525843,7.902892,97.525843,4,medium_research_only,SAME_ROLE_ONLY;RESEARCH_ONLY;SAMPLE_TOO_SMALL_LOCAL_11_MATCHES_NOT_PRODUCTION_READY,True,False
MID,144434,Ismail Moutaraji,199611,Youssef Mehri,92.578321,12.168289,92.578321,4,medium_research_only,SAME_ROLE_ONLY;RESEARCH_ONLY;SAMPLE_TOO_SMALL_LOCAL_11_MATCHES_NOT_PRODUCTION_READY,True,False
MID,144434,Ismail Moutaraji,203027,Walid Rhailouf,98.476284,6.519699,98.476284,4,medium_research_only,SAME_ROLE_ONLY;RESEARCH_ONLY;SAMPLE_TOO_SMALL_LOCAL_11_MATCHES_NOT_PRODUCTION_READY,True,False
MID,144434,Ismail Moutaraji,225437,Stephane Aziz Ki,93.946722,15.301166,93.946722,4,medium_research_only,SAME_ROLE_ONLY;RESEARCH_ONLY;SAMPLE_TOO_SMALL_LOCAL_11_MATCHES_NOT_PRODUCTION_READY,True,False
MID,144434,Ismail Moutaraji,261620,Nadir Lougmani,99.290373,12.472964,99.290373,4,medium_research_only,SAME_ROLE_ONLY;RESEARCH_ONLY;SAMPLE_TOO_SMALL_LOCAL_11_MATCHES_NOT_PRODUCTION_READY,True,False
MID,144434,Ismail Moutaraji,275341,Yazid Faffa,96.82122,11.836989,96.82122,4,medium_research_only,SAME_ROLE_ONLY;RESEARCH_ONLY;SAMPLE_TOO_SMALL_LOCAL_11_MATCHES_NOT_PRODUCTION_READY,True,False
MID,144434,Ismail Moutaraji,312935,Amine Azri,96.587195,9.322761,96.587195,4,medium_research_only,SAME_ROLE_ONLY;RESEARCH_ONLY;SAMPLE_TOO_SMALL_LOCAL_11_MATCHES_NOT_PRODUCTION_READY,True,False
MID,144434,Ismail Moutaraji,313277,Mohamed Chemlal,82.121297,28.624631,82.121297,4,medium_research_only,SAME_ROLE_ONLY;RESEARCH_ONLY;SAMPLE_TOO_SMALL_LOCAL_11_MATCHES_NOT_PRODUCTION_READY,True,False
MID,144434,Ismail Moutaraji,313284,Achraf Harmach,99.799286,8.82369,99.799286,4,medium_research_only,SAME_ROLE_ONLY;RESEARCH_ONLY;SAMPLE_TOO_SMALL_LOCAL_11_MATCHES_NOT_PRODUCTION_READY,True,False
MID,144434,Ismail Moutaraji,314460,Ayoub Bouaadli,99.381419,6.878782,99.381419,4,medium_research_only,SAME_ROLE_ONLY;RESEARCH_ONLY;SAMPLE_TOO_SMALL_LOCAL_11_MATCHES_NOT_PRODUCTION_READY,True,False
MID,144434,Ismail Moutaraji,323979,Zakaria Fatihi,94.144661,10.478268,94.144661,4,medium_research_only,SAME_ROLE_ONLY;RESEARCH_ONLY;SAMPLE_TOO_SMALL_LOCAL_11_MATCHES_NOT_PRODUCTION_READY,True,False
MID,144434,Ismail Moutaraji,360838,Zakaria Ami,79.045679,18.865398,79.045679,4,medium_research_only,SAME_ROLE_ONLY;RESEARCH_ONLY;SAMPLE_TOO_SMALL_LOCAL_11_MATCHES_NOT_PRODUCTION_READY,True,False
MID,144434,Ismail Moutaraji,380600,Mouad Goulouss,97.700997,14.628557,97.700997,4,medium_research_only,SAME_ROLE_ONLY;RESEARCH_ONLY;SAMPLE_TOO_SMALL_LOCAL_11_MATCHES_NOT_PRODUCTION_READY,True,False
MID,144434,Ismail Moutaraji,381935,Ismail Mihrab,95.327493,13.261471,95.327493,4,medium_research_only,SAME_ROLE_ONLY;RESEARCH_ONLY;SAMPLE_TOO_SMALL_LOCAL_11_MATCHES_NOT_PRODUCTION_READY,True,False
MID,144434,Ismail Moutaraji,396748,Youssef Laghzal,93.627479,16.191265,93.627479,4,medium_research_only,SAME_ROLE_ONLY;RESEARCH_ONLY;SAMPLE_TOO_SMALL_LOCAL_11_MATCHES_NOT_PRODUCTION_READY,True,False
MID,144434,Ismail Moutaraji,405645,Othmane Chraibi,99.833128,1.855993,99.833128,4,medium_research_only,SAME_ROLE_ONLY;RESEARCH_ONLY;SAMPLE_TOO_SMALL_LOCAL_11_MATCHES_NOT_PRODUCTION_READY,True,False
MID,144434,Ismail Moutaraji,406269,Danilson Gomes Tavares,96.490983,12.870588,96.490983,4,medium_research_only,SAME_ROLE_ONLY;RESEARCH_ONLY;SAMPLE_TOO_SMALL_LOCAL_11_MATCHES_NOT_PRODUCTION_READY,True,False
MID,144434,Ismail Moutaraji,407207,Ennaama El Bellali,99.797218,5.744674,99.797218,4,medium_research_only,SAME_ROLE_ONLY;RESEARCH_ONLY;SAMPLE_TOO_SMALL_LOCAL_11_MATCHES_NOT_PRODUCTION_READY,True,False
MID,144434,Ismail Moutaraji,407506,Oussama Nourdine,97.078915,8.63912,97.078915,4,medium_research_only,SAME_ROLE_ONLY;RESEARCH_ONLY;SAMPLE_TOO_SMALL_LOCAL_11_MATCHES_NOT_PRODUCTION_READY,True,False
MID,144434,Ismail Moutaraji,407852,Abdessamad Mahir,96.245333,10.184393,96.245333,4,medium_research_only,SAME_ROLE_ONLY;RESEARCH_ONLY;SAMPLE_TOO_SMALL_LOCAL_11_MATCHES_NOT_PRODUCTION_READY,True,False
MID,144434,Ismail Moutaraji,415853,Claude Gnolou,98.358079,7.483659,98.358079,4,medium_research_only,SAME_ROLE_ONLY;RESEARCH_ONLY;SAMPLE_TOO_SMALL_LOCAL_11_MATCHES_NOT_PRODUCTION_READY,True,False
MID,144434,Ismail Moutaraji,416303,El Mahdi Akoumi,99.28752,12.531158,99.28752,4,medium_research_only,SAME_ROLE_ONLY;RESEARCH_ONLY;SAMPLE_TOO_SMALL_LOCAL_11_MATCHES_NOT_PRODUCTION_READY,True,False
MID,144434,Ismail Moutaraji,424979,Soufiane Tazi,98.931192,5.888232,98.931192,4,medium_research_only,SAME_ROLE_ONLY;RESEARCH_ONLY;SAMPLE_TOO_SMALL_LOCAL_11_MATCHES_NOT_PRODUCTION_READY,True,False
MID,144434,Ismail Moutaraji,442288,Adnane Berdad,99.320631,9.283655,99.320631,4,medium_research_only,SAME_ROLE_ONLY;RESEARCH_ONLY;SAMPLE_TOO_SMALL_LOCAL_11_MATCHES_NOT_PRODUCTION_READY,True,False
MID,144434,Ismail Moutaraji,442292,Abdellatif El Bajjani,99.351636,6.18478,99.351636,4,medium_research_only,SAME_ROLE_ONLY;RESEARCH_ONLY;SAMPLE_TOO_SMALL_LOCAL_11_MATCHES_NOT_PRODUCTION_READY,True,False
MID,144434,Ismail Moutaraji,443951,Youness Akharraz,99.661115,11.485262,99.661115,4,medium_research_only,SAME_ROLE_ONLY;RESEARCH_ONLY;SAMPLE_TOO_SMALL_LOCAL_11_MATCHES_NOT_PRODUCTION_READY,True,False
MID,144434,Ismail Moutaraji,445163,Ayoub Maamouri,87.648589,17.362698,87.648589,4,medium_research_only,SAME_ROLE_ONLY;RESEARCH_ONLY;SAMPLE_TOO_SMALL_LOCAL_11_MATCHES_NOT_PRODUCTION_READY,True,False
MID,144434,Ismail Moutaraji,446355,Ishak Zidani,99.24448,7.648156,99.24448,4,medium_research_only,SAME_ROLE_ONLY;RESEARCH_ONLY;SAMPLE_TOO_SMALL_LOCAL_11_MATCHES_NOT_PRODUCTION_READY,True,False
MID,144434,Ismail Moutaraji,449373,Marouane Oujeddou,94.195193,12.929298,94.195193,4,medium_research_only,SAME_ROLE_ONLY;RESEARCH_ONLY;SAMPLE_TOO_SMALL_LOCAL_11_MATCHES_NOT_PRODUCTION_READY,True,False
MID,144434,Ismail Moutaraji,449471,Ayman Tarrazi,98.046327,11.468596,98.046327,4,medium_research_only,SAME_ROLE_ONLY;RESEARCH_ONLY;SAMPLE_TOO_SMALL_LOCAL_11_MATCHES_NOT_PRODUCTION_READY,True,False
MID,144434,Ismail Moutaraji,450709,Joseph Bakasu       ,99.843794,7.215947,99.843794,4,medium_research_only,SAME_ROLE_ONLY;RESEARCH_ONLY;SAMPLE_TOO_SMALL_LOCAL_11_MATCHES_NOT_PRODUCTION_READY,True,False
MID,144434,Ismail Moutaraji,460266,Youness Dahmani,74.537929,19.880192,74.537929,4,medium_research_only,SAME_ROLE_ONLY;RESEARCH_ONLY;SAMPLE_TOO_SMALL_LOCAL_11_MATCHES_NOT_PRODUCTION_READY,True,False
MID,144434,Ismail Moutaraji,477679,Redouane Oubidar,94.183583,10.85855,94.183583,4,medium_research_only,SAME_ROLE_ONLY;RESEARCH_ONLY;SAMPLE_TOO_SMALL_LOCAL_11_MATCHES_NOT_PRODUCTION_READY,True,False
MID,144434,Ismail Moutaraji,477680,Hamza Saoud,98.486886,5.459969,98.486886,4,medium_research_only,SAME_ROLE_ONLY;RESEARCH_ONLY;SAMPLE_TOO_SMALL_LOCAL_11_MATCHES_NOT_PRODUCTION_READY,True,False
MID,144434,Ismail Moutaraji,477682,Ayoub Benaadi,93.384993,12.042661,93.384993,4,medium_research_only,SAME_ROLE_ONLY;RESEARCH_ONLY;SAMPLE_TOO_SMALL_LOCAL_11_MATCHES_NOT_PRODUCTION_READY,True,False
MID,144434,Ismail Moutaraji,477688,Ayoub El Khaffi,99.890259,2.591133,99.890259,4,medium_research_only,SAME_ROLE_ONLY;RESEARCH_ONLY;SAMPLE_TOO_SMALL_LOCAL_11_MATCHES_NOT_PRODUCTION_READY,True,False
MID,144434,Ismail Moutaraji,523298,Mohamed Ahayaoui,98.207401,6.44817,98.207401,4,medium_research_only,SAME_ROLE_ONLY;RESEARCH_ONLY;SAMPLE_TOO_SMALL_LOCAL_11_MATCHES_NOT_PRODUCTION_READY,True,False
MID,144434,Ismail Moutaraji,523308,Adil Khalloufi,97.893641,7.30719,97.893641,4,medium_research_only,SAME_ROLE_ONLY;RESEARCH_ONLY;SAMPLE_TOO_SMALL_LOCAL_11_MATCHES_NOT_PRODUCTION_READY,True,False
MID,144434,Ismail Moutaraji,523312,Brahim Mansouri,86.781475,15.140315,86.781475,4,medium_research_only,SAME_ROLE_ONLY;RESEARCH_ONLY;SAMPLE_TOO_SMALL_LOCAL_11_MATCHES_NOT_PRODUCTION_READY,True,False
MID,144434,Ismail Moutaraji,523319,Omar Ouddah,96.629747,8.169741,96.629747,4,medium_research_only,SAME_ROLE_ONLY;RESEARCH_ONLY;SAMPLE_TOO_SMALL_LOCAL_11_MATCHES_NOT_PRODUCTION_READY,True,False
MID,144434,Ismail Moutaraji,523973,Hamza Rafa,99.817926,5.96587,99.817926,4,medium_research_only,SAME_ROLE_ONLY;RESEARCH_ONLY;SAMPLE_TOO_SMALL_LOCAL_11_MATCHES_NOT_PRODUCTION_READY,True,False
MID,144434,Ismail Moutaraji,523996,Fred Duval Ngoma,99.878492,5.827192,99.878492,4,medium_research_only,SAME_ROLE_ONLY;RESEARCH_ONLY;SAMPLE_TOO_SMALL_LOCAL_11_MATCHES_NOT_PRODUCTION_READY,True,False
MID,144434,Ismail Moutaraji,523997,Karim L'Koucha,99.239205,12.586381,99.239205,4,medium_research_only,SAME_ROLE_ONLY;RESEARCH_ONLY;SAMPLE_TOO_SMALL_LOCAL_11_MATCHES_NOT_PRODUCTION_READY,True,False
MID,144434,Ismail Moutaraji,523999,Zakaria Kessary,98.86448,6.305069,98.86448,4,medium_research_only,SAME_ROLE_ONLY;RESEARCH_ONLY;SAMPLE_TOO_SMALL_LOCAL_11_MATCHES_NOT_PRODUCTION_READY,True,False
MID,144434,Ismail Moutaraji,524000,Ahmed Aboulfath,88.873219,15.217377,88.873219,4,medium_research_only,SAME_ROLE_ONLY;RESEARCH_ONLY;SAMPLE_TOO_SMALL_LOCAL_11_MATCHES_NOT_PRODUCTION_READY,True,False
MID,144434,Ismail Moutaraji,524002,Salim Ghazzani,86.807371,16.721815,86.807371,4,medium_research_only,SAME_ROLE_ONLY;RESEARCH_ONLY;SAMPLE_TOO_SMALL_LOCAL_11_MATCHES_NOT_PRODUCTION_READY,True,False
MID,144434,Ismail Moutaraji,524003,Mohammed Es-Sahel,96.660267,10.559136,96.660267,4,medium_research_only,SAME_ROLE_ONLY;RESEARCH_ONLY;SAMPLE_TOO_SMALL_LOCAL_11_MATCHES_NOT_PRODUCTION_READY,True,False
MID,144434,Ismail Moutaraji,524511,Saad Nassik,99.72503,8.090841,99.72503,4,medium_research_only,SAME_ROLE_ONLY;RESEARCH_ONLY;SAMPLE_TOO_SMALL_LOCAL_11_MATCHES_NOT_PRODUCTION_READY,True,False
MID,144436,Anas Serrhat,149135,Moses Orkuma,98.364735,5.550016,98.364735,4,medium_research_only,SAME_ROLE_ONLY;RESEARCH_ONLY;SAMPLE_TOO_SMALL_LOCAL_11_MATCHES_NOT_PRODUCTION_READY,True,False
MID,144436,Anas Serrhat,151743,Mohamed Al Makahasi,99.345881,4.791436,99.345881,4,medium_research_only,SAME_ROLE_ONLY;RESEARCH_ONLY;SAMPLE_TOO_SMALL_LOCAL_11_MATCHES_NOT_PRODUCTION_READY,True,False
MID,144436,Anas Serrhat,154668,Mamadou Lamine Camara,99.966735,2.605421,99.966735,4,medium_research_only,SAME_ROLE_ONLY;RESEARCH_ONLY;SAMPLE_TOO_SMALL_LOCAL_11_MATCHES_NOT_PRODUCTION_READY,True,False
MID,144436,Anas Serrhat,161352,Salaheddine Errahouli,95.701688,8.764348,95.701688,4,medium_research_only,SAME_ROLE_ONLY;RESEARCH_ONLY;SAMPLE_TOO_SMALL_LOCAL_11_MATCHES_NOT_PRODUCTION_READY,True,False
MID,144436,Anas Serrhat,183765,Mohammed Amine Essahel,97.99472,6.496168,97.99472,4,medium_research_only,SAME_ROLE_ONLY;RESEARCH_ONLY;SAMPLE_TOO_SMALL_LOCAL_11_MATCHES_NOT_PRODUCTION_READY,True,False
MID,144436,Anas Serrhat,194809,Oussama Zemraoui,98.096937,5.449032,98.096937,4,medium_research_only,SAME_ROLE_ONLY;RESEARCH_ONLY;SAMPLE_TOO_SMALL_LOCAL_11_MATCHES_NOT_PRODUCTION_READY,True,False
MID,144436,Anas Serrhat,194912,Faouzi Abd El Mouttalib,99.02257,6.447353,99.02257,4,medium_research_only,SAME_ROLE_ONLY;RESEARCH_ONLY;SAMPLE_TOO_SMALL_LOCAL_11_MATCHES_NOT_PRODUCTION_READY,True,False
MID,144436,Anas Serrhat,195016,Mouad Mouchtanim,99.530828,3.32141,99.530828,4,medium_research_only,SAME_ROLE_ONLY;RESEARCH_ONLY;SAMPLE_TOO_SMALL_LOCAL_11_MATCHES_NOT_PRODUCTION_READY,True,False
MID,144436,Anas Serrhat,199611,Youssef Mehri,96.753104,7.424308,96.753104,4,medium_research_only,SAME_ROLE_ONLY;RESEARCH_ONLY;SAMPLE_TOO_SMALL_LOCAL_11_MATCHES_NOT_PRODUCTION_READY,True,False
MID,144436,Anas Serrhat,203027,Walid Rhailouf,99.2116,3.656403,99.2116,4,medium_research_only,SAME_ROLE_ONLY;RESEARCH_ONLY;SAMPLE_TOO_SMALL_LOCAL_11_MATCHES_NOT_PRODUCTION_READY,True,False
MID,144436,Anas Serrhat,225437,Stephane Aziz Ki,98.015927,11.544739,98.015927,4,medium_research_only,SAME_ROLE_ONLY;RESEARCH_ONLY;SAMPLE_TOO_SMALL_LOCAL_11_MATCHES_NOT_PRODUCTION_READY,True,False
MID,144436,Anas Serrhat,261620,Nadir Lougmani,97.878766,10.315795,97.878766,4,medium_research_only,SAME_ROLE_ONLY;RESEARCH_ONLY;SAMPLE_TOO_SMALL_LOCAL_11_MATCHES_NOT_PRODUCTION_READY,True,False
MID,144436,Anas Serrhat,275341,Yazid Faffa,99.439867,7.892133,99.439867,4,medium_research_only,SAME_ROLE_ONLY;RESEARCH_ONLY;SAMPLE_TOO_SMALL_LOCAL_11_MATCHES_NOT_PRODUCTION_READY,True,False
MID,144436,Anas Serrhat,312935,Amine Azri,98.869761,5.079071,98.869761,4,medium_research_only,SAME_ROLE_ONLY;RESEARCH_ONLY;SAMPLE_TOO_SMALL_LOCAL_11_MATCHES_NOT_PRODUCTION_READY,True,False
MID,144436,Anas Serrhat,313277,Mohamed Chemlal,89.770661,24.752008,89.770661,4,medium_research_only,SAME_ROLE_ONLY;RESEARCH_ONLY;SAMPLE_TOO_SMALL_LOCAL_11_MATCHES_NOT_PRODUCTION_READY,True,False
MID,144436,Anas Serrhat,313284,Achraf Harmach,98.629952,7.062742,98.629952,4,medium_research_only,SAME_ROLE_ONLY;RESEARCH_ONLY;SAMPLE_TOO_SMALL_LOCAL_11_MATCHES_NOT_PRODUCTION_READY,True,False
MID,144436,Anas Serrhat,314460,Ayoub Bouaadli,99.529874,4.22512,99.529874,4,medium_research_only,SAME_ROLE_ONLY;RESEARCH_ONLY;SAMPLE_TOO_SMALL_LOCAL_11_MATCHES_NOT_PRODUCTION_READY,True,False
MID,144436,Anas Serrhat,323979,Zakaria Fatihi,96.334221,7.540284,96.334221,4,medium_research_only,SAME_ROLE_ONLY;RESEARCH_ONLY;SAMPLE_TOO_SMALL_LOCAL_11_MATCHES_NOT_PRODUCTION_READY,True,False
MID,144436,Anas Serrhat,360838,Zakaria Ami,87.907419,14.541884,87.907419,4,medium_research_only,SAME_ROLE_ONLY;RESEARCH_ONLY;SAMPLE_TOO_SMALL_LOCAL_11_MATCHES_NOT_PRODUCTION_READY,True,False
MID,144436,Anas Serrhat,380600,Mouad Goulouss,99.592818,11.406612,99.592818,4,medium_research_only,SAME_ROLE_ONLY;RESEARCH_ONLY;SAMPLE_TOO_SMALL_LOCAL_11_MATCHES_NOT_PRODUCTION_READY,True,False
MID,144436,Anas Serrhat,381935,Ismail Mihrab,98.03187,9.593897,98.03187,4,medium_research_only,SAME_ROLE_ONLY;RESEARCH_ONLY;SAMPLE_TOO_SMALL_LOCAL_11_MATCHES_NOT_PRODUCTION_READY,True,False
MID,144436,Anas Serrhat,396748,Youssef Laghzal,94.877321,13.257271,94.877321,4,medium_research_only,SAME_ROLE_ONLY;RESEARCH_ONLY;SAMPLE_TOO_SMALL_LOCAL_11_MATCHES_NOT_PRODUCTION_READY,True,False
MID,144436,Anas Serrhat,405645,Othmane Chraibi,97.681823,7.082605,97.681823,4,medium_research_only,SAME_ROLE_ONLY;RESEARCH_ONLY;SAMPLE_TOO_SMALL_LOCAL_11_MATCHES_NOT_PRODUCTION_READY,True,False
MID,144436,Anas Serrhat,406269,Danilson Gomes Tavares,98.785099,9.302375,98.785099,4,medium_research_only,SAME_ROLE_ONLY;RESEARCH_ONLY;SAMPLE_TOO_SMALL_LOCAL_11_MATCHES_NOT_PRODUCTION_READY,True,False
MID,144436,Anas Serrhat,407207,Ennaama El Bellali,98.944677,4.62048,98.944677,4,medium_research_only,SAME_ROLE_ONLY;RESEARCH_ONLY;SAMPLE_TOO_SMALL_LOCAL_11_MATCHES_NOT_PRODUCTION_READY,True,False
MID,144436,Anas Serrhat,407506,Oussama Nourdine,97.05725,6.82097,97.05725,4,medium_research_only,SAME_ROLE_ONLY;RESEARCH_ONLY;SAMPLE_TOO_SMALL_LOCAL_11_MATCHES_NOT_PRODUCTION_READY,True,False
MID,144436,Anas Serrhat,407852,Abdessamad Mahir,97.990051,6.666436,97.990051,4,medium_research_only,SAME_ROLE_ONLY;RESEARCH_ONLY;SAMPLE_TOO_SMALL_LOCAL_11_MATCHES_NOT_PRODUCTION_READY,True,False
MID,144436,Anas Serrhat,415853,Claude Gnolou,98.778596,4.919343,98.778596,4,medium_research_only,SAME_ROLE_ONLY;RESEARCH_ONLY;SAMPLE_TOO_SMALL_LOCAL_11_MATCHES_NOT_PRODUCTION_READY,True,False
MID,144436,Anas Serrhat,416303,El Mahdi Akoumi,99.158875,9.868899,99.158875,4,medium_research_only,SAME_ROLE_ONLY;RESEARCH_ONLY;SAMPLE_TOO_SMALL_LOCAL_11_MATCHES_NOT_PRODUCTION_READY,True,False
MID,144436,Anas Serrhat,424979,Soufiane Tazi,99.460203,3.112255,99.460203,4,medium_research_only,SAME_ROLE_ONLY;RESEARCH_ONLY;SAMPLE_TOO_SMALL_LOCAL_11_MATCHES_NOT_PRODUCTION_READY,True,False
MID,144436,Anas Serrhat,442288,Adnane Berdad,99.424858,6.56642,99.424858,4,medium_research_only,SAME_ROLE_ONLY;RESEARCH_ONLY;SAMPLE_TOO_SMALL_LOCAL_11_MATCHES_NOT_PRODUCTION_READY,True,False
MID,144436,Anas Serrhat,442292,Abdellatif El Bajjani,98.919273,4.588186,98.919273,4,medium_research_only,SAME_ROLE_ONLY;RESEARCH_ONLY;SAMPLE_TOO_SMALL_LOCAL_11_MATCHES_NOT_PRODUCTION_READY,True,False
MID,144436,Anas Serrhat,443951,Youness Akharraz,96.782387,10.074581,96.782387,4,medium_research_only,SAME_ROLE_ONLY;RESEARCH_ONLY;SAMPLE_TOO_SMALL_LOCAL_11_MATCHES_NOT_PRODUCTION_READY,True,False
MID,144436,Anas Serrhat,445163,Ayoub Maamouri,94.419921,13.330117,94.419921,4,medium_research_only,SAME_ROLE_ONLY;RESEARCH_ONLY;SAMPLE_TOO_SMALL_LOCAL_11_MATCHES_NOT_PRODUCTION_READY,True,False
MID,144436,Anas Serrhat,446355,Ishak Zidani,98.729785,5.732104,98.729785,4,medium_research_only,SAME_ROLE_ONLY;RESEARCH_ONLY;SAMPLE_TOO_SMALL_LOCAL_11_MATCHES_NOT_PRODUCTION_READY,True,False
MID,144436,Anas Serrhat,449373,Marouane Oujeddou,98.314887,8.477749,98.314887,4,medium_research_only,SAME_ROLE_ONLY;RESEARCH_ONLY;SAMPLE_TOO_SMALL_LOCAL_11_MATCHES_NOT_PRODUCTION_READY,True,False
MID,144436,Anas Serrhat,449471,Ayman Tarrazi,97.916044,8.938089,97.916044,4,medium_research_only,SAME_ROLE_ONLY;RESEARCH_ONLY;SAMPLE_TOO_SMALL_LOCAL_11_MATCHES_NOT_PRODUCTION_READY,True,False
MID,144436,Anas Serrhat,450709,Joseph Bakasu       ,97.335788,7.104133,97.335788,4,medium_research_only,SAME_ROLE_ONLY;RESEARCH_ONLY;SAMPLE_TOO_SMALL_LOCAL_11_MATCHES_NOT_PRODUCTION_READY,True,False
MID,144436,Anas Serrhat,460266,Youness Dahmani,83.021966,15.918834,83.021966,4,medium_research_only,SAME_ROLE_ONLY;RESEARCH_ONLY;SAMPLE_TOO_SMALL_LOCAL_11_MATCHES_NOT_PRODUCTION_READY,True,False
MID,144436,Anas Serrhat,477679,Redouane Oubidar,96.266841,7.542131,96.266841,4,medium_research_only,SAME_ROLE_ONLY;RESEARCH_ONLY;SAMPLE_TOO_SMALL_LOCAL_11_MATCHES_NOT_PRODUCTION_READY,True,False
MID,144436,Anas Serrhat,477680,Hamza Saoud,97.735347,6.702818,97.735347,4,medium_research_only,SAME_ROLE_ONLY;RESEARCH_ONLY;SAMPLE_TOO_SMALL_LOCAL_11_MATCHES_NOT_PRODUCTION_READY,True,False
MID,144436,Anas Serrhat,477682,Ayoub Benaadi,97.762957,7.047421,97.762957,4,medium_research_only,SAME_ROLE_ONLY;RESEARCH_ONLY;SAMPLE_TOO_SMALL_LOCAL_11_MATCHES_NOT_PRODUCTION_READY,True,False
MID,144436,Anas Serrhat,477688,Ayoub El Khaffi,98.013821,7.82333,98.013821,4,medium_research_only,SAME_ROLE_ONLY;RESEARCH_ONLY;SAMPLE_TOO_SMALL_LOCAL_11_MATCHES_NOT_PRODUCTION_READY,True,False
MID,144436,Anas Serrhat,523298,Mohamed Ahayaoui,99.342293,3.182718,99.342293,4,medium_research_only,SAME_ROLE_ONLY;RESEARCH_ONLY;SAMPLE_TOO_SMALL_LOCAL_11_MATCHES_NOT_PRODUCTION_READY,True,False
MID,144436,Anas Serrhat,523308,Adil Khalloufi,98.415095,5.006772,98.415095,4,medium_research_only,SAME_ROLE_ONLY;RESEARCH_ONLY;SAMPLE_TOO_SMALL_LOCAL_11_MATCHES_NOT_PRODUCTION_READY,True,False
MID,144436,Anas Serrhat,523312,Brahim Mansouri,93.269735,9.904456,93.269735,4,medium_research_only,SAME_ROLE_ONLY;RESEARCH_ONLY;SAMPLE_TOO_SMALL_LOCAL_11_MATCHES_NOT_PRODUCTION_READY,True,False
MID,144436,Anas Serrhat,523319,Omar Ouddah,96.984727,6.774095,96.984727,4,medium_research_only,SAME_ROLE_ONLY;RESEARCH_ONLY;SAMPLE_TOO_SMALL_LOCAL_11_MATCHES_NOT_PRODUCTION_READY,True,False
MID,144436,Anas Serrhat,523973,Hamza Rafa,97.191932,6.736228,97.191932,4,medium_research_only,SAME_ROLE_ONLY;RESEARCH_ONLY;SAMPLE_TOO_SMALL_LOCAL_11_MATCHES_NOT_PRODUCTION_READY,True,False
MID,144436,Anas Serrhat,523996,Fred Duval Ngoma,97.419305,6.493965,97.419305,4,medium_research_only,SAME_ROLE_ONLY;RESEARCH_ONLY;SAMPLE_TOO_SMALL_LOCAL_11_MATCHES_NOT_PRODUCTION_READY,True,False
MID,144436,Anas Serrhat,523997,Karim L'Koucha,98.783665,10.053245,98.783665,4,medium_research_only,SAME_ROLE_ONLY;RESEARCH_ONLY;SAMPLE_TOO_SMALL_LOCAL_11_MATCHES_NOT_PRODUCTION_READY,True,False
MID,144436,Anas Serrhat,523999,Zakaria Kessary,98.97077,4.235545,98.97077,4,medium_research_only,SAME_ROLE_ONLY;RESEARCH_ONLY;SAMPLE_TOO_SMALL_LOCAL_11_MATCHES_NOT_PRODUCTION_READY,True,False
MID,144436,Anas Serrhat,524000,Ahmed Aboulfath,92.552524,11.511093,92.552524,4,medium_research_only,SAME_ROLE_ONLY;RESEARCH_ONLY;SAMPLE_TOO_SMALL_LOCAL_11_MATCHES_NOT_PRODUCTION_READY,True,False
MID,144436,Anas Serrhat,524002,Salim Ghazzani,94.118916,11.178578,94.118916,4,medium_research_only,SAME_ROLE_ONLY;RESEARCH_ONLY;SAMPLE_TOO_SMALL_LOCAL_11_MATCHES_NOT_PRODUCTION_READY,True,False
MID,144436,Anas Serrhat,524003,Mohammed Es-Sahel,97.057377,7.979185,97.057377,4,medium_research_only,SAME_ROLE_ONLY;RESEARCH_ONLY;SAMPLE_TOO_SMALL_LOCAL_11_MATCHES_NOT_PRODUCTION_READY,True,False
MID,144436,Anas Serrhat,524511,Saad Nassik,98.377042,6.677969,98.377042,4,medium_research_only,SAME_ROLE_ONLY;RESEARCH_ONLY;SAMPLE_TOO_SMALL_LOCAL_11_MATCHES_NOT_PRODUCTION_READY,True,False
MID,149135,Moses Orkuma,151743,Mohamed Al Makahasi,98.025829,4.576147,98.025829,4,medium_research_only,SAME_ROLE_ONLY;RESEARCH_ONLY;SAMPLE_TOO_SMALL_LOCAL_11_MATCHES_NOT_PRODUCTION_READY,True,False
MID,149135,Moses Orkuma,154668,Mamadou Lamine Camara,98.222404,4.505593,98.222404,4,medium_research_only,SAME_ROLE_ONLY;RESEARCH_ONLY;SAMPLE_TOO_SMALL_LOCAL_11_MATCHES_NOT_PRODUCTION_READY,True,False
MID,149135,Moses Orkuma,161352,Salaheddine Errahouli,89.745238,10.037693,89.745238,4,medium_research_only,SAME_ROLE_ONLY;RESEARCH_ONLY;SAMPLE_TOO_SMALL_LOCAL_11_MATCHES_NOT_PRODUCTION_READY,True,False
MID,149135,Moses Orkuma,183765,Mohammed Amine Essahel,97.910875,4.725633,97.910875,4,medium_research_only,SAME_ROLE_ONLY;RESEARCH_ONLY;SAMPLE_TOO_SMALL_LOCAL_11_MATCHES_NOT_PRODUCTION_READY,True,False
MID,149135,Moses Orkuma,194809,Oussama Zemraoui,94.068017,8.433542,94.068017,4,medium_research_only,SAME_ROLE_ONLY;RESEARCH_ONLY;SAMPLE_TOO_SMALL_LOCAL_11_MATCHES_NOT_PRODUCTION_READY,True,False
MID,149135,Moses Orkuma,194912,Faouzi Abd El Mouttalib,98.627721,4.307965,98.627721,4,medium_research_only,SAME_ROLE_ONLY;RESEARCH_ONLY;SAMPLE_TOO_SMALL_LOCAL_11_MATCHES_NOT_PRODUCTION_READY,True,False
MID,149135,Moses Orkuma,195016,Mouad Mouchtanim,98.749764,3.90669,98.749764,4,medium_research_only,SAME_ROLE_ONLY;RESEARCH_ONLY;SAMPLE_TOO_SMALL_LOCAL_11_MATCHES_NOT_PRODUCTION_READY,True,False
MID,149135,Moses Orkuma,199611,Youssef Mehri,91.982891,9.119401,91.982891,4,medium_research_only,SAME_ROLE_ONLY;RESEARCH_ONLY;SAMPLE_TOO_SMALL_LOCAL_11_MATCHES_NOT_PRODUCTION_READY,True,False
MID,149135,Moses Orkuma,203027,Walid Rhailouf,97.472727,5.721326,97.472727,4,medium_research_only,SAME_ROLE_ONLY;RESEARCH_ONLY;SAMPLE_TOO_SMALL_LOCAL_11_MATCHES_NOT_PRODUCTION_READY,True,False
MID,149135,Moses Orkuma,225437,Stephane Aziz Ki,93.91921,9.783962,93.91921,4,medium_research_only,SAME_ROLE_ONLY;RESEARCH_ONLY;SAMPLE_TOO_SMALL_LOCAL_11_MATCHES_NOT_PRODUCTION_READY,True,False
MID,149135,Moses Orkuma,261620,Nadir Lougmani,97.645114,7.476854,97.645114,4,medium_research_only,SAME_ROLE_ONLY;RESEARCH_ONLY;SAMPLE_TOO_SMALL_LOCAL_11_MATCHES_NOT_PRODUCTION_READY,True,False
MID,149135,Moses Orkuma,275341,Yazid Faffa,98.396024,5.681875,98.396024,4,medium_research_only,SAME_ROLE_ONLY;RESEARCH_ONLY;SAMPLE_TOO_SMALL_LOCAL_11_MATCHES_NOT_PRODUCTION_READY,True,False
MID,149135,Moses Orkuma,312935,Amine Azri,98.461024,4.055712,98.461024,4,medium_research_only,SAME_ROLE_ONLY;RESEARCH_ONLY;SAMPLE_TOO_SMALL_LOCAL_11_MATCHES_NOT_PRODUCTION_READY,True,False
MID,149135,Moses Orkuma,313277,Mohamed Chemlal,81.601489,29.763181,81.601489,4,medium_research_only,SAME_ROLE_ONLY;RESEARCH_ONLY;SAMPLE_TOO_SMALL_LOCAL_11_MATCHES_NOT_PRODUCTION_READY,True,False
MID,149135,Moses Orkuma,313284,Achraf Harmach,99.502981,3.518835,99.502981,4,medium_research_only,SAME_ROLE_ONLY;RESEARCH_ONLY;SAMPLE_TOO_SMALL_LOCAL_11_MATCHES_NOT_PRODUCTION_READY,True,False
MID,149135,Moses Orkuma,314460,Ayoub Bouaadli,98.809797,3.567219,98.809797,4,medium_research_only,SAME_ROLE_ONLY;RESEARCH_ONLY;SAMPLE_TOO_SMALL_LOCAL_11_MATCHES_NOT_PRODUCTION_READY,True,False
MID,149135,Moses Orkuma,323979,Zakaria Fatihi,94.710932,8.950744,94.710932,4,medium_research_only,SAME_ROLE_ONLY;RESEARCH_ONLY;SAMPLE_TOO_SMALL_LOCAL_11_MATCHES_NOT_PRODUCTION_READY,True,False
MID,149135,Moses Orkuma,360838,Zakaria Ami,84.045741,12.497246,84.045741,4,medium_research_only,SAME_ROLE_ONLY;RESEARCH_ONLY;SAMPLE_TOO_SMALL_LOCAL_11_MATCHES_NOT_PRODUCTION_READY,True,False
MID,149135,Moses Orkuma,380600,Mouad Goulouss,98.298191,8.715994,98.298191,4,medium_research_only,SAME_ROLE_ONLY;RESEARCH_ONLY;SAMPLE_TOO_SMALL_LOCAL_11_MATCHES_NOT_PRODUCTION_READY,True,False
MID,149135,Moses Orkuma,381935,Ismail Mihrab,97.772938,6.839867,97.772938,4,medium_research_only,SAME_ROLE_ONLY;RESEARCH_ONLY;SAMPLE_TOO_SMALL_LOCAL_11_MATCHES_NOT_PRODUCTION_READY,True,False
MID,149135,Moses Orkuma,396748,Youssef Laghzal,97.099937,9.713575,97.099937,4,medium_research_only,SAME_ROLE_ONLY;RESEARCH_ONLY;SAMPLE_TOO_SMALL_LOCAL_11_MATCHES_NOT_PRODUCTION_READY,True,False
MID,149135,Moses Orkuma,405645,Othmane Chraibi,98.299495,7.943803,98.299495,4,medium_research_only,SAME_ROLE_ONLY;RESEARCH_ONLY;SAMPLE_TOO_SMALL_LOCAL_11_MATCHES_NOT_PRODUCTION_READY,True,False
MID,149135,Moses Orkuma,406269,Danilson Gomes Tavares,98.242526,6.631315,98.242526,4,medium_research_only,SAME_ROLE_ONLY;RESEARCH_ONLY;SAMPLE_TOO_SMALL_LOCAL_11_MATCHES_NOT_PRODUCTION_READY,True,False
MID,149135,Moses Orkuma,407207,Ennaama El Bellali,99.286855,2.838406,99.286855,4,medium_research_only,SAME_ROLE_ONLY;RESEARCH_ONLY;SAMPLE_TOO_SMALL_LOCAL_11_MATCHES_NOT_PRODUCTION_READY,True,False
MID,149135,Moses Orkuma,407506,Oussama Nourdine,99.263494,2.864695,99.263494,4,medium_research_only,SAME_ROLE_ONLY;RESEARCH_ONLY;SAMPLE_TOO_SMALL_LOCAL_11_MATCHES_NOT_PRODUCTION_READY,True,False
MID,149135,Moses Orkuma,407852,Abdessamad Mahir,98.72176,3.833155,98.72176,4,medium_research_only,SAME_ROLE_ONLY;RESEARCH_ONLY;SAMPLE_TOO_SMALL_LOCAL_11_MATCHES_NOT_PRODUCTION_READY,True,False
MID,149135,Moses Orkuma,415853,Claude Gnolou,99.696939,1.841969,99.696939,4,medium_research_only,SAME_ROLE_ONLY;RESEARCH_ONLY;SAMPLE_TOO_SMALL_LOCAL_11_MATCHES_NOT_PRODUCTION_READY,True,False
MID,149135,Moses Orkuma,416303,El Mahdi Akoumi,99.159516,6.824481,99.159516,4,medium_research_only,SAME_ROLE_ONLY;RESEARCH_ONLY;SAMPLE_TOO_SMALL_LOCAL_11_MATCHES_NOT_PRODUCTION_READY,True,False
MID,149135,Moses Orkuma,424979,Soufiane Tazi,98.263577,4.860578,98.263577,4,medium_research_only,SAME_ROLE_ONLY;RESEARCH_ONLY;SAMPLE_TOO_SMALL_LOCAL_11_MATCHES_NOT_PRODUCTION_READY,True,False
MID,149135,Moses Orkuma,442288,Adnane Berdad,99.697842,3.385591,99.697842,4,medium_research_only,SAME_ROLE_ONLY;RESEARCH_ONLY;SAMPLE_TOO_SMALL_LOCAL_11_MATCHES_NOT_PRODUCTION_READY,True,False
MID,149135,Moses Orkuma,442292,Abdellatif El Bajjani,98.262177,4.438605,98.262177,4,medium_research_only,SAME_ROLE_ONLY;RESEARCH_ONLY;SAMPLE_TOO_SMALL_LOCAL_11_MATCHES_NOT_PRODUCTION_READY,True,False
MID,149135,Moses Orkuma,443951,Youness Akharraz,98.448827,6.413156,98.448827,4,medium_research_only,SAME_ROLE_ONLY;RESEARCH_ONLY;SAMPLE_TOO_SMALL_LOCAL_11_MATCHES_NOT_PRODUCTION_READY,True,False
MID,149135,Moses Orkuma,445163,Ayoub Maamouri,89.388706,11.487878,89.388706,4,medium_research_only,SAME_ROLE_ONLY;RESEARCH_ONLY;SAMPLE_TOO_SMALL_LOCAL_11_MATCHES_NOT_PRODUCTION_READY,True,False
MID,149135,Moses Orkuma,446355,Ishak Zidani,98.16587,4.437604,98.16587,4,medium_research_only,SAME_ROLE_ONLY;RESEARCH_ONLY;SAMPLE_TOO_SMALL_LOCAL_11_MATCHES_NOT_PRODUCTION_READY,True,False
MID,149135,Moses Orkuma,449373,Marouane Oujeddou,94.13479,8.099957,94.13479,4,medium_research_only,SAME_ROLE_ONLY;RESEARCH_ONLY;SAMPLE_TOO_SMALL_LOCAL_11_MATCHES_NOT_PRODUCTION_READY,True,False
MID,149135,Moses Orkuma,449471,Ayman Tarrazi,99.607139,4.981825,99.607139,4,medium_research_only,SAME_ROLE_ONLY;RESEARCH_ONLY;SAMPLE_TOO_SMALL_LOCAL_11_MATCHES_NOT_PRODUCTION_READY,True,False
MID,149135,Moses Orkuma,450709,Joseph Bakasu       ,98.988127,3.40349,98.988127,4,medium_research_only,SAME_ROLE_ONLY;RESEARCH_ONLY;SAMPLE_TOO_SMALL_LOCAL_11_MATCHES_NOT_PRODUCTION_READY,True,False
MID,149135,Moses Orkuma,460266,Youness Dahmani,80.771557,13.380614,80.771557,4,medium_research_only,SAME_ROLE_ONLY;RESEARCH_ONLY;SAMPLE_TOO_SMALL_LOCAL_11_MATCHES_NOT_PRODUCTION_READY,True,False
MID,149135,Moses Orkuma,477679,Redouane Oubidar,97.535458,5.219885,97.535458,4,medium_research_only,SAME_ROLE_ONLY;RESEARCH_ONLY;SAMPLE_TOO_SMALL_LOCAL_11_MATCHES_NOT_PRODUCTION_READY,True,False
MID,149135,Moses Orkuma,477680,Hamza Saoud,97.312783,8.353453,97.312783,4,medium_research_only,SAME_ROLE_ONLY;RESEARCH_ONLY;SAMPLE_TOO_SMALL_LOCAL_11_MATCHES_NOT_PRODUCTION_READY,True,False
MID,149135,Moses Orkuma,477682,Ayoub Benaadi,92.64238,8.611016,92.64238,4,medium_research_only,SAME_ROLE_ONLY;RESEARCH_ONLY;SAMPLE_TOO_SMALL_LOCAL_11_MATCHES_NOT_PRODUCTION_READY,True,False
MID,149135,Moses Orkuma,477688,Ayoub El Khaffi,99.601415,8.341058,99.601415,4,medium_research_only,SAME_ROLE_ONLY;RESEARCH_ONLY;SAMPLE_TOO_SMALL_LOCAL_11_MATCHES_NOT_PRODUCTION_READY,True,False
MID,149135,Moses Orkuma,523298,Mohamed Ahayaoui,99.484846,3.571308,99.484846,4,medium_research_only,SAME_ROLE_ONLY;RESEARCH_ONLY;SAMPLE_TOO_SMALL_LOCAL_11_MATCHES_NOT_PRODUCTION_READY,True,False
MID,149135,Moses Orkuma,523308,Adil Khalloufi,99.339089,3.126471,99.339089,4,medium_research_only,SAME_ROLE_ONLY;RESEARCH_ONLY;SAMPLE_TOO_SMALL_LOCAL_11_MATCHES_NOT_PRODUCTION_READY,True,False
MID,149135,Moses Orkuma,523312,Brahim Mansouri,87.175643,11.483897,87.175643,4,medium_research_only,SAME_ROLE_ONLY;RESEARCH_ONLY;SAMPLE_TOO_SMALL_LOCAL_11_MATCHES_NOT_PRODUCTION_READY,True,False
MID,149135,Moses Orkuma,523319,Omar Ouddah,99.096363,4.527875,99.096363,4,medium_research_only,SAME_ROLE_ONLY;RESEARCH_ONLY;SAMPLE_TOO_SMALL_LOCAL_11_MATCHES_NOT_PRODUCTION_READY,True,False
MID,149135,Moses Orkuma,523973,Hamza Rafa,98.551746,3.976234,98.551746,4,medium_research_only,SAME_ROLE_ONLY;RESEARCH_ONLY;SAMPLE_TOO_SMALL_LOCAL_11_MATCHES_NOT_PRODUCTION_READY,True,False
MID,149135,Moses Orkuma,523996,Fred Duval Ngoma,98.975316,3.355202,98.975316,4,medium_research_only,SAME_ROLE_ONLY;RESEARCH_ONLY;SAMPLE_TOO_SMALL_LOCAL_11_MATCHES_NOT_PRODUCTION_READY,True,False
MID,149135,Moses Orkuma,523997,Karim L'Koucha,99.968427,6.46092,99.968427,4,medium_research_only,SAME_ROLE_ONLY;RESEARCH_ONLY;SAMPLE_TOO_SMALL_LOCAL_11_MATCHES_NOT_PRODUCTION_READY,True,False
MID,149135,Moses Orkuma,523999,Zakaria Kessary,97.366739,5.653889,97.366739,4,medium_research_only,SAME_ROLE_ONLY;RESEARCH_ONLY;SAMPLE_TOO_SMALL_LOCAL_11_MATCHES_NOT_PRODUCTION_READY,True,False
MID,149135,Moses Orkuma,524000,Ahmed Aboulfath,89.823975,10.076928,89.823975,4,medium_research_only,SAME_ROLE_ONLY;RESEARCH_ONLY;SAMPLE_TOO_SMALL_LOCAL_11_MATCHES_NOT_PRODUCTION_READY,True,False
MID,149135,Moses Orkuma,524002,Salim Ghazzani,87.415045,15.706166,87.415045,4,medium_research_only,SAME_ROLE_ONLY;RESEARCH_ONLY;SAMPLE_TOO_SMALL_LOCAL_11_MATCHES_NOT_PRODUCTION_READY,True,False
MID,149135,Moses Orkuma,524003,Mohammed Es-Sahel,99.124888,3.773857,99.124888,4,medium_research_only,SAME_ROLE_ONLY;RESEARCH_ONLY;SAMPLE_TOO_SMALL_LOCAL_11_MATCHES_NOT_PRODUCTION_READY,True,False
MID,149135,Moses Orkuma,524511,Saad Nassik,99.75207,2.520944,99.75207,4,medium_research_only,SAME_ROLE_ONLY;RESEARCH_ONLY;SAMPLE_TOO_SMALL_LOCAL_11_MATCHES_NOT_PRODUCTION_READY,True,False
MID,151743,Mohamed Al Makahasi,154668,Mamadou Lamine Camara,99.523582,2.628222,99.523582,4,medium_research_only,SAME_ROLE_ONLY;RESEARCH_ONLY;SAMPLE_TOO_SMALL_LOCAL_11_MATCHES_NOT_PRODUCTION_READY,True,False
MID,151743,Mohamed Al Makahasi,161352,Salaheddine Errahouli,95.737051,6.348768,95.737051,4,medium_research_only,SAME_ROLE_ONLY;RESEARCH_ONLY;SAMPLE_TOO_SMALL_LOCAL_11_MATCHES_NOT_PRODUCTION_READY,True,False
MID,151743,Mohamed Al Makahasi,183765,Mohammed Amine Essahel,95.625828,6.497406,95.625828,4,medium_research_only,SAME_ROLE_ONLY;RESEARCH_ONLY;SAMPLE_TOO_SMALL_LOCAL_11_MATCHES_NOT_PRODUCTION_READY,True,False
MID,151743,Mohamed Al Makahasi,194809,Oussama Zemraoui,98.771467,4.242517,98.771467,4,medium_research_only,SAME_ROLE_ONLY;RESEARCH_ONLY;SAMPLE_TOO_SMALL_LOCAL_11_MATCHES_NOT_PRODUCTION_READY,True,False
MID,151743,Mohamed Al Makahasi,194912,Faouzi Abd El Mouttalib,98.753261,3.719978,98.753261,4,medium_research_only,SAME_ROLE_ONLY;RESEARCH_ONLY;SAMPLE_TOO_SMALL_LOCAL_11_MATCHES_NOT_PRODUCTION_READY,True,False
MID,151743,Mohamed Al Makahasi,195016,Mouad Mouchtanim,99.231704,3.365381,99.231704,4,medium_research_only,SAME_ROLE_ONLY;RESEARCH_ONLY;SAMPLE_TOO_SMALL_LOCAL_11_MATCHES_NOT_PRODUCTION_READY,True,False
MID,151743,Mohamed Al Makahasi,199611,Youssef Mehri,97.733579,4.720842,97.733579,4,medium_research_only,SAME_ROLE_ONLY;RESEARCH_ONLY;SAMPLE_TOO_SMALL_LOCAL_11_MATCHES_NOT_PRODUCTION_READY,True,False
MID,151743,Mohamed Al Makahasi,203027,Walid Rhailouf,99.770153,2.872498,99.770153,4,medium_research_only,SAME_ROLE_ONLY;RESEARCH_ONLY;SAMPLE_TOO_SMALL_LOCAL_11_MATCHES_NOT_PRODUCTION_READY,True,False
MID,151743,Mohamed Al Makahasi,225437,Stephane Aziz Ki,98.530499,7.628192,98.530499,4,medium_research_only,SAME_ROLE_ONLY;RESEARCH_ONLY;SAMPLE_TOO_SMALL_LOCAL_11_MATCHES_NOT_PRODUCTION_READY,True,False
MID,151743,Mohamed Al Makahasi,261620,Nadir Lougmani,98.977992,6.157237,98.977992,4,medium_research_only,SAME_ROLE_ONLY;RESEARCH_ONLY;SAMPLE_TOO_SMALL_LOCAL_11_MATCHES_NOT_PRODUCTION_READY,True,False
MID,151743,Mohamed Al Makahasi,275341,Yazid Faffa,98.109476,5.280059,98.109476,4,medium_research_only,SAME_ROLE_ONLY;RESEARCH_ONLY;SAMPLE_TOO_SMALL_LOCAL_11_MATCHES_NOT_PRODUCTION_READY,True,False
MID,151743,Mohamed Al Makahasi,312935,Amine Azri,97.073535,5.47438,97.073535,4,medium_research_only,SAME_ROLE_ONLY;RESEARCH_ONLY;SAMPLE_TOO_SMALL_LOCAL_11_MATCHES_NOT_PRODUCTION_READY,True,False
MID,151743,Mohamed Al Makahasi,313277,Mohamed Chemlal,90.42367,26.272558,90.42367,4,medium_research_only,SAME_ROLE_ONLY;RESEARCH_ONLY;SAMPLE_TOO_SMALL_LOCAL_11_MATCHES_NOT_PRODUCTION_READY,True,False
MID,151743,Mohamed Al Makahasi,313284,Achraf Harmach,99.021408,3.562339,99.021408,4,medium_research_only,SAME_ROLE_ONLY;RESEARCH_ONLY;SAMPLE_TOO_SMALL_LOCAL_11_MATCHES_NOT_PRODUCTION_READY,True,False
MID,151743,Mohamed Al Makahasi,314460,Ayoub Bouaadli,99.514556,2.254375,99.514556,4,medium_research_only,SAME_ROLE_ONLY;RESEARCH_ONLY;SAMPLE_TOO_SMALL_LOCAL_11_MATCHES_NOT_PRODUCTION_READY,True,False
MID,151743,Mohamed Al Makahasi,323979,Zakaria Fatihi,92.869732,10.267477,92.869732,4,medium_research_only,SAME_ROLE_ONLY;RESEARCH_ONLY;SAMPLE_TOO_SMALL_LOCAL_11_MATCHES_NOT_PRODUCTION_READY,True,False
MID,151743,Mohamed Al Makahasi,360838,Zakaria Ami,84.030606,11.849352,84.030606,4,medium_research_only,SAME_ROLE_ONLY;RESEARCH_ONLY;SAMPLE_TOO_SMALL_LOCAL_11_MATCHES_NOT_PRODUCTION_READY,True,False
MID,151743,Mohamed Al Makahasi,380600,Mouad Goulouss,97.993961,8.099947,97.993961,4,medium_research_only,SAME_ROLE_ONLY;RESEARCH_ONLY;SAMPLE_TOO_SMALL_LOCAL_11_MATCHES_NOT_PRODUCTION_READY,True,False
MID,151743,Mohamed Al Makahasi,381935,Ismail Mihrab,95.851904,7.17997,95.851904,4,medium_research_only,SAME_ROLE_ONLY;RESEARCH_ONLY;SAMPLE_TOO_SMALL_LOCAL_11_MATCHES_NOT_PRODUCTION_READY,True,False
MID,151743,Mohamed Al Makahasi,396748,Youssef Laghzal,92.576235,10.116327,92.576235,4,medium_research_only,SAME_ROLE_ONLY;RESEARCH_ONLY;SAMPLE_TOO_SMALL_LOCAL_11_MATCHES_NOT_PRODUCTION_READY,True,False
MID,151743,Mohamed Al Makahasi,405645,Othmane Chraibi,98.031664,8.68371,98.031664,4,medium_research_only,SAME_ROLE_ONLY;RESEARCH_ONLY;SAMPLE_TOO_SMALL_LOCAL_11_MATCHES_NOT_PRODUCTION_READY,True,False
MID,151743,Mohamed Al Makahasi,406269,Danilson Gomes Tavares,96.753277,6.768163,96.753277,4,medium_research_only,SAME_ROLE_ONLY;RESEARCH_ONLY;SAMPLE_TOO_SMALL_LOCAL_11_MATCHES_NOT_PRODUCTION_READY,True,False
MID,151743,Mohamed Al Makahasi,407207,Ennaama El Bellali,99.228766,3.073654,99.228766,4,medium_research_only,SAME_ROLE_ONLY;RESEARCH_ONLY;SAMPLE_TOO_SMALL_LOCAL_11_MATCHES_NOT_PRODUCTION_READY,True,False
MID,151743,Mohamed Al Makahasi,407506,Oussama Nourdine,95.760081,6.76016,95.760081,4,medium_research_only,SAME_ROLE_ONLY;RESEARCH_ONLY;SAMPLE_TOO_SMALL_LOCAL_11_MATCHES_NOT_PRODUCTION_READY,True,False
MID,151743,Mohamed Al Makahasi,407852,Abdessamad Mahir,96.49113,5.793581,96.49113,4,medium_research_only,SAME_ROLE_ONLY;RESEARCH_ONLY;SAMPLE_TOO_SMALL_LOCAL_11_MATCHES_NOT_PRODUCTION_READY,True,False
MID,151743,Mohamed Al Makahasi,415853,Claude Gnolou,97.690708,5.020871,97.690708,4,medium_research_only,SAME_ROLE_ONLY;RESEARCH_ONLY;SAMPLE_TOO_SMALL_LOCAL_11_MATCHES_NOT_PRODUCTION_READY,True,False
MID,151743,Mohamed Al Makahasi,416303,El Mahdi Akoumi,99.687488,5.837266,99.687488,4,medium_research_only,SAME_ROLE_ONLY;RESEARCH_ONLY;SAMPLE_TOO_SMALL_LOCAL_11_MATCHES_NOT_PRODUCTION_READY,True,False
MID,151743,Mohamed Al Makahasi,424979,Soufiane Tazi,99.832622,2.805042,99.832622,4,medium_research_only,SAME_ROLE_ONLY;RESEARCH_ONLY;SAMPLE_TOO_SMALL_LOCAL_11_MATCHES_NOT_PRODUCTION_READY,True,False
MID,151743,Mohamed Al Makahasi,442288,Adnane Berdad,98.989535,3.675116,98.989535,4,medium_research_only,SAME_ROLE_ONLY;RESEARCH_ONLY;SAMPLE_TOO_SMALL_LOCAL_11_MATCHES_NOT_PRODUCTION_READY,True,False
MID,151743,Mohamed Al Makahasi,442292,Abdellatif El Bajjani,98.307916,4.436363,98.307916,4,medium_research_only,SAME_ROLE_ONLY;RESEARCH_ONLY;SAMPLE_TOO_SMALL_LOCAL_11_MATCHES_NOT_PRODUCTION_READY,True,False
MID,151743,Mohamed Al Makahasi,443951,Youness Akharraz,97.863771,6.092507,97.863771,4,medium_research_only,SAME_ROLE_ONLY;RESEARCH_ONLY;SAMPLE_TOO_SMALL_LOCAL_11_MATCHES_NOT_PRODUCTION_READY,True,False
MID,151743,Mohamed Al Makahasi,445163,Ayoub Maamouri,94.734319,9.574982,94.734319,4,medium_research_only,SAME_ROLE_ONLY;RESEARCH_ONLY;SAMPLE_TOO_SMALL_LOCAL_11_MATCHES_NOT_PRODUCTION_READY,True,False
MID,151743,Mohamed Al Makahasi,446355,Ishak Zidani,99.588035,2.021872,99.588035,4,medium_research_only,SAME_ROLE_ONLY;RESEARCH_ONLY;SAMPLE_TOO_SMALL_LOCAL_11_MATCHES_NOT_PRODUCTION_READY,True,False
MID,151743,Mohamed Al Makahasi,449373,Marouane Oujeddou,98.538946,4.916644,98.538946,4,medium_research_only,SAME_ROLE_ONLY;RESEARCH_ONLY;SAMPLE_TOO_SMALL_LOCAL_11_MATCHES_NOT_PRODUCTION_READY,True,False
MID,151743,Mohamed Al Makahasi,449471,Ayman Tarrazi,96.640092,6.347074,96.640092,4,medium_research_only,SAME_ROLE_ONLY;RESEARCH_ONLY;SAMPLE_TOO_SMALL_LOCAL_11_MATCHES_NOT_PRODUCTION_READY,True,False
MID,151743,Mohamed Al Makahasi,450709,Joseph Bakasu       ,98.084972,4.307355,98.084972,4,medium_research_only,SAME_ROLE_ONLY;RESEARCH_ONLY;SAMPLE_TOO_SMALL_LOCAL_11_MATCHES_NOT_PRODUCTION_READY,True,False
MID,151743,Mohamed Al Makahasi,460266,Youness Dahmani,78.558712,13.073449,78.558712,4,medium_research_only,SAME_ROLE_ONLY;RESEARCH_ONLY;SAMPLE_TOO_SMALL_LOCAL_11_MATCHES_NOT_PRODUCTION_READY,True,False
MID,151743,Mohamed Al Makahasi,477679,Redouane Oubidar,94.348222,7.782207,94.348222,4,medium_research_only,SAME_ROLE_ONLY;RESEARCH_ONLY;SAMPLE_TOO_SMALL_LOCAL_11_MATCHES_NOT_PRODUCTION_READY,True,False
MID,151743,Mohamed Al Makahasi,477680,Hamza Saoud,99.375781,6.948188,99.375781,4,medium_research_only,SAME_ROLE_ONLY;RESEARCH_ONLY;SAMPLE_TOO_SMALL_LOCAL_11_MATCHES_NOT_PRODUCTION_READY,True,False
MID,151743,Mohamed Al Makahasi,477682,Ayoub Benaadi,97.555653,4.857892,97.555653,4,medium_research_only,SAME_ROLE_ONLY;RESEARCH_ONLY;SAMPLE_TOO_SMALL_LOCAL_11_MATCHES_NOT_PRODUCTION_READY,True,False
MID,151743,Mohamed Al Makahasi,477688,Ayoub El Khaffi,98.20209,10.150052,98.20209,4,medium_research_only,SAME_ROLE_ONLY;RESEARCH_ONLY;SAMPLE_TOO_SMALL_LOCAL_11_MATCHES_NOT_PRODUCTION_READY,True,False
MID,151743,Mohamed Al Makahasi,523298,Mohamed Ahayaoui,98.782591,5.00948,98.782591,4,medium_research_only,SAME_ROLE_ONLY;RESEARCH_ONLY;SAMPLE_TOO_SMALL_LOCAL_11_MATCHES_NOT_PRODUCTION_READY,True,False
MID,151743,Mohamed Al Makahasi,523308,Adil Khalloufi,96.811353,6.35862,96.811353,4,medium_research_only,SAME_ROLE_ONLY;RESEARCH_ONLY;SAMPLE_TOO_SMALL_LOCAL_11_MATCHES_NOT_PRODUCTION_READY,True,False
MID,151743,Mohamed Al Makahasi,523312,Brahim Mansouri,94.27905,7.47427,94.27905,4,medium_research_only,SAME_ROLE_ONLY;RESEARCH_ONLY;SAMPLE_TOO_SMALL_LOCAL_11_MATCHES_NOT_PRODUCTION_READY,True,False
MID,151743,Mohamed Al Makahasi,523319,Omar Ouddah,95.807948,8.0686,95.807948,4,medium_research_only,SAME_ROLE_ONLY;RESEARCH_ONLY;SAMPLE_TOO_SMALL_LOCAL_11_MATCHES_NOT_PRODUCTION_READY,True,False
MID,151743,Mohamed Al Makahasi,523973,Hamza Rafa,98.020901,4.623017,98.020901,4,medium_research_only,SAME_ROLE_ONLY;RESEARCH_ONLY;SAMPLE_TOO_SMALL_LOCAL_11_MATCHES_NOT_PRODUCTION_READY,True,False
MID,151743,Mohamed Al Makahasi,523996,Fred Duval Ngoma,98.116479,4.535718,98.116479,4,medium_research_only,SAME_ROLE_ONLY;RESEARCH_ONLY;SAMPLE_TOO_SMALL_LOCAL_11_MATCHES_NOT_PRODUCTION_READY,True,False
MID,151743,Mohamed Al Makahasi,523997,Karim L'Koucha,98.4163,6.519616,98.4163,4,medium_research_only,SAME_ROLE_ONLY;RESEARCH_ONLY;SAMPLE_TOO_SMALL_LOCAL_11_MATCHES_NOT_PRODUCTION_READY,True,False
MID,151743,Mohamed Al Makahasi,523999,Zakaria Kessary,99.017256,3.82282,99.017256,4,medium_research_only,SAME_ROLE_ONLY;RESEARCH_ONLY;SAMPLE_TOO_SMALL_LOCAL_11_MATCHES_NOT_PRODUCTION_READY,True,False
MID,151743,Mohamed Al Makahasi,524000,Ahmed Aboulfath,87.856634,10.268784,87.856634,4,medium_research_only,SAME_ROLE_ONLY;RESEARCH_ONLY;SAMPLE_TOO_SMALL_LOCAL_11_MATCHES_NOT_PRODUCTION_READY,True,False
MID,151743,Mohamed Al Makahasi,524002,Salim Ghazzani,91.359189,13.803713,91.359189,4,medium_research_only,SAME_ROLE_ONLY;RESEARCH_ONLY;SAMPLE_TOO_SMALL_LOCAL_11_MATCHES_NOT_PRODUCTION_READY,True,False
MID,151743,Mohamed Al Makahasi,524003,Mohammed Es-Sahel,95.978949,6.190241,95.978949,4,medium_research_only,SAME_ROLE_ONLY;RESEARCH_ONLY;SAMPLE_TOO_SMALL_LOCAL_11_MATCHES_NOT_PRODUCTION_READY,True,False
MID,151743,Mohamed Al Makahasi,524511,Saad Nassik,98.633491,3.740349,98.633491,4,medium_research_only,SAME_ROLE_ONLY;RESEARCH_ONLY;SAMPLE_TOO_SMALL_LOCAL_11_MATCHES_NOT_PRODUCTION_READY,True,False
MID,154668,Mamadou Lamine Camara,161352,Salaheddine Errahouli,96.175058,6.727012,96.175058,4,medium_research_only,SAME_ROLE_ONLY;RESEARCH_ONLY;SAMPLE_TOO_SMALL_LOCAL_11_MATCHES_NOT_PRODUCTION_READY,True,False
MID,154668,Mamadou Lamine Camara,183765,Mohammed Amine Essahel,97.694767,5.206163,97.694767,4,medium_research_only,SAME_ROLE_ONLY;RESEARCH_ONLY;SAMPLE_TOO_SMALL_LOCAL_11_MATCHES_NOT_PRODUCTION_READY,True,False
MID,154668,Mamadou Lamine Camara,194809,Oussama Zemraoui,98.438318,4.410948,98.438318,4,medium_research_only,SAME_ROLE_ONLY;RESEARCH_ONLY;SAMPLE_TOO_SMALL_LOCAL_11_MATCHES_NOT_PRODUCTION_READY,True,False
MID,154668,Mamadou Lamine Camara,194912,Faouzi Abd El Mouttalib,98.806848,4.540422,98.806848,4,medium_research_only,SAME_ROLE_ONLY;RESEARCH_ONLY;SAMPLE_TOO_SMALL_LOCAL_11_MATCHES_NOT_PRODUCTION_READY,True,False
MID,154668,Mamadou Lamine Camara,195016,Mouad Mouchtanim,99.643222,2.090623,99.643222,4,medium_research_only,SAME_ROLE_ONLY;RESEARCH_ONLY;SAMPLE_TOO_SMALL_LOCAL_11_MATCHES_NOT_PRODUCTION_READY,True,False
MID,154668,Mamadou Lamine Camara,199611,Youssef Mehri,97.233073,5.611382,97.233073,4,medium_research_only,SAME_ROLE_ONLY;RESEARCH_ONLY;SAMPLE_TOO_SMALL_LOCAL_11_MATCHES_NOT_PRODUCTION_READY,True,False
MID,154668,Mamadou Lamine Camara,203027,Walid Rhailouf,99.294586,3.124422,99.294586,4,medium_research_only,SAME_ROLE_ONLY;RESEARCH_ONLY;SAMPLE_TOO_SMALL_LOCAL_11_MATCHES_NOT_PRODUCTION_READY,True,False
MID,154668,Mamadou Lamine Camara,225437,Stephane Aziz Ki,98.410384,8.967938,98.410384,4,medium_research_only,SAME_ROLE_ONLY;RESEARCH_ONLY;SAMPLE_TOO_SMALL_LOCAL_11_MATCHES_NOT_PRODUCTION_READY,True,False
MID,154668,Mamadou Lamine Camara,261620,Nadir Lougmani,97.882507,7.929616,97.882507,4,medium_research_only,SAME_ROLE_ONLY;RESEARCH_ONLY;SAMPLE_TOO_SMALL_LOCAL_11_MATCHES_NOT_PRODUCTION_READY,True,False
MID,154668,Mamadou Lamine Camara,275341,Yazid Faffa,99.379685,5.514203,99.379685,4,medium_research_only,SAME_ROLE_ONLY;RESEARCH_ONLY;SAMPLE_TOO_SMALL_LOCAL_11_MATCHES_NOT_PRODUCTION_READY,True,False
MID,154668,Mamadou Lamine Camara,312935,Amine Azri,98.691888,3.897432,98.691888,4,medium_research_only,SAME_ROLE_ONLY;RESEARCH_ONLY;SAMPLE_TOO_SMALL_LOCAL_11_MATCHES_NOT_PRODUCTION_READY,True,False
MID,154668,Mamadou Lamine Camara,313277,Mohamed Chemlal,90.459637,25.540787,90.459637,4,medium_research_only,SAME_ROLE_ONLY;RESEARCH_ONLY;SAMPLE_TOO_SMALL_LOCAL_11_MATCHES_NOT_PRODUCTION_READY,True,False
MID,154668,Mamadou Lamine Camara,313284,Achraf Harmach,98.565195,5.003104,98.565195,4,medium_research_only,SAME_ROLE_ONLY;RESEARCH_ONLY;SAMPLE_TOO_SMALL_LOCAL_11_MATCHES_NOT_PRODUCTION_READY,True,False
MID,154668,Mamadou Lamine Camara,314460,Ayoub Bouaadli,99.456953,2.615406,99.456953,4,medium_research_only,SAME_ROLE_ONLY;RESEARCH_ONLY;SAMPLE_TOO_SMALL_LOCAL_11_MATCHES_NOT_PRODUCTION_READY,True,False
MID,154668,Mamadou Lamine Camara,323979,Zakaria Fatihi,95.683899,8.113194,95.683899,4,medium_research_only,SAME_ROLE_ONLY;RESEARCH_ONLY;SAMPLE_TOO_SMALL_LOCAL_11_MATCHES_NOT_PRODUCTION_READY,True,False
MID,154668,Mamadou Lamine Camara,360838,Zakaria Ami,87.955428,12.206497,87.955428,4,medium_research_only,SAME_ROLE_ONLY;RESEARCH_ONLY;SAMPLE_TOO_SMALL_LOCAL_11_MATCHES_NOT_PRODUCTION_READY,True,False
MID,154668,Mamadou Lamine Camara,380600,Mouad Goulouss,99.354899,8.976767,99.354899,4,medium_research_only,SAME_ROLE_ONLY;RESEARCH_ONLY;SAMPLE_TOO_SMALL_LOCAL_11_MATCHES_NOT_PRODUCTION_READY,True,False
MID,154668,Mamadou Lamine Camara,381935,Ismail Mihrab,97.831659,7.349234,97.831659,4,medium_research_only,SAME_ROLE_ONLY;RESEARCH_ONLY;SAMPLE_TOO_SMALL_LOCAL_11_MATCHES_NOT_PRODUCTION_READY,True,False
MID,154668,Mamadou Lamine Camara,396748,Youssef Laghzal,94.596909,10.902217,94.596909,4,medium_research_only,SAME_ROLE_ONLY;RESEARCH_ONLY;SAMPLE_TOO_SMALL_LOCAL_11_MATCHES_NOT_PRODUCTION_READY,True,False
MID,154668,Mamadou Lamine Camara,405645,Othmane Chraibi,97.458187,8.362232,97.458187,4,medium_research_only,SAME_ROLE_ONLY;RESEARCH_ONLY;SAMPLE_TOO_SMALL_LOCAL_11_MATCHES_NOT_PRODUCTION_READY,True,False
MID,154668,Mamadou Lamine Camara,406269,Danilson Gomes Tavares,98.545844,7.02406,98.545844,4,medium_research_only,SAME_ROLE_ONLY;RESEARCH_ONLY;SAMPLE_TOO_SMALL_LOCAL_11_MATCHES_NOT_PRODUCTION_READY,True,False
MID,154668,Mamadou Lamine Camara,407207,Ennaama El Bellali,98.866962,3.613303,98.866962,4,medium_research_only,SAME_ROLE_ONLY;RESEARCH_ONLY;SAMPLE_TOO_SMALL_LOCAL_11_MATCHES_NOT_PRODUCTION_READY,True,False
MID,154668,Mamadou Lamine Camara,407506,Oussama Nourdine,96.834156,6.020818,96.834156,4,medium_research_only,SAME_ROLE_ONLY;RESEARCH_ONLY;SAMPLE_TOO_SMALL_LOCAL_11_MATCHES_NOT_PRODUCTION_READY,True,False
MID,154668,Mamadou Lamine Camara,407852,Abdessamad Mahir,97.875466,5.091528,97.875466,4,medium_research_only,SAME_ROLE_ONLY;RESEARCH_ONLY;SAMPLE_TOO_SMALL_LOCAL_11_MATCHES_NOT_PRODUCTION_READY,True,False
MID,154668,Mamadou Lamine Camara,415853,Claude Gnolou,98.588344,4.024711,98.588344,4,medium_research_only,SAME_ROLE_ONLY;RESEARCH_ONLY;SAMPLE_TOO_SMALL_LOCAL_11_MATCHES_NOT_PRODUCTION_READY,True,False
MID,154668,Mamadou Lamine Camara,416303,El Mahdi Akoumi,99.21786,7.381466,99.21786,4,medium_research_only,SAME_ROLE_ONLY;RESEARCH_ONLY;SAMPLE_TOO_SMALL_LOCAL_11_MATCHES_NOT_PRODUCTION_READY,True,False
MID,154668,Mamadou Lamine Camara,424979,Soufiane Tazi,99.502684,2.712919,99.502684,4,medium_research_only,SAME_ROLE_ONLY;RESEARCH_ONLY;SAMPLE_TOO_SMALL_LOCAL_11_MATCHES_NOT_PRODUCTION_READY,True,False
MID,154668,Mamadou Lamine Camara,442288,Adnane Berdad,99.305641,4.37199,99.305641,4,medium_research_only,SAME_ROLE_ONLY;RESEARCH_ONLY;SAMPLE_TOO_SMALL_LOCAL_11_MATCHES_NOT_PRODUCTION_READY,True,False
MID,154668,Mamadou Lamine Camara,442292,Abdellatif El Bajjani,98.631025,3.982301,98.631025,4,medium_research_only,SAME_ROLE_ONLY;RESEARCH_ONLY;SAMPLE_TOO_SMALL_LOCAL_11_MATCHES_NOT_PRODUCTION_READY,True,False
MID,154668,Mamadou Lamine Camara,443951,Youness Akharraz,96.692388,7.852614,96.692388,4,medium_research_only,SAME_ROLE_ONLY;RESEARCH_ONLY;SAMPLE_TOO_SMALL_LOCAL_11_MATCHES_NOT_PRODUCTION_READY,True,False
MID,154668,Mamadou Lamine Camara,445163,Ayoub Maamouri,95.087951,10.758832,95.087951,4,medium_research_only,SAME_ROLE_ONLY;RESEARCH_ONLY;SAMPLE_TOO_SMALL_LOCAL_11_MATCHES_NOT_PRODUCTION_READY,True,False
MID,154668,Mamadou Lamine Camara,446355,Ishak Zidani,98.780286,3.948202,98.780286,4,medium_research_only,SAME_ROLE_ONLY;RESEARCH_ONLY;SAMPLE_TOO_SMALL_LOCAL_11_MATCHES_NOT_PRODUCTION_READY,True,False
MID,154668,Mamadou Lamine Camara,449373,Marouane Oujeddou,98.643033,5.982095,98.643033,4,medium_research_only,SAME_ROLE_ONLY;RESEARCH_ONLY;SAMPLE_TOO_SMALL_LOCAL_11_MATCHES_NOT_PRODUCTION_READY,True,False
MID,154668,Mamadou Lamine Camara,449471,Ayman Tarrazi,97.652002,6.829424,97.652002,4,medium_research_only,SAME_ROLE_ONLY;RESEARCH_ONLY;SAMPLE_TOO_SMALL_LOCAL_11_MATCHES_NOT_PRODUCTION_READY,True,False
MID,154668,Mamadou Lamine Camara,450709,Joseph Bakasu       ,97.217572,5.672726,97.217572,4,medium_research_only,SAME_ROLE_ONLY;RESEARCH_ONLY;SAMPLE_TOO_SMALL_LOCAL_11_MATCHES_NOT_PRODUCTION_READY,True,False
MID,154668,Mamadou Lamine Camara,460266,Youness Dahmani,82.979576,13.564363,82.979576,4,medium_research_only,SAME_ROLE_ONLY;RESEARCH_ONLY;SAMPLE_TOO_SMALL_LOCAL_11_MATCHES_NOT_PRODUCTION_READY,True,False
MID,154668,Mamadou Lamine Camara,477679,Redouane Oubidar,96.133546,6.652465,96.133546,4,medium_research_only,SAME_ROLE_ONLY;RESEARCH_ONLY;SAMPLE_TOO_SMALL_LOCAL_11_MATCHES_NOT_PRODUCTION_READY,True,False
MID,154668,Mamadou Lamine Camara,477680,Hamza Saoud,97.945819,7.440289,97.945819,4,medium_research_only,SAME_ROLE_ONLY;RESEARCH_ONLY;SAMPLE_TOO_SMALL_LOCAL_11_MATCHES_NOT_PRODUCTION_READY,True,False
MID,154668,Mamadou Lamine Camara,477682,Ayoub Benaadi,97.971013,5.094577,97.971013,4,medium_research_only,SAME_ROLE_ONLY;RESEARCH_ONLY;SAMPLE_TOO_SMALL_LOCAL_11_MATCHES_NOT_PRODUCTION_READY,True,False
MID,154668,Mamadou Lamine Camara,477688,Ayoub El Khaffi,97.846584,9.474016,97.846584,4,medium_research_only,SAME_ROLE_ONLY;RESEARCH_ONLY;SAMPLE_TOO_SMALL_LOCAL_11_MATCHES_NOT_PRODUCTION_READY,True,False
MID,154668,Mamadou Lamine Camara,523298,Mohamed Ahayaoui,99.328159,3.512902,99.328159,4,medium_research_only,SAME_ROLE_ONLY;RESEARCH_ONLY;SAMPLE_TOO_SMALL_LOCAL_11_MATCHES_NOT_PRODUCTION_READY,True,False
MID,154668,Mamadou Lamine Camara,523308,Adil Khalloufi,98.118505,4.855953,98.118505,4,medium_research_only,SAME_ROLE_ONLY;RESEARCH_ONLY;SAMPLE_TOO_SMALL_LOCAL_11_MATCHES_NOT_PRODUCTION_READY,True,False
MID,154668,Mamadou Lamine Camara,523312,Brahim Mansouri,94.000585,8.114956,94.000585,4,medium_research_only,SAME_ROLE_ONLY;RESEARCH_ONLY;SAMPLE_TOO_SMALL_LOCAL_11_MATCHES_NOT_PRODUCTION_READY,True,False
MID,154668,Mamadou Lamine Camara,523319,Omar Ouddah,96.836196,6.901675,96.836196,4,medium_research_only,SAME_ROLE_ONLY;RESEARCH_ONLY;SAMPLE_TOO_SMALL_LOCAL_11_MATCHES_NOT_PRODUCTION_READY,True,False
MID,154668,Mamadou Lamine Camara,523973,Hamza Rafa,97.0592,5.785249,97.0592,4,medium_research_only,SAME_ROLE_ONLY;RESEARCH_ONLY;SAMPLE_TOO_SMALL_LOCAL_11_MATCHES_NOT_PRODUCTION_READY,True,False
MID,154668,Mamadou Lamine Camara,523996,Fred Duval Ngoma,97.289897,5.560982,97.289897,4,medium_research_only,SAME_ROLE_ONLY;RESEARCH_ONLY;SAMPLE_TOO_SMALL_LOCAL_11_MATCHES_NOT_PRODUCTION_READY,True,False
MID,154668,Mamadou Lamine Camara,523997,Karim L'Koucha,98.657355,7.671254,98.657355,4,medium_research_only,SAME_ROLE_ONLY;RESEARCH_ONLY;SAMPLE_TOO_SMALL_LOCAL_11_MATCHES_NOT_PRODUCTION_READY,True,False
MID,154668,Mamadou Lamine Camara,523999,Zakaria Kessary,98.85533,3.756499,98.85533,4,medium_research_only,SAME_ROLE_ONLY;RESEARCH_ONLY;SAMPLE_TOO_SMALL_LOCAL_11_MATCHES_NOT_PRODUCTION_READY,True,False
MID,154668,Mamadou Lamine Camara,524000,Ahmed Aboulfath,91.757477,9.779389,91.757477,4,medium_research_only,SAME_ROLE_ONLY;RESEARCH_ONLY;SAMPLE_TOO_SMALL_LOCAL_11_MATCHES_NOT_PRODUCTION_READY,True,False
MID,154668,Mamadou Lamine Camara,524002,Salim Ghazzani,94.043148,11.784595,94.043148,4,medium_research_only,SAME_ROLE_ONLY;RESEARCH_ONLY;SAMPLE_TOO_SMALL_LOCAL_11_MATCHES_NOT_PRODUCTION_READY,True,False
MID,154668,Mamadou Lamine Camara,524003,Mohammed Es-Sahel,96.935041,6.225087,96.935041,4,medium_research_only,SAME_ROLE_ONLY;RESEARCH_ONLY;SAMPLE_TOO_SMALL_LOCAL_11_MATCHES_NOT_PRODUCTION_READY,True,False
MID,154668,Mamadou Lamine Camara,524511,Saad Nassik,98.285692,4.865139,98.285692,4,medium_research_only,SAME_ROLE_ONLY;RESEARCH_ONLY;SAMPLE_TOO_SMALL_LOCAL_11_MATCHES_NOT_PRODUCTION_READY,True,False
MID,161352,Salaheddine Errahouli,183765,Mohammed Amine Essahel,91.026219,8.895283,91.026219,4,medium_research_only,SAME_ROLE_ONLY;RESEARCH_ONLY;SAMPLE_TOO_SMALL_LOCAL_11_MATCHES_NOT_PRODUCTION_READY,True,False
MID,161352,Salaheddine Errahouli,194809,Oussama Zemraoui,98.78812,5.020555,98.78812,4,medium_research_only,SAME_ROLE_ONLY;RESEARCH_ONLY;SAMPLE_TOO_SMALL_LOCAL_11_MATCHES_NOT_PRODUCTION_READY,True,False
MID,161352,Salaheddine Errahouli,194912,Faouzi Abd El Mouttalib,92.043684,7.951029,92.043684,4,medium_research_only,SAME_ROLE_ONLY;RESEARCH_ONLY;SAMPLE_TOO_SMALL_LOCAL_11_MATCHES_NOT_PRODUCTION_READY,True,False
MID,161352,Salaheddine Errahouli,195016,Mouad Mouchtanim,95.215507,7.599641,95.215507,4,medium_research_only,SAME_ROLE_ONLY;RESEARCH_ONLY;SAMPLE_TOO_SMALL_LOCAL_11_MATCHES_NOT_PRODUCTION_READY,True,False
MID,161352,Salaheddine Errahouli,199611,Youssef Mehri,99.280309,2.928653,99.280309,4,medium_research_only,SAME_ROLE_ONLY;RESEARCH_ONLY;SAMPLE_TOO_SMALL_LOCAL_11_MATCHES_NOT_PRODUCTION_READY,True,False
MID,161352,Salaheddine Errahouli,203027,Walid Rhailouf,95.463113,7.860642,95.463113,4,medium_research_only,SAME_ROLE_ONLY;RESEARCH_ONLY;SAMPLE_TOO_SMALL_LOCAL_11_MATCHES_NOT_PRODUCTION_READY,True,False
MID,161352,Salaheddine Errahouli,225437,Stephane Aziz Ki,99.224292,5.882721,99.224292,4,medium_research_only,SAME_ROLE_ONLY;RESEARCH_ONLY;SAMPLE_TOO_SMALL_LOCAL_11_MATCHES_NOT_PRODUCTION_READY,True,False
MID,161352,Salaheddine Errahouli,261620,Nadir Lougmani,91.856626,7.948441,91.856626,4,medium_research_only,SAME_ROLE_ONLY;RESEARCH_ONLY;SAMPLE_TOO_SMALL_LOCAL_11_MATCHES_NOT_PRODUCTION_READY,True,False
MID,161352,Salaheddine Errahouli,275341,Yazid Faffa,94.627776,6.420516,94.627776,4,medium_research_only,SAME_ROLE_ONLY;RESEARCH_ONLY;SAMPLE_TOO_SMALL_LOCAL_11_MATCHES_NOT_PRODUCTION_READY,True,False
MID,161352,Salaheddine Errahouli,312935,Amine Azri,92.782604,8.379806,92.782604,4,medium_research_only,SAME_ROLE_ONLY;RESEARCH_ONLY;SAMPLE_TOO_SMALL_LOCAL_11_MATCHES_NOT_PRODUCTION_READY,True,False
MID,161352,Salaheddine Errahouli,313277,Mohamed Chemlal,98.521061,23.787389,98.521061,4,medium_research_only,SAME_ROLE_ONLY;RESEARCH_ONLY;SAMPLE_TOO_SMALL_LOCAL_11_MATCHES_NOT_PRODUCTION_READY,True,False
MID,161352,Salaheddine Errahouli,313284,Achraf Harmach,91.082237,8.317398,91.082237,4,medium_research_only,SAME_ROLE_ONLY;RESEARCH_ONLY;SAMPLE_TOO_SMALL_LOCAL_11_MATCHES_NOT_PRODUCTION_READY,True,False
MID,161352,Salaheddine Errahouli,314460,Ayoub Bouaadli,93.746113,7.804244,93.746113,4,medium_research_only,SAME_ROLE_ONLY;RESEARCH_ONLY;SAMPLE_TOO_SMALL_LOCAL_11_MATCHES_NOT_PRODUCTION_READY,True,False
MID,161352,Salaheddine Errahouli,323979,Zakaria Fatihi,89.269739,12.331754,89.269739,4,medium_research_only,SAME_ROLE_ONLY;RESEARCH_ONLY;SAMPLE_TOO_SMALL_LOCAL_11_MATCHES_NOT_PRODUCTION_READY,True,False
MID,161352,Salaheddine Errahouli,360838,Zakaria Ami,89.391845,9.330892,89.391845,4,medium_research_only,SAME_ROLE_ONLY;RESEARCH_ONLY;SAMPLE_TOO_SMALL_LOCAL_11_MATCHES_NOT_PRODUCTION_READY,True,False
MID,161352,Salaheddine Errahouli,380600,Mouad Goulouss,93.907976,7.955859,93.907976,4,medium_research_only,SAME_ROLE_ONLY;RESEARCH_ONLY;SAMPLE_TOO_SMALL_LOCAL_11_MATCHES_NOT_PRODUCTION_READY,True,False
MID,161352,Salaheddine Errahouli,381935,Ismail Mihrab,91.874651,7.803917,91.874651,4,medium_research_only,SAME_ROLE_ONLY;RESEARCH_ONLY;SAMPLE_TOO_SMALL_LOCAL_11_MATCHES_NOT_PRODUCTION_READY,True,False
MID,161352,Salaheddine Errahouli,396748,Youssef Laghzal,85.834346,10.232796,85.834346,4,medium_research_only,SAME_ROLE_ONLY;RESEARCH_ONLY;SAMPLE_TOO_SMALL_LOCAL_11_MATCHES_NOT_PRODUCTION_READY,True,False
MID,161352,Salaheddine Errahouli,405645,Othmane Chraibi,89.444741,14.358597,89.444741,4,medium_research_only,SAME_ROLE_ONLY;RESEARCH_ONLY;SAMPLE_TOO_SMALL_LOCAL_11_MATCHES_NOT_PRODUCTION_READY,True,False
MID,161352,Salaheddine Errahouli,406269,Danilson Gomes Tavares,92.52157,7.552409,92.52157,4,medium_research_only,SAME_ROLE_ONLY;RESEARCH_ONLY;SAMPLE_TOO_SMALL_LOCAL_11_MATCHES_NOT_PRODUCTION_READY,True,False
MID,161352,Salaheddine Errahouli,407207,Ennaama El Bellali,91.900677,9.18919,91.900677,4,medium_research_only,SAME_ROLE_ONLY;RESEARCH_ONLY;SAMPLE_TOO_SMALL_LOCAL_11_MATCHES_NOT_PRODUCTION_READY,True,False
MID,161352,Salaheddine Errahouli,407506,Oussama Nourdine,87.773304,11.07776,87.773304,4,medium_research_only,SAME_ROLE_ONLY;RESEARCH_ONLY;SAMPLE_TOO_SMALL_LOCAL_11_MATCHES_NOT_PRODUCTION_READY,True,False
MID,161352,Salaheddine Errahouli,407852,Abdessamad Mahir,91.066653,8.755432,91.066653,4,medium_research_only,SAME_ROLE_ONLY;RESEARCH_ONLY;SAMPLE_TOO_SMALL_LOCAL_11_MATCHES_NOT_PRODUCTION_READY,True,False
MID,161352,Salaheddine Errahouli,415853,Claude Gnolou,90.863885,9.63624,90.863885,4,medium_research_only,SAME_ROLE_ONLY;RESEARCH_ONLY;SAMPLE_TOO_SMALL_LOCAL_11_MATCHES_NOT_PRODUCTION_READY,True,False
MID,161352,Salaheddine Errahouli,416303,El Mahdi Akoumi,93.325355,7.41856,93.325355,4,medium_research_only,SAME_ROLE_ONLY;RESEARCH_ONLY;SAMPLE_TOO_SMALL_LOCAL_11_MATCHES_NOT_PRODUCTION_READY,True,False
MID,161352,Salaheddine Errahouli,424979,Soufiane Tazi,94.868055,8.282763,94.868055,4,medium_research_only,SAME_ROLE_ONLY;RESEARCH_ONLY;SAMPLE_TOO_SMALL_LOCAL_11_MATCHES_NOT_PRODUCTION_READY,True,False
MID,161352,Salaheddine Errahouli,442288,Adnane Berdad,92.38979,7.656465,92.38979,4,medium_research_only,SAME_ROLE_ONLY;RESEARCH_ONLY;SAMPLE_TOO_SMALL_LOCAL_11_MATCHES_NOT_PRODUCTION_READY,True,False
MID,161352,Salaheddine Errahouli,442292,Abdellatif El Bajjani,91.873036,9.280789,91.873036,4,medium_research_only,SAME_ROLE_ONLY;RESEARCH_ONLY;SAMPLE_TOO_SMALL_LOCAL_11_MATCHES_NOT_PRODUCTION_READY,True,False
MID,161352,Salaheddine Errahouli,443951,Youness Akharraz,88.134406,9.165818,88.134406,4,medium_research_only,SAME_ROLE_ONLY;RESEARCH_ONLY;SAMPLE_TOO_SMALL_LOCAL_11_MATCHES_NOT_PRODUCTION_READY,True,False
MID,161352,Salaheddine Errahouli,445163,Ayoub Maamouri,99.092689,6.919949,99.092689,4,medium_research_only,SAME_ROLE_ONLY;RESEARCH_ONLY;SAMPLE_TOO_SMALL_LOCAL_11_MATCHES_NOT_PRODUCTION_READY,True,False
MID,161352,Salaheddine Errahouli,446355,Ishak Zidani,93.390009,7.685153,93.390009,4,medium_research_only,SAME_ROLE_ONLY;RESEARCH_ONLY;SAMPLE_TOO_SMALL_LOCAL_11_MATCHES_NOT_PRODUCTION_READY,True,False
MID,161352,Salaheddine Errahouli,449373,Marouane Oujeddou,99.230646,3.098062,99.230646,4,medium_research_only,SAME_ROLE_ONLY;RESEARCH_ONLY;SAMPLE_TOO_SMALL_LOCAL_11_MATCHES_NOT_PRODUCTION_READY,True,False
MID,161352,Salaheddine Errahouli,449471,Ayman Tarrazi,88.806604,8.968874,88.806604,4,medium_research_only,SAME_ROLE_ONLY;RESEARCH_ONLY;SAMPLE_TOO_SMALL_LOCAL_11_MATCHES_NOT_PRODUCTION_READY,True,False
MID,161352,Salaheddine Errahouli,450709,Joseph Bakasu       ,88.568298,9.99721,88.568298,4,medium_research_only,SAME_ROLE_ONLY;RESEARCH_ONLY;SAMPLE_TOO_SMALL_LOCAL_11_MATCHES_NOT_PRODUCTION_READY,True,False
MID,161352,Salaheddine Errahouli,460266,Youness Dahmani,82.911848,10.962592,82.911848,4,medium_research_only,SAME_ROLE_ONLY;RESEARCH_ONLY;SAMPLE_TOO_SMALL_LOCAL_11_MATCHES_NOT_PRODUCTION_READY,True,False
MID,161352,Salaheddine Errahouli,477679,Redouane Oubidar,88.99052,10.544069,88.99052,4,medium_research_only,SAME_ROLE_ONLY;RESEARCH_ONLY;SAMPLE_TOO_SMALL_LOCAL_11_MATCHES_NOT_PRODUCTION_READY,True,False
MID,161352,Salaheddine Errahouli,477680,Hamza Saoud,93.169935,12.104915,93.169935,4,medium_research_only,SAME_ROLE_ONLY;RESEARCH_ONLY;SAMPLE_TOO_SMALL_LOCAL_11_MATCHES_NOT_PRODUCTION_READY,True,False
MID,161352,Salaheddine Errahouli,477682,Ayoub Benaadi,99.124904,2.743794,99.124904,4,medium_research_only,SAME_ROLE_ONLY;RESEARCH_ONLY;SAMPLE_TOO_SMALL_LOCAL_11_MATCHES_NOT_PRODUCTION_READY,True,False
MID,161352,Salaheddine Errahouli,477688,Ayoub El Khaffi,89.111998,15.970417,89.111998,4,medium_research_only,SAME_ROLE_ONLY;RESEARCH_ONLY;SAMPLE_TOO_SMALL_LOCAL_11_MATCHES_NOT_PRODUCTION_READY,True,False
MID,161352,Salaheddine Errahouli,523298,Mohamed Ahayaoui,93.242564,9.776065,93.242564,4,medium_research_only,SAME_ROLE_ONLY;RESEARCH_ONLY;SAMPLE_TOO_SMALL_LOCAL_11_MATCHES_NOT_PRODUCTION_READY,True,False
MID,161352,Salaheddine Errahouli,523308,Adil Khalloufi,89.999026,10.718442,89.999026,4,medium_research_only,SAME_ROLE_ONLY;RESEARCH_ONLY;SAMPLE_TOO_SMALL_LOCAL_11_MATCHES_NOT_PRODUCTION_READY,True,False
MID,161352,Salaheddine Errahouli,523312,Brahim Mansouri,99.4338,2.617668,99.4338,4,medium_research_only,SAME_ROLE_ONLY;RESEARCH_ONLY;SAMPLE_TOO_SMALL_LOCAL_11_MATCHES_NOT_PRODUCTION_READY,True,False
MID,161352,Salaheddine Errahouli,523319,Omar Ouddah,88.28731,12.520537,88.28731,4,medium_research_only,SAME_ROLE_ONLY;RESEARCH_ONLY;SAMPLE_TOO_SMALL_LOCAL_11_MATCHES_NOT_PRODUCTION_READY,True,False
MID,161352,Salaheddine Errahouli,523973,Hamza Rafa,88.635576,10.61036,88.635576,4,medium_research_only,SAME_ROLE_ONLY;RESEARCH_ONLY;SAMPLE_TOO_SMALL_LOCAL_11_MATCHES_NOT_PRODUCTION_READY,True,False
MID,161352,Salaheddine Errahouli,523996,Fred Duval Ngoma,88.691072,10.620604,88.691072,4,medium_research_only,SAME_ROLE_ONLY;RESEARCH_ONLY;SAMPLE_TOO_SMALL_LOCAL_11_MATCHES_NOT_PRODUCTION_READY,True,False
MID,161352,Salaheddine Errahouli,523997,Karim L'Koucha,90.736736,8.359823,90.736736,4,medium_research_only,SAME_ROLE_ONLY;RESEARCH_ONLY;SAMPLE_TOO_SMALL_LOCAL_11_MATCHES_NOT_PRODUCTION_READY,True,False
MID,161352,Salaheddine Errahouli,523999,Zakaria Kessary,93.919415,8.532017,93.919415,4,medium_research_only,SAME_ROLE_ONLY;RESEARCH_ONLY;SAMPLE_TOO_SMALL_LOCAL_11_MATCHES_NOT_PRODUCTION_READY,True,False
MID,161352,Salaheddine Errahouli,524000,Ahmed Aboulfath,86.65401,9.697102,86.65401,4,medium_research_only,SAME_ROLE_ONLY;RESEARCH_ONLY;SAMPLE_TOO_SMALL_LOCAL_11_MATCHES_NOT_PRODUCTION_READY,True,False
MID,161352,Salaheddine Errahouli,524002,Salim Ghazzani,96.707355,11.536343,96.707355,4,medium_research_only,SAME_ROLE_ONLY;RESEARCH_ONLY;SAMPLE_TOO_SMALL_LOCAL_11_MATCHES_NOT_PRODUCTION_READY,True,False
MID,161352,Salaheddine Errahouli,524003,Mohammed Es-Sahel,88.54427,9.520434,88.54427,4,medium_research_only,SAME_ROLE_ONLY;RESEARCH_ONLY;SAMPLE_TOO_SMALL_LOCAL_11_MATCHES_NOT_PRODUCTION_READY,True,False
MID,161352,Salaheddine Errahouli,524511,Saad Nassik,90.169039,8.9756,90.169039,4,medium_research_only,SAME_ROLE_ONLY;RESEARCH_ONLY;SAMPLE_TOO_SMALL_LOCAL_11_MATCHES_NOT_PRODUCTION_READY,True,False
MID,183765,Mohammed Amine Essahel,194809,Oussama Zemraoui,92.888622,9.136842,92.888622,4,medium_research_only,SAME_ROLE_ONLY;RESEARCH_ONLY;SAMPLE_TOO_SMALL_LOCAL_11_MATCHES_NOT_PRODUCTION_READY,True,False
MID,183765,Mohammed Amine Essahel,194912,Faouzi Abd El Mouttalib,96.403669,5.702353,96.403669,4,medium_research_only,SAME_ROLE_ONLY;RESEARCH_ONLY;SAMPLE_TOO_SMALL_LOCAL_11_MATCHES_NOT_PRODUCTION_READY,True,False
MID,183765,Mohammed Amine Essahel,195016,Mouad Mouchtanim,98.090098,4.981426,98.090098,4,medium_research_only,SAME_ROLE_ONLY;RESEARCH_ONLY;SAMPLE_TOO_SMALL_LOCAL_11_MATCHES_NOT_PRODUCTION_READY,True,False
MID,183765,Mohammed Amine Essahel,199611,Youssef Mehri,90.918595,9.334075,90.918595,4,medium_research_only,SAME_ROLE_ONLY;RESEARCH_ONLY;SAMPLE_TOO_SMALL_LOCAL_11_MATCHES_NOT_PRODUCTION_READY,True,False
MID,183765,Mohammed Amine Essahel,203027,Walid Rhailouf,94.950727,7.974689,94.950727,4,medium_research_only,SAME_ROLE_ONLY;RESEARCH_ONLY;SAMPLE_TOO_SMALL_LOCAL_11_MATCHES_NOT_PRODUCTION_READY,True,False
MID,183765,Mohammed Amine Essahel,225437,Stephane Aziz Ki,93.347655,8.933,93.347655,4,medium_research_only,SAME_ROLE_ONLY;RESEARCH_ONLY;SAMPLE_TOO_SMALL_LOCAL_11_MATCHES_NOT_PRODUCTION_READY,True,False
MID,183765,Mohammed Amine Essahel,261620,Nadir Lougmani,93.341139,8.2617,93.341139,4,medium_research_only,SAME_ROLE_ONLY;RESEARCH_ONLY;SAMPLE_TOO_SMALL_LOCAL_11_MATCHES_NOT_PRODUCTION_READY,True,False
MID,183765,Mohammed Amine Essahel,275341,Yazid Faffa,99.335607,3.961486,99.335607,4,medium_research_only,SAME_ROLE_ONLY;RESEARCH_ONLY;SAMPLE_TOO_SMALL_LOCAL_11_MATCHES_NOT_PRODUCTION_READY,True,False
MID,183765,Mohammed Amine Essahel,312935,Amine Azri,99.831081,1.561566,99.831081,4,medium_research_only,SAME_ROLE_ONLY;RESEARCH_ONLY;SAMPLE_TOO_SMALL_LOCAL_11_MATCHES_NOT_PRODUCTION_READY,True,False
MID,183765,Mohammed Amine Essahel,313277,Mohamed Chemlal,83.090386,29.485755,83.090386,4,medium_research_only,SAME_ROLE_ONLY;RESEARCH_ONLY;SAMPLE_TOO_SMALL_LOCAL_11_MATCHES_NOT_PRODUCTION_READY,True,False
MID,183765,Mohammed Amine Essahel,313284,Achraf Harmach,96.249516,5.839232,96.249516,4,medium_research_only,SAME_ROLE_ONLY;RESEARCH_ONLY;SAMPLE_TOO_SMALL_LOCAL_11_MATCHES_NOT_PRODUCTION_READY,True,False
MID,183765,Mohammed Amine Essahel,314460,Ayoub Bouaadli,96.686216,5.774798,96.686216,4,medium_research_only,SAME_ROLE_ONLY;RESEARCH_ONLY;SAMPLE_TOO_SMALL_LOCAL_11_MATCHES_NOT_PRODUCTION_READY,True,False
MID,183765,Mohammed Amine Essahel,323979,Zakaria Fatihi,98.0546,6.615496,98.0546,4,medium_research_only,SAME_ROLE_ONLY;RESEARCH_ONLY;SAMPLE_TOO_SMALL_LOCAL_11_MATCHES_NOT_PRODUCTION_READY,True,False
MID,183765,Mohammed Amine Essahel,360838,Zakaria Ami,92.1364,9.656577,92.1364,4,medium_research_only,SAME_ROLE_ONLY;RESEARCH_ONLY;SAMPLE_TOO_SMALL_LOCAL_11_MATCHES_NOT_PRODUCTION_READY,True,False
MID,183765,Mohammed Amine Essahel,380600,Mouad Goulouss,99.094568,7.345855,99.094568,4,medium_research_only,SAME_ROLE_ONLY;RESEARCH_ONLY;SAMPLE_TOO_SMALL_LOCAL_11_MATCHES_NOT_PRODUCTION_READY,True,False
MID,183765,Mohammed Amine Essahel,381935,Ismail Mihrab,99.90954,4.479539,99.90954,4,medium_research_only,SAME_ROLE_ONLY;RESEARCH_ONLY;SAMPLE_TOO_SMALL_LOCAL_11_MATCHES_NOT_PRODUCTION_READY,True,False
MID,183765,Mohammed Amine Essahel,396748,Youssef Laghzal,98.82608,8.144387,98.82608,4,medium_research_only,SAME_ROLE_ONLY;RESEARCH_ONLY;SAMPLE_TOO_SMALL_LOCAL_11_MATCHES_NOT_PRODUCTION_READY,True,False
MID,183765,Mohammed Amine Essahel,405645,Othmane Chraibi,94.522699,11.354394,94.522699,4,medium_research_only,SAME_ROLE_ONLY;RESEARCH_ONLY;SAMPLE_TOO_SMALL_LOCAL_11_MATCHES_NOT_PRODUCTION_READY,True,False
MID,183765,Mohammed Amine Essahel,406269,Danilson Gomes Tavares,99.897107,4.542944,99.897107,4,medium_research_only,SAME_ROLE_ONLY;RESEARCH_ONLY;SAMPLE_TOO_SMALL_LOCAL_11_MATCHES_NOT_PRODUCTION_READY,True,False
MID,183765,Mohammed Amine Essahel,407207,Ennaama El Bellali,96.301055,6.363454,96.301055,4,medium_research_only,SAME_ROLE_ONLY;RESEARCH_ONLY;SAMPLE_TOO_SMALL_LOCAL_11_MATCHES_NOT_PRODUCTION_READY,True,False
MID,183765,Mohammed Amine Essahel,407506,Oussama Nourdine,98.911217,3.640026,98.911217,4,medium_research_only,SAME_ROLE_ONLY;RESEARCH_ONLY;SAMPLE_TOO_SMALL_LOCAL_11_MATCHES_NOT_PRODUCTION_READY,True,False
MID,183765,Mohammed Amine Essahel,407852,Abdessamad Mahir,99.532031,2.094909,99.532031,4,medium_research_only,SAME_ROLE_ONLY;RESEARCH_ONLY;SAMPLE_TOO_SMALL_LOCAL_11_MATCHES_NOT_PRODUCTION_READY,True,False
MID,183765,Mohammed Amine Essahel,415853,Claude Gnolou,99.187788,3.200776,99.187788,4,medium_research_only,SAME_ROLE_ONLY;RESEARCH_ONLY;SAMPLE_TOO_SMALL_LOCAL_11_MATCHES_NOT_PRODUCTION_READY,True,False
MID,183765,Mohammed Amine Essahel,416303,El Mahdi Akoumi,96.283096,7.110394,96.283096,4,medium_research_only,SAME_ROLE_ONLY;RESEARCH_ONLY;SAMPLE_TOO_SMALL_LOCAL_11_MATCHES_NOT_PRODUCTION_READY,True,False
MID,183765,Mohammed Amine Essahel,424979,Soufiane Tazi,95.870732,7.3453,95.870732,4,medium_research_only,SAME_ROLE_ONLY;RESEARCH_ONLY;SAMPLE_TOO_SMALL_LOCAL_11_MATCHES_NOT_PRODUCTION_READY,True,False
MID,183765,Mohammed Amine Essahel,442288,Adnane Berdad,98.133207,4.32775,98.133207,4,medium_research_only,SAME_ROLE_ONLY;RESEARCH_ONLY;SAMPLE_TOO_SMALL_LOCAL_11_MATCHES_NOT_PRODUCTION_READY,True,False
MID,183765,Mohammed Amine Essahel,442292,Abdellatif El Bajjani,96.536014,6.231081,96.536014,4,medium_research_only,SAME_ROLE_ONLY;RESEARCH_ONLY;SAMPLE_TOO_SMALL_LOCAL_11_MATCHES_NOT_PRODUCTION_READY,True,False
MID,183765,Mohammed Amine Essahel,443951,Youness Akharraz,93.467869,7.914134,93.467869,4,medium_research_only,SAME_ROLE_ONLY;RESEARCH_ONLY;SAMPLE_TOO_SMALL_LOCAL_11_MATCHES_NOT_PRODUCTION_READY,True,False
MID,183765,Mohammed Amine Essahel,445163,Ayoub Maamouri,90.785546,10.141909,90.785546,4,medium_research_only,SAME_ROLE_ONLY;RESEARCH_ONLY;SAMPLE_TOO_SMALL_LOCAL_11_MATCHES_NOT_PRODUCTION_READY,True,False
MID,183765,Mohammed Amine Essahel,446355,Ishak Zidani,94.634165,7.107213,94.634165,4,medium_research_only,SAME_ROLE_ONLY;RESEARCH_ONLY;SAMPLE_TOO_SMALL_LOCAL_11_MATCHES_NOT_PRODUCTION_READY,True,False
MID,183765,Mohammed Amine Essahel,449373,Marouane Oujeddou,93.92451,7.436196,93.92451,4,medium_research_only,SAME_ROLE_ONLY;RESEARCH_ONLY;SAMPLE_TOO_SMALL_LOCAL_11_MATCHES_NOT_PRODUCTION_READY,True,False
MID,183765,Mohammed Amine Essahel,449471,Ayman Tarrazi,99.086699,4.360798,99.086699,4,medium_research_only,SAME_ROLE_ONLY;RESEARCH_ONLY;SAMPLE_TOO_SMALL_LOCAL_11_MATCHES_NOT_PRODUCTION_READY,True,False
MID,183765,Mohammed Amine Essahel,450709,Joseph Bakasu       ,94.607048,7.094868,94.607048,4,medium_research_only,SAME_ROLE_ONLY;RESEARCH_ONLY;SAMPLE_TOO_SMALL_LOCAL_11_MATCHES_NOT_PRODUCTION_READY,True,False
MID,183765,Mohammed Amine Essahel,460266,Youness Dahmani,89.67627,10.73861,89.67627,4,medium_research_only,SAME_ROLE_ONLY;RESEARCH_ONLY;SAMPLE_TOO_SMALL_LOCAL_11_MATCHES_NOT_PRODUCTION_READY,True,False
MID,183765,Mohammed Amine Essahel,477679,Redouane Oubidar,99.173254,3.250802,99.173254,4,medium_research_only,SAME_ROLE_ONLY;RESEARCH_ONLY;SAMPLE_TOO_SMALL_LOCAL_11_MATCHES_NOT_PRODUCTION_READY,True,False
MID,183765,Mohammed Amine Essahel,477680,Hamza Saoud,92.749191,11.938525,92.749191,4,medium_research_only,SAME_ROLE_ONLY;RESEARCH_ONLY;SAMPLE_TOO_SMALL_LOCAL_11_MATCHES_NOT_PRODUCTION_READY,True,False
MID,183765,Mohammed Amine Essahel,477682,Ayoub Benaadi,93.061837,7.919171,93.061837,4,medium_research_only,SAME_ROLE_ONLY;RESEARCH_ONLY;SAMPLE_TOO_SMALL_LOCAL_11_MATCHES_NOT_PRODUCTION_READY,True,False
MID,183765,Mohammed Amine Essahel,477688,Ayoub El Khaffi,96.244806,11.776419,96.244806,4,medium_research_only,SAME_ROLE_ONLY;RESEARCH_ONLY;SAMPLE_TOO_SMALL_LOCAL_11_MATCHES_NOT_PRODUCTION_READY,True,False
MID,183765,Mohammed Amine Essahel,523298,Mohamed Ahayaoui,98.689289,5.346221,98.689289,4,medium_research_only,SAME_ROLE_ONLY;RESEARCH_ONLY;SAMPLE_TOO_SMALL_LOCAL_11_MATCHES_NOT_PRODUCTION_READY,True,False
MID,183765,Mohammed Amine Essahel,523308,Adil Khalloufi,99.529228,3.419284,99.529228,4,medium_research_only,SAME_ROLE_ONLY;RESEARCH_ONLY;SAMPLE_TOO_SMALL_LOCAL_11_MATCHES_NOT_PRODUCTION_READY,True,False
MID,183765,Mohammed Amine Essahel,523312,Brahim Mansouri,87.533557,10.891011,87.533557,4,medium_research_only,SAME_ROLE_ONLY;RESEARCH_ONLY;SAMPLE_TOO_SMALL_LOCAL_11_MATCHES_NOT_PRODUCTION_READY,True,False
MID,183765,Mohammed Amine Essahel,523319,Omar Ouddah,98.823602,5.574067,98.823602,4,medium_research_only,SAME_ROLE_ONLY;RESEARCH_ONLY;SAMPLE_TOO_SMALL_LOCAL_11_MATCHES_NOT_PRODUCTION_READY,True,False
MID,183765,Mohammed Amine Essahel,523973,Hamza Rafa,93.987147,7.914728,93.987147,4,medium_research_only,SAME_ROLE_ONLY;RESEARCH_ONLY;SAMPLE_TOO_SMALL_LOCAL_11_MATCHES_NOT_PRODUCTION_READY,True,False
MID,183765,Mohammed Amine Essahel,523996,Fred Duval Ngoma,94.675586,7.486032,94.675586,4,medium_research_only,SAME_ROLE_ONLY;RESEARCH_ONLY;SAMPLE_TOO_SMALL_LOCAL_11_MATCHES_NOT_PRODUCTION_READY,True,False
MID,183765,Mohammed Amine Essahel,523997,Karim L'Koucha,98.079316,6.316098,98.079316,4,medium_research_only,SAME_ROLE_ONLY;RESEARCH_ONLY;SAMPLE_TOO_SMALL_LOCAL_11_MATCHES_NOT_PRODUCTION_READY,True,False
MID,183765,Mohammed Amine Essahel,523999,Zakaria Kessary,95.100883,7.637289,95.100883,4,medium_research_only,SAME_ROLE_ONLY;RESEARCH_ONLY;SAMPLE_TOO_SMALL_LOCAL_11_MATCHES_NOT_PRODUCTION_READY,True,False
MID,183765,Mohammed Amine Essahel,524000,Ahmed Aboulfath,95.638294,6.734931,95.638294,4,medium_research_only,SAME_ROLE_ONLY;RESEARCH_ONLY;SAMPLE_TOO_SMALL_LOCAL_11_MATCHES_NOT_PRODUCTION_READY,True,False
MID,183765,Mohammed Amine Essahel,524002,Salim Ghazzani,92.731012,13.188947,92.731012,4,medium_research_only,SAME_ROLE_ONLY;RESEARCH_ONLY;SAMPLE_TOO_SMALL_LOCAL_11_MATCHES_NOT_PRODUCTION_READY,True,False
MID,183765,Mohammed Amine Essahel,524003,Mohammed Es-Sahel,98.752645,3.532793,98.752645,4,medium_research_only,SAME_ROLE_ONLY;RESEARCH_ONLY;SAMPLE_TOO_SMALL_LOCAL_11_MATCHES_NOT_PRODUCTION_READY,True,False
MID,183765,Mohammed Amine Essahel,524511,Saad Nassik,96.601939,5.548513,96.601939,4,medium_research_only,SAME_ROLE_ONLY;RESEARCH_ONLY;SAMPLE_TOO_SMALL_LOCAL_11_MATCHES_NOT_PRODUCTION_READY,True,False
MID,194809,Oussama Zemraoui,194912,Faouzi Abd El Mouttalib,96.36152,7.098989,96.36152,4,medium_research_only,SAME_ROLE_ONLY;RESEARCH_ONLY;SAMPLE_TOO_SMALL_LOCAL_11_MATCHES_NOT_PRODUCTION_READY,True,False
MID,194809,Oussama Zemraoui,195016,Mouad Mouchtanim,97.458751,5.620851,97.458751,4,medium_research_only,SAME_ROLE_ONLY;RESEARCH_ONLY;SAMPLE_TOO_SMALL_LOCAL_11_MATCHES_NOT_PRODUCTION_READY,True,False
MID,194809,Oussama Zemraoui,199611,Youssef Mehri,99.787375,2.622645,99.787375,4,medium_research_only,SAME_ROLE_ONLY;RESEARCH_ONLY;SAMPLE_TOO_SMALL_LOCAL_11_MATCHES_NOT_PRODUCTION_READY,True,False
MID,194809,Oussama Zemraoui,203027,Walid Rhailouf,98.795976,3.946056,98.795976,4,medium_research_only,SAME_ROLE_ONLY;RESEARCH_ONLY;SAMPLE_TOO_SMALL_LOCAL_11_MATCHES_NOT_PRODUCTION_READY,True,False
MID,194809,Oussama Zemraoui,225437,Stephane Aziz Ki,99.86755,9.200724,99.86755,4,medium_research_only,SAME_ROLE_ONLY;RESEARCH_ONLY;SAMPLE_TOO_SMALL_LOCAL_11_MATCHES_NOT_PRODUCTION_READY,True,False
MID,194809,Oussama Zemraoui,261620,Nadir Lougmani,96.768477,9.061424,96.768477,4,medium_research_only,SAME_ROLE_ONLY;RESEARCH_ONLY;SAMPLE_TOO_SMALL_LOCAL_11_MATCHES_NOT_PRODUCTION_READY,True,False
MID,194809,Oussama Zemraoui,275341,Yazid Faffa,96.3568,8.017362,96.3568,4,medium_research_only,SAME_ROLE_ONLY;RESEARCH_ONLY;SAMPLE_TOO_SMALL_LOCAL_11_MATCHES_NOT_PRODUCTION_READY,True,False
MID,194809,Oussama Zemraoui,312935,Amine Azri,94.696834,7.971711,94.696834,4,medium_research_only,SAME_ROLE_ONLY;RESEARCH_ONLY;SAMPLE_TOO_SMALL_LOCAL_11_MATCHES_NOT_PRODUCTION_READY,True,False
MID,194809,Oussama Zemraoui,313277,Mohamed Chemlal,95.829895,22.168227,95.829895,4,medium_research_only,SAME_ROLE_ONLY;RESEARCH_ONLY;SAMPLE_TOO_SMALL_LOCAL_11_MATCHES_NOT_PRODUCTION_READY,True,False
MID,194809,Oussama Zemraoui,313284,Achraf Harmach,95.774983,7.623972,95.774983,4,medium_research_only,SAME_ROLE_ONLY;RESEARCH_ONLY;SAMPLE_TOO_SMALL_LOCAL_11_MATCHES_NOT_PRODUCTION_READY,True,False
MID,194809,Oussama Zemraoui,314460,Ayoub Bouaadli,97.514238,5.588804,97.514238,4,medium_research_only,SAME_ROLE_ONLY;RESEARCH_ONLY;SAMPLE_TOO_SMALL_LOCAL_11_MATCHES_NOT_PRODUCTION_READY,True,False
MID,194809,Oussama Zemraoui,323979,Zakaria Fatihi,91.104142,11.37122,91.104142,4,medium_research_only,SAME_ROLE_ONLY;RESEARCH_ONLY;SAMPLE_TOO_SMALL_LOCAL_11_MATCHES_NOT_PRODUCTION_READY,True,False
MID,194809,Oussama Zemraoui,360838,Zakaria Ami,85.221918,13.449247,85.221918,4,medium_research_only,SAME_ROLE_ONLY;RESEARCH_ONLY;SAMPLE_TOO_SMALL_LOCAL_11_MATCHES_NOT_PRODUCTION_READY,True,False
MID,194809,Oussama Zemraoui,380600,Mouad Goulouss,96.255086,10.594088,96.255086,4,medium_research_only,SAME_ROLE_ONLY;RESEARCH_ONLY;SAMPLE_TOO_SMALL_LOCAL_11_MATCHES_NOT_PRODUCTION_READY,True,False
MID,194809,Oussama Zemraoui,381935,Ismail Mihrab,93.361687,9.938493,93.361687,4,medium_research_only,SAME_ROLE_ONLY;RESEARCH_ONLY;SAMPLE_TOO_SMALL_LOCAL_11_MATCHES_NOT_PRODUCTION_READY,True,False
MID,194809,Oussama Zemraoui,396748,Youssef Laghzal,88.120647,12.997792,88.120647,4,medium_research_only,SAME_ROLE_ONLY;RESEARCH_ONLY;SAMPLE_TOO_SMALL_LOCAL_11_MATCHES_NOT_PRODUCTION_READY,True,False
MID,194809,Oussama Zemraoui,405645,Othmane Chraibi,94.883879,10.267814,94.883879,4,medium_research_only,SAME_ROLE_ONLY;RESEARCH_ONLY;SAMPLE_TOO_SMALL_LOCAL_11_MATCHES_NOT_PRODUCTION_READY,True,False
MID,194809,Oussama Zemraoui,406269,Danilson Gomes Tavares,94.423282,9.544588,94.423282,4,medium_research_only,SAME_ROLE_ONLY;RESEARCH_ONLY;SAMPLE_TOO_SMALL_LOCAL_11_MATCHES_NOT_PRODUCTION_READY,True,False
MID,194809,Oussama Zemraoui,407207,Ennaama El Bellali,96.387364,6.642871,96.387364,4,medium_research_only,SAME_ROLE_ONLY;RESEARCH_ONLY;SAMPLE_TOO_SMALL_LOCAL_11_MATCHES_NOT_PRODUCTION_READY,True,False
MID,194809,Oussama Zemraoui,407506,Oussama Nourdine,91.291876,10.234684,91.291876,4,medium_research_only,SAME_ROLE_ONLY;RESEARCH_ONLY;SAMPLE_TOO_SMALL_LOCAL_11_MATCHES_NOT_PRODUCTION_READY,True,False
MID,194809,Oussama Zemraoui,407852,Abdessamad Mahir,93.291887,8.901481,93.291887,4,medium_research_only,SAME_ROLE_ONLY;RESEARCH_ONLY;SAMPLE_TOO_SMALL_LOCAL_11_MATCHES_NOT_PRODUCTION_READY,True,False
MID,194809,Oussama Zemraoui,415853,Claude Gnolou,94.233486,8.343791,94.233486,4,medium_research_only,SAME_ROLE_ONLY;RESEARCH_ONLY;SAMPLE_TOO_SMALL_LOCAL_11_MATCHES_NOT_PRODUCTION_READY,True,False
MID,194809,Oussama Zemraoui,416303,El Mahdi Akoumi,97.25949,8.910125,97.25949,4,medium_research_only,SAME_ROLE_ONLY;RESEARCH_ONLY;SAMPLE_TOO_SMALL_LOCAL_11_MATCHES_NOT_PRODUCTION_READY,True,False
MID,194809,Oussama Zemraoui,424979,Soufiane Tazi,98.353945,4.623456,98.353945,4,medium_research_only,SAME_ROLE_ONLY;RESEARCH_ONLY;SAMPLE_TOO_SMALL_LOCAL_11_MATCHES_NOT_PRODUCTION_READY,True,False
MID,194809,Oussama Zemraoui,442288,Adnane Berdad,96.119454,7.458467,96.119454,4,medium_research_only,SAME_ROLE_ONLY;RESEARCH_ONLY;SAMPLE_TOO_SMALL_LOCAL_11_MATCHES_NOT_PRODUCTION_READY,True,False
MID,194809,Oussama Zemraoui,442292,Abdellatif El Bajjani,96.055467,6.946524,96.055467,4,medium_research_only,SAME_ROLE_ONLY;RESEARCH_ONLY;SAMPLE_TOO_SMALL_LOCAL_11_MATCHES_NOT_PRODUCTION_READY,True,False
MID,194809,Oussama Zemraoui,443951,Youness Akharraz,94.052071,9.62596,94.052071,4,medium_research_only,SAME_ROLE_ONLY;RESEARCH_ONLY;SAMPLE_TOO_SMALL_LOCAL_11_MATCHES_NOT_PRODUCTION_READY,True,False
MID,194809,Oussama Zemraoui,445163,Ayoub Maamouri,97.291089,10.924959,97.291089,4,medium_research_only,SAME_ROLE_ONLY;RESEARCH_ONLY;SAMPLE_TOO_SMALL_LOCAL_11_MATCHES_NOT_PRODUCTION_READY,True,False
MID,194809,Oussama Zemraoui,446355,Ishak Zidani,97.647115,5.61021,97.647115,4,medium_research_only,SAME_ROLE_ONLY;RESEARCH_ONLY;SAMPLE_TOO_SMALL_LOCAL_11_MATCHES_NOT_PRODUCTION_READY,True,False
MID,194809,Oussama Zemraoui,449373,Marouane Oujeddou,99.855228,5.79357,99.855228,4,medium_research_only,SAME_ROLE_ONLY;RESEARCH_ONLY;SAMPLE_TOO_SMALL_LOCAL_11_MATCHES_NOT_PRODUCTION_READY,True,False
MID,194809,Oussama Zemraoui,449471,Ayman Tarrazi,92.511894,9.93289,92.511894,4,medium_research_only,SAME_ROLE_ONLY;RESEARCH_ONLY;SAMPLE_TOO_SMALL_LOCAL_11_MATCHES_NOT_PRODUCTION_READY,True,False
MID,194809,Oussama Zemraoui,450709,Joseph Bakasu       ,94.219426,8.309801,94.219426,4,medium_research_only,SAME_ROLE_ONLY;RESEARCH_ONLY;SAMPLE_TOO_SMALL_LOCAL_11_MATCHES_NOT_PRODUCTION_READY,True,False
MID,194809,Oussama Zemraoui,460266,Youness Dahmani,78.566032,14.96939,78.566032,4,medium_research_only,SAME_ROLE_ONLY;RESEARCH_ONLY;SAMPLE_TOO_SMALL_LOCAL_11_MATCHES_NOT_PRODUCTION_READY,True,False
MID,194809,Oussama Zemraoui,477679,Redouane Oubidar,90.764528,10.53729,90.764528,4,medium_research_only,SAME_ROLE_ONLY;RESEARCH_ONLY;SAMPLE_TOO_SMALL_LOCAL_11_MATCHES_NOT_PRODUCTION_READY,True,False
MID,194809,Oussama Zemraoui,477680,Hamza Saoud,97.550317,7.496355,97.550317,4,medium_research_only,SAME_ROLE_ONLY;RESEARCH_ONLY;SAMPLE_TOO_SMALL_LOCAL_11_MATCHES_NOT_PRODUCTION_READY,True,False
MID,194809,Oussama Zemraoui,477682,Ayoub Benaadi,99.542333,3.795411,99.542333,4,medium_research_only,SAME_ROLE_ONLY;RESEARCH_ONLY;SAMPLE_TOO_SMALL_LOCAL_11_MATCHES_NOT_PRODUCTION_READY,True,False
MID,194809,Oussama Zemraoui,477688,Ayoub El Khaffi,94.290985,11.950569,94.290985,4,medium_research_only,SAME_ROLE_ONLY;RESEARCH_ONLY;SAMPLE_TOO_SMALL_LOCAL_11_MATCHES_NOT_PRODUCTION_READY,True,False
MID,194809,Oussama Zemraoui,523298,Mohamed Ahayaoui,96.125557,7.323649,96.125557,4,medium_research_only,SAME_ROLE_ONLY;RESEARCH_ONLY;SAMPLE_TOO_SMALL_LOCAL_11_MATCHES_NOT_PRODUCTION_READY,True,False
MID,194809,Oussama Zemraoui,523308,Adil Khalloufi,93.247632,9.260711,93.247632,4,medium_research_only,SAME_ROLE_ONLY;RESEARCH_ONLY;SAMPLE_TOO_SMALL_LOCAL_11_MATCHES_NOT_PRODUCTION_READY,True,False
MID,194809,Oussama Zemraoui,523312,Brahim Mansouri,97.850954,5.361924,97.850954,4,medium_research_only,SAME_ROLE_ONLY;RESEARCH_ONLY;SAMPLE_TOO_SMALL_LOCAL_11_MATCHES_NOT_PRODUCTION_READY,True,False
MID,194809,Oussama Zemraoui,523319,Omar Ouddah,91.499052,10.965076,91.499052,4,medium_research_only,SAME_ROLE_ONLY;RESEARCH_ONLY;SAMPLE_TOO_SMALL_LOCAL_11_MATCHES_NOT_PRODUCTION_READY,True,False
MID,194809,Oussama Zemraoui,523973,Hamza Rafa,94.391136,8.218358,94.391136,4,medium_research_only,SAME_ROLE_ONLY;RESEARCH_ONLY;SAMPLE_TOO_SMALL_LOCAL_11_MATCHES_NOT_PRODUCTION_READY,True,False
MID,194809,Oussama Zemraoui,523996,Fred Duval Ngoma,94.313364,8.280719,94.313364,4,medium_research_only,SAME_ROLE_ONLY;RESEARCH_ONLY;SAMPLE_TOO_SMALL_LOCAL_11_MATCHES_NOT_PRODUCTION_READY,True,False
MID,194809,Oussama Zemraoui,523997,Karim L'Koucha,94.823179,9.861689,94.823179,4,medium_research_only,SAME_ROLE_ONLY;RESEARCH_ONLY;SAMPLE_TOO_SMALL_LOCAL_11_MATCHES_NOT_PRODUCTION_READY,True,False
MID,194809,Oussama Zemraoui,523999,Zakaria Kessary,97.732172,5.334331,97.732172,4,medium_research_only,SAME_ROLE_ONLY;RESEARCH_ONLY;SAMPLE_TOO_SMALL_LOCAL_11_MATCHES_NOT_PRODUCTION_READY,True,False
MID,194809,Oussama Zemraoui,524000,Ahmed Aboulfath,87.014797,12.069144,87.014797,4,medium_research_only,SAME_ROLE_ONLY;RESEARCH_ONLY;SAMPLE_TOO_SMALL_LOCAL_11_MATCHES_NOT_PRODUCTION_READY,True,False
MID,194809,Oussama Zemraoui,524002,Salim Ghazzani,94.480897,11.252716,94.480897,4,medium_research_only,SAME_ROLE_ONLY;RESEARCH_ONLY;SAMPLE_TOO_SMALL_LOCAL_11_MATCHES_NOT_PRODUCTION_READY,True,False
MID,194809,Oussama Zemraoui,524003,Mohammed Es-Sahel,91.731529,9.830126,91.731529,4,medium_research_only,SAME_ROLE_ONLY;RESEARCH_ONLY;SAMPLE_TOO_SMALL_LOCAL_11_MATCHES_NOT_PRODUCTION_READY,True,False
MID,194809,Oussama Zemraoui,524511,Saad Nassik,94.9565,7.929966,94.9565,4,medium_research_only,SAME_ROLE_ONLY;RESEARCH_ONLY;SAMPLE_TOO_SMALL_LOCAL_11_MATCHES_NOT_PRODUCTION_READY,True,False
MID,194912,Faouzi Abd El Mouttalib,195016,Mouad Mouchtanim,97.965043,5.60622,97.965043,4,medium_research_only,SAME_ROLE_ONLY;RESEARCH_ONLY;SAMPLE_TOO_SMALL_LOCAL_11_MATCHES_NOT_PRODUCTION_READY,True,False
MID,194912,Faouzi Abd El Mouttalib,199611,Youssef Mehri,94.45353,7.164953,94.45353,4,medium_research_only,SAME_ROLE_ONLY;RESEARCH_ONLY;SAMPLE_TOO_SMALL_LOCAL_11_MATCHES_NOT_PRODUCTION_READY,True,False
MID,194912,Faouzi Abd El Mouttalib,203027,Walid Rhailouf,99.207255,4.957132,99.207255,4,medium_research_only,SAME_ROLE_ONLY;RESEARCH_ONLY;SAMPLE_TOO_SMALL_LOCAL_11_MATCHES_NOT_PRODUCTION_READY,True,False
MID,194912,Faouzi Abd El Mouttalib,225437,Stephane Aziz Ki,95.633021,7.085936,95.633021,4,medium_research_only,SAME_ROLE_ONLY;RESEARCH_ONLY;SAMPLE_TOO_SMALL_LOCAL_11_MATCHES_NOT_PRODUCTION_READY,True,False
MID,194912,Faouzi Abd El Mouttalib,261620,Nadir Lougmani,99.274888,4.407498,99.274888,4,medium_research_only,SAME_ROLE_ONLY;RESEARCH_ONLY;SAMPLE_TOO_SMALL_LOCAL_11_MATCHES_NOT_PRODUCTION_READY,True,False
MID,194912,Faouzi Abd El Mouttalib,275341,Yazid Faffa,97.622303,4.472607,97.622303,4,medium_research_only,SAME_ROLE_ONLY;RESEARCH_ONLY;SAMPLE_TOO_SMALL_LOCAL_11_MATCHES_NOT_PRODUCTION_READY,True,False
MID,194912,Faouzi Abd El Mouttalib,312935,Amine Azri,97.22559,5.463488,97.22559,4,medium_research_only,SAME_ROLE_ONLY;RESEARCH_ONLY;SAMPLE_TOO_SMALL_LOCAL_11_MATCHES_NOT_PRODUCTION_READY,True,False
MID,194912,Faouzi Abd El Mouttalib,313277,Mohamed Chemlal,85.499354,29.067369,85.499354,4,medium_research_only,SAME_ROLE_ONLY;RESEARCH_ONLY;SAMPLE_TOO_SMALL_LOCAL_11_MATCHES_NOT_PRODUCTION_READY,True,False
MID,194912,Faouzi Abd El Mouttalib,313284,Achraf Harmach,99.434993,2.112937,99.434993,4,medium_research_only,SAME_ROLE_ONLY;RESEARCH_ONLY;SAMPLE_TOO_SMALL_LOCAL_11_MATCHES_NOT_PRODUCTION_READY,True,False
MID,194912,Faouzi Abd El Mouttalib,314460,Ayoub Bouaadli,99.810937,2.47448,99.810937,4,medium_research_only,SAME_ROLE_ONLY;RESEARCH_ONLY;SAMPLE_TOO_SMALL_LOCAL_11_MATCHES_NOT_PRODUCTION_READY,True,False
MID,194912,Faouzi Abd El Mouttalib,323979,Zakaria Fatihi,95.791158,8.952926,95.791158,4,medium_research_only,SAME_ROLE_ONLY;RESEARCH_ONLY;SAMPLE_TOO_SMALL_LOCAL_11_MATCHES_NOT_PRODUCTION_READY,True,False
MID,194912,Faouzi Abd El Mouttalib,360838,Zakaria Ami,81.506155,10.924835,81.506155,4,medium_research_only,SAME_ROLE_ONLY;RESEARCH_ONLY;SAMPLE_TOO_SMALL_LOCAL_11_MATCHES_NOT_PRODUCTION_READY,True,False
MID,194912,Faouzi Abd El Mouttalib,380600,Mouad Goulouss,98.727175,6.229904,98.727175,4,medium_research_only,SAME_ROLE_ONLY;RESEARCH_ONLY;SAMPLE_TOO_SMALL_LOCAL_11_MATCHES_NOT_PRODUCTION_READY,True,False
MID,194912,Faouzi Abd El Mouttalib,381935,Ismail Mihrab,95.972441,5.859574,95.972441,4,medium_research_only,SAME_ROLE_ONLY;RESEARCH_ONLY;SAMPLE_TOO_SMALL_LOCAL_11_MATCHES_NOT_PRODUCTION_READY,True,False
MID,194912,Faouzi Abd El Mouttalib,396748,Youssef Laghzal,93.19933,8.428761,93.19933,4,medium_research_only,SAME_ROLE_ONLY;RESEARCH_ONLY;SAMPLE_TOO_SMALL_LOCAL_11_MATCHES_NOT_PRODUCTION_READY,True,False
MID,194912,Faouzi Abd El Mouttalib,405645,Othmane Chraibi,99.647696,8.837563,99.647696,4,medium_research_only,SAME_ROLE_ONLY;RESEARCH_ONLY;SAMPLE_TOO_SMALL_LOCAL_11_MATCHES_NOT_PRODUCTION_READY,True,False
MID,194912,Faouzi Abd El Mouttalib,406269,Danilson Gomes Tavares,97.253227,5.174792,97.253227,4,medium_research_only,SAME_ROLE_ONLY;RESEARCH_ONLY;SAMPLE_TOO_SMALL_LOCAL_11_MATCHES_NOT_PRODUCTION_READY,True,False
MID,194912,Faouzi Abd El Mouttalib,407207,Ennaama El Bellali,99.696255,3.295078,99.696255,4,medium_research_only,SAME_ROLE_ONLY;RESEARCH_ONLY;SAMPLE_TOO_SMALL_LOCAL_11_MATCHES_NOT_PRODUCTION_READY,True,False
MID,194912,Faouzi Abd El Mouttalib,407506,Oussama Nourdine,96.464714,6.377303,96.464714,4,medium_research_only,SAME_ROLE_ONLY;RESEARCH_ONLY;SAMPLE_TOO_SMALL_LOCAL_11_MATCHES_NOT_PRODUCTION_READY,True,False
MID,194912,Faouzi Abd El Mouttalib,407852,Abdessamad Mahir,96.293103,5.670362,96.293103,4,medium_research_only,SAME_ROLE_ONLY;RESEARCH_ONLY;SAMPLE_TOO_SMALL_LOCAL_11_MATCHES_NOT_PRODUCTION_READY,True,False
MID,194912,Faouzi Abd El Mouttalib,415853,Claude Gnolou,98.278483,4.828842,98.278483,4,medium_research_only,SAME_ROLE_ONLY;RESEARCH_ONLY;SAMPLE_TOO_SMALL_LOCAL_11_MATCHES_NOT_PRODUCTION_READY,True,False
MID,194912,Faouzi Abd El Mouttalib,416303,El Mahdi Akoumi,99.248199,4.474886,99.248199,4,medium_research_only,SAME_ROLE_ONLY;RESEARCH_ONLY;SAMPLE_TOO_SMALL_LOCAL_11_MATCHES_NOT_PRODUCTION_READY,True,False
MID,194912,Faouzi Abd El Mouttalib,424979,Soufiane Tazi,99.465458,4.745552,99.465458,4,medium_research_only,SAME_ROLE_ONLY;RESEARCH_ONLY;SAMPLE_TOO_SMALL_LOCAL_11_MATCHES_NOT_PRODUCTION_READY,True,False
MID,194912,Faouzi Abd El Mouttalib,442288,Adnane Berdad,99.392751,2.207427,99.392751,4,medium_research_only,SAME_ROLE_ONLY;RESEARCH_ONLY;SAMPLE_TOO_SMALL_LOCAL_11_MATCHES_NOT_PRODUCTION_READY,True,False
MID,194912,Faouzi Abd El Mouttalib,442292,Abdellatif El Bajjani,99.934719,3.071118,99.934719,4,medium_research_only,SAME_ROLE_ONLY;RESEARCH_ONLY;SAMPLE_TOO_SMALL_LOCAL_11_MATCHES_NOT_PRODUCTION_READY,True,False
MID,194912,Faouzi Abd El Mouttalib,443951,Youness Akharraz,98.824649,4.058657,98.824649,4,medium_research_only,SAME_ROLE_ONLY;RESEARCH_ONLY;SAMPLE_TOO_SMALL_LOCAL_11_MATCHES_NOT_PRODUCTION_READY,True,False
MID,194912,Faouzi Abd El Mouttalib,445163,Ayoub Maamouri,89.686055,9.248578,89.686055,4,medium_research_only,SAME_ROLE_ONLY;RESEARCH_ONLY;SAMPLE_TOO_SMALL_LOCAL_11_MATCHES_NOT_PRODUCTION_READY,True,False
MID,194912,Faouzi Abd El Mouttalib,446355,Ishak Zidani,99.404358,2.643869,99.404358,4,medium_research_only,SAME_ROLE_ONLY;RESEARCH_ONLY;SAMPLE_TOO_SMALL_LOCAL_11_MATCHES_NOT_PRODUCTION_READY,True,False
MID,194912,Faouzi Abd El Mouttalib,449373,Marouane Oujeddou,95.994597,5.554003,95.994597,4,medium_research_only,SAME_ROLE_ONLY;RESEARCH_ONLY;SAMPLE_TOO_SMALL_LOCAL_11_MATCHES_NOT_PRODUCTION_READY,True,False
MID,194912,Faouzi Abd El Mouttalib,449471,Ayman Tarrazi,97.676881,4.509514,97.676881,4,medium_research_only,SAME_ROLE_ONLY;RESEARCH_ONLY;SAMPLE_TOO_SMALL_LOCAL_11_MATCHES_NOT_PRODUCTION_READY,True,False
MID,194912,Faouzi Abd El Mouttalib,450709,Joseph Bakasu       ,99.08301,3.058769,99.08301,4,medium_research_only,SAME_ROLE_ONLY;RESEARCH_ONLY;SAMPLE_TOO_SMALL_LOCAL_11_MATCHES_NOT_PRODUCTION_READY,True,False
MID,194912,Faouzi Abd El Mouttalib,460266,Youness Dahmani,76.400238,11.916308,76.400238,4,medium_research_only,SAME_ROLE_ONLY;RESEARCH_ONLY;SAMPLE_TOO_SMALL_LOCAL_11_MATCHES_NOT_PRODUCTION_READY,True,False
MID,194912,Faouzi Abd El Mouttalib,477679,Redouane Oubidar,94.067019,7.949372,94.067019,4,medium_research_only,SAME_ROLE_ONLY;RESEARCH_ONLY;SAMPLE_TOO_SMALL_LOCAL_11_MATCHES_NOT_PRODUCTION_READY,True,False
MID,194912,Faouzi Abd El Mouttalib,477680,Hamza Saoud,98.386195,9.149904,98.386195,4,medium_research_only,SAME_ROLE_ONLY;RESEARCH_ONLY;SAMPLE_TOO_SMALL_LOCAL_11_MATCHES_NOT_PRODUCTION_READY,True,False
MID,194912,Faouzi Abd El Mouttalib,477682,Ayoub Benaadi,95.726872,5.964403,95.726872,4,medium_research_only,SAME_ROLE_ONLY;RESEARCH_ONLY;SAMPLE_TOO_SMALL_LOCAL_11_MATCHES_NOT_PRODUCTION_READY,True,False
MID,194912,Faouzi Abd El Mouttalib,477688,Ayoub El Khaffi,99.275829,10.845772,99.275829,4,medium_research_only,SAME_ROLE_ONLY;RESEARCH_ONLY;SAMPLE_TOO_SMALL_LOCAL_11_MATCHES_NOT_PRODUCTION_READY,True,False
MID,194912,Faouzi Abd El Mouttalib,523298,Mohamed Ahayaoui,98.321691,6.50435,98.321691,4,medium_research_only,SAME_ROLE_ONLY;RESEARCH_ONLY;SAMPLE_TOO_SMALL_LOCAL_11_MATCHES_NOT_PRODUCTION_READY,True,False
MID,194912,Faouzi Abd El Mouttalib,523308,Adil Khalloufi,97.940066,5.952761,97.940066,4,medium_research_only,SAME_ROLE_ONLY;RESEARCH_ONLY;SAMPLE_TOO_SMALL_LOCAL_11_MATCHES_NOT_PRODUCTION_READY,True,False
MID,194912,Faouzi Abd El Mouttalib,523312,Brahim Mansouri,89.151713,9.838139,89.151713,4,medium_research_only,SAME_ROLE_ONLY;RESEARCH_ONLY;SAMPLE_TOO_SMALL_LOCAL_11_MATCHES_NOT_PRODUCTION_READY,True,False
MID,194912,Faouzi Abd El Mouttalib,523319,Omar Ouddah,96.009822,8.536613,96.009822,4,medium_research_only,SAME_ROLE_ONLY;RESEARCH_ONLY;SAMPLE_TOO_SMALL_LOCAL_11_MATCHES_NOT_PRODUCTION_READY,True,False
MID,194912,Faouzi Abd El Mouttalib,523973,Hamza Rafa,99.18011,3.767384,99.18011,4,medium_research_only,SAME_ROLE_ONLY;RESEARCH_ONLY;SAMPLE_TOO_SMALL_LOCAL_11_MATCHES_NOT_PRODUCTION_READY,True,False
MID,194912,Faouzi Abd El Mouttalib,523996,Fred Duval Ngoma,99.174452,3.823075,99.174452,4,medium_research_only,SAME_ROLE_ONLY;RESEARCH_ONLY;SAMPLE_TOO_SMALL_LOCAL_11_MATCHES_NOT_PRODUCTION_READY,True,False
MID,194912,Faouzi Abd El Mouttalib,523997,Karim L'Koucha,98.88998,4.725943,98.88998,4,medium_research_only,SAME_ROLE_ONLY;RESEARCH_ONLY;SAMPLE_TOO_SMALL_LOCAL_11_MATCHES_NOT_PRODUCTION_READY,True,False
MID,194912,Faouzi Abd El Mouttalib,523999,Zakaria Kessary,99.696314,4.015144,99.696314,4,medium_research_only,SAME_ROLE_ONLY;RESEARCH_ONLY;SAMPLE_TOO_SMALL_LOCAL_11_MATCHES_NOT_PRODUCTION_READY,True,False
MID,194912,Faouzi Abd El Mouttalib,524000,Ahmed Aboulfath,91.28068,7.907818,91.28068,4,medium_research_only,SAME_ROLE_ONLY;RESEARCH_ONLY;SAMPLE_TOO_SMALL_LOCAL_11_MATCHES_NOT_PRODUCTION_READY,True,False
MID,194912,Faouzi Abd El Mouttalib,524002,Salim Ghazzani,90.40805,14.795823,90.40805,4,medium_research_only,SAME_ROLE_ONLY;RESEARCH_ONLY;SAMPLE_TOO_SMALL_LOCAL_11_MATCHES_NOT_PRODUCTION_READY,True,False
MID,194912,Faouzi Abd El Mouttalib,524003,Mohammed Es-Sahel,96.033569,5.570077,96.033569,4,medium_research_only,SAME_ROLE_ONLY;RESEARCH_ONLY;SAMPLE_TOO_SMALL_LOCAL_11_MATCHES_NOT_PRODUCTION_READY,True,False
MID,194912,Faouzi Abd El Mouttalib,524511,Saad Nassik,99.167383,2.632004,99.167383,4,medium_research_only,SAME_ROLE_ONLY;RESEARCH_ONLY;SAMPLE_TOO_SMALL_LOCAL_11_MATCHES_NOT_PRODUCTION_READY,True,False
MID,195016,Mouad Mouchtanim,199611,Youssef Mehri,96.250399,6.632464,96.250399,4,medium_research_only,SAME_ROLE_ONLY;RESEARCH_ONLY;SAMPLE_TOO_SMALL_LOCAL_11_MATCHES_NOT_PRODUCTION_READY,True,False
MID,195016,Mouad Mouchtanim,203027,Walid Rhailouf,98.462538,4.450544,98.462538,4,medium_research_only,SAME_ROLE_ONLY;RESEARCH_ONLY;SAMPLE_TOO_SMALL_LOCAL_11_MATCHES_NOT_PRODUCTION_READY,True,False
MID,195016,Mouad Mouchtanim,225437,Stephane Aziz Ki,97.727818,9.540353,97.727818,4,medium_research_only,SAME_ROLE_ONLY;RESEARCH_ONLY;SAMPLE_TOO_SMALL_LOCAL_11_MATCHES_NOT_PRODUCTION_READY,True,False
MID,195016,Mouad Mouchtanim,261620,Nadir Lougmani,97.10121,8.596605,97.10121,4,medium_research_only,SAME_ROLE_ONLY;RESEARCH_ONLY;SAMPLE_TOO_SMALL_LOCAL_11_MATCHES_NOT_PRODUCTION_READY,True,False
MID,195016,Mouad Mouchtanim,275341,Yazid Faffa,99.588661,5.707733,99.588661,4,medium_research_only,SAME_ROLE_ONLY;RESEARCH_ONLY;SAMPLE_TOO_SMALL_LOCAL_11_MATCHES_NOT_PRODUCTION_READY,True,False
MID,195016,Mouad Mouchtanim,312935,Amine Azri,99.044551,3.506344,99.044551,4,medium_research_only,SAME_ROLE_ONLY;RESEARCH_ONLY;SAMPLE_TOO_SMALL_LOCAL_11_MATCHES_NOT_PRODUCTION_READY,True,False
MID,195016,Mouad Mouchtanim,313277,Mohamed Chemlal,88.862484,26.16023,88.862484,4,medium_research_only,SAME_ROLE_ONLY;RESEARCH_ONLY;SAMPLE_TOO_SMALL_LOCAL_11_MATCHES_NOT_PRODUCTION_READY,True,False
MID,195016,Mouad Mouchtanim,313284,Achraf Harmach,98.53641,5.312596,98.53641,4,medium_research_only,SAME_ROLE_ONLY;RESEARCH_ONLY;SAMPLE_TOO_SMALL_LOCAL_11_MATCHES_NOT_PRODUCTION_READY,True,False
MID,195016,Mouad Mouchtanim,314460,Ayoub Bouaadli,98.876119,3.782162,98.876119,4,medium_research_only,SAME_ROLE_ONLY;RESEARCH_ONLY;SAMPLE_TOO_SMALL_LOCAL_11_MATCHES_NOT_PRODUCTION_READY,True,False
MID,195016,Mouad Mouchtanim,323979,Zakaria Fatihi,94.591389,8.959016,94.591389,4,medium_research_only,SAME_ROLE_ONLY;RESEARCH_ONLY;SAMPLE_TOO_SMALL_LOCAL_11_MATCHES_NOT_PRODUCTION_READY,True,False
MID,195016,Mouad Mouchtanim,360838,Zakaria Ami,88.929308,12.324813,88.929308,4,medium_research_only,SAME_ROLE_ONLY;RESEARCH_ONLY;SAMPLE_TOO_SMALL_LOCAL_11_MATCHES_NOT_PRODUCTION_READY,True,False
MID,195016,Mouad Mouchtanim,380600,Mouad Goulouss,98.879556,9.484027,98.879556,4,medium_research_only,SAME_ROLE_ONLY;RESEARCH_ONLY;SAMPLE_TOO_SMALL_LOCAL_11_MATCHES_NOT_PRODUCTION_READY,True,False
MID,195016,Mouad Mouchtanim,381935,Ismail Mihrab,98.426992,7.38062,98.426992,4,medium_research_only,SAME_ROLE_ONLY;RESEARCH_ONLY;SAMPLE_TOO_SMALL_LOCAL_11_MATCHES_NOT_PRODUCTION_READY,True,False
MID,195016,Mouad Mouchtanim,396748,Youssef Laghzal,96.177179,10.877185,96.177179,4,medium_research_only,SAME_ROLE_ONLY;RESEARCH_ONLY;SAMPLE_TOO_SMALL_LOCAL_11_MATCHES_NOT_PRODUCTION_READY,True,False
MID,195016,Mouad Mouchtanim,405645,Othmane Chraibi,96.664905,8.906837,96.664905,4,medium_research_only,SAME_ROLE_ONLY;RESEARCH_ONLY;SAMPLE_TOO_SMALL_LOCAL_11_MATCHES_NOT_PRODUCTION_READY,True,False
MID,195016,Mouad Mouchtanim,406269,Danilson Gomes Tavares,98.735988,7.266847,98.735988,4,medium_research_only,SAME_ROLE_ONLY;RESEARCH_ONLY;SAMPLE_TOO_SMALL_LOCAL_11_MATCHES_NOT_PRODUCTION_READY,True,False
MID,195016,Mouad Mouchtanim,407207,Ennaama El Bellali,98.592222,4.104128,98.592222,4,medium_research_only,SAME_ROLE_ONLY;RESEARCH_ONLY;SAMPLE_TOO_SMALL_LOCAL_11_MATCHES_NOT_PRODUCTION_READY,True,False
MID,195016,Mouad Mouchtanim,407506,Oussama Nourdine,97.962826,4.920439,97.962826,4,medium_research_only,SAME_ROLE_ONLY;RESEARCH_ONLY;SAMPLE_TOO_SMALL_LOCAL_11_MATCHES_NOT_PRODUCTION_READY,True,False
MID,195016,Mouad Mouchtanim,407852,Abdessamad Mahir,98.858775,4.212202,98.858775,4,medium_research_only,SAME_ROLE_ONLY;RESEARCH_ONLY;SAMPLE_TOO_SMALL_LOCAL_11_MATCHES_NOT_PRODUCTION_READY,True,False
MID,195016,Mouad Mouchtanim,415853,Claude Gnolou,99.069207,3.367501,99.069207,4,medium_research_only,SAME_ROLE_ONLY;RESEARCH_ONLY;SAMPLE_TOO_SMALL_LOCAL_11_MATCHES_NOT_PRODUCTION_READY,True,False
MID,195016,Mouad Mouchtanim,416303,El Mahdi Akoumi,99.176476,7.755491,99.176476,4,medium_research_only,SAME_ROLE_ONLY;RESEARCH_ONLY;SAMPLE_TOO_SMALL_LOCAL_11_MATCHES_NOT_PRODUCTION_READY,True,False
MID,195016,Mouad Mouchtanim,424979,Soufiane Tazi,98.900367,3.799563,98.900367,4,medium_research_only,SAME_ROLE_ONLY;RESEARCH_ONLY;SAMPLE_TOO_SMALL_LOCAL_11_MATCHES_NOT_PRODUCTION_READY,True,False
MID,195016,Mouad Mouchtanim,442288,Adnane Berdad,99.315276,4.680005,99.315276,4,medium_research_only,SAME_ROLE_ONLY;RESEARCH_ONLY;SAMPLE_TOO_SMALL_LOCAL_11_MATCHES_NOT_PRODUCTION_READY,True,False
MID,195016,Mouad Mouchtanim,442292,Abdellatif El Bajjani,97.588603,5.358394,97.588603,4,medium_research_only,SAME_ROLE_ONLY;RESEARCH_ONLY;SAMPLE_TOO_SMALL_LOCAL_11_MATCHES_NOT_PRODUCTION_READY,True,False
MID,195016,Mouad Mouchtanim,443951,Youness Akharraz,96.480955,8.269527,96.480955,4,medium_research_only,SAME_ROLE_ONLY;RESEARCH_ONLY;SAMPLE_TOO_SMALL_LOCAL_11_MATCHES_NOT_PRODUCTION_READY,True,False
MID,195016,Mouad Mouchtanim,445163,Ayoub Maamouri,95.21204,11.07837,95.21204,4,medium_research_only,SAME_ROLE_ONLY;RESEARCH_ONLY;SAMPLE_TOO_SMALL_LOCAL_11_MATCHES_NOT_PRODUCTION_READY,True,False
MID,195016,Mouad Mouchtanim,446355,Ishak Zidani,98.195006,4.846412,98.195006,4,medium_research_only,SAME_ROLE_ONLY;RESEARCH_ONLY;SAMPLE_TOO_SMALL_LOCAL_11_MATCHES_NOT_PRODUCTION_READY,True,False
MID,195016,Mouad Mouchtanim,449373,Marouane Oujeddou,97.840707,6.822092,97.840707,4,medium_research_only,SAME_ROLE_ONLY;RESEARCH_ONLY;SAMPLE_TOO_SMALL_LOCAL_11_MATCHES_NOT_PRODUCTION_READY,True,False
MID,195016,Mouad Mouchtanim,449471,Ayman Tarrazi,98.338572,6.737867,98.338572,4,medium_research_only,SAME_ROLE_ONLY;RESEARCH_ONLY;SAMPLE_TOO_SMALL_LOCAL_11_MATCHES_NOT_PRODUCTION_READY,True,False
MID,195016,Mouad Mouchtanim,450709,Joseph Bakasu       ,97.109062,5.950107,97.109062,4,medium_research_only,SAME_ROLE_ONLY;RESEARCH_ONLY;SAMPLE_TOO_SMALL_LOCAL_11_MATCHES_NOT_PRODUCTION_READY,True,False
MID,195016,Mouad Mouchtanim,460266,Youness Dahmani,84.775695,13.594324,84.775695,4,medium_research_only,SAME_ROLE_ONLY;RESEARCH_ONLY;SAMPLE_TOO_SMALL_LOCAL_11_MATCHES_NOT_PRODUCTION_READY,True,False
MID,195016,Mouad Mouchtanim,477679,Redouane Oubidar,97.591657,5.342426,97.591657,4,medium_research_only,SAME_ROLE_ONLY;RESEARCH_ONLY;SAMPLE_TOO_SMALL_LOCAL_11_MATCHES_NOT_PRODUCTION_READY,True,False
MID,195016,Mouad Mouchtanim,477680,Hamza Saoud,97.563531,7.64137,97.563531,4,medium_research_only,SAME_ROLE_ONLY;RESEARCH_ONLY;SAMPLE_TOO_SMALL_LOCAL_11_MATCHES_NOT_PRODUCTION_READY,True,False
MID,195016,Mouad Mouchtanim,477682,Ayoub Benaadi,96.490315,6.587409,96.490315,4,medium_research_only,SAME_ROLE_ONLY;RESEARCH_ONLY;SAMPLE_TOO_SMALL_LOCAL_11_MATCHES_NOT_PRODUCTION_READY,True,False
MID,195016,Mouad Mouchtanim,477688,Ayoub El Khaffi,97.885234,9.199639,97.885234,4,medium_research_only,SAME_ROLE_ONLY;RESEARCH_ONLY;SAMPLE_TOO_SMALL_LOCAL_11_MATCHES_NOT_PRODUCTION_READY,True,False
MID,195016,Mouad Mouchtanim,523298,Mohamed Ahayaoui,99.79639,2.253652,99.79639,4,medium_research_only,SAME_ROLE_ONLY;RESEARCH_ONLY;SAMPLE_TOO_SMALL_LOCAL_11_MATCHES_NOT_PRODUCTION_READY,True,False
MID,195016,Mouad Mouchtanim,523308,Adil Khalloufi,98.509969,4.328976,98.509969,4,medium_research_only,SAME_ROLE_ONLY;RESEARCH_ONLY;SAMPLE_TOO_SMALL_LOCAL_11_MATCHES_NOT_PRODUCTION_READY,True,False
MID,195016,Mouad Mouchtanim,523312,Brahim Mansouri,93.378554,8.671017,93.378554,4,medium_research_only,SAME_ROLE_ONLY;RESEARCH_ONLY;SAMPLE_TOO_SMALL_LOCAL_11_MATCHES_NOT_PRODUCTION_READY,True,False
MID,195016,Mouad Mouchtanim,523319,Omar Ouddah,98.14663,5.401766,98.14663,4,medium_research_only,SAME_ROLE_ONLY;RESEARCH_ONLY;SAMPLE_TOO_SMALL_LOCAL_11_MATCHES_NOT_PRODUCTION_READY,True,False
MID,195016,Mouad Mouchtanim,523973,Hamza Rafa,96.68891,6.239867,96.68891,4,medium_research_only,SAME_ROLE_ONLY;RESEARCH_ONLY;SAMPLE_TOO_SMALL_LOCAL_11_MATCHES_NOT_PRODUCTION_READY,True,False
MID,195016,Mouad Mouchtanim,523996,Fred Duval Ngoma,97.122091,5.827487,97.122091,4,medium_research_only,SAME_ROLE_ONLY;RESEARCH_ONLY;SAMPLE_TOO_SMALL_LOCAL_11_MATCHES_NOT_PRODUCTION_READY,True,False
MID,195016,Mouad Mouchtanim,523997,Karim L'Koucha,99.046263,7.849966,99.046263,4,medium_research_only,SAME_ROLE_ONLY;RESEARCH_ONLY;SAMPLE_TOO_SMALL_LOCAL_11_MATCHES_NOT_PRODUCTION_READY,True,False
MID,195016,Mouad Mouchtanim,523999,Zakaria Kessary,97.611418,5.421464,97.611418,4,medium_research_only,SAME_ROLE_ONLY;RESEARCH_ONLY;SAMPLE_TOO_SMALL_LOCAL_11_MATCHES_NOT_PRODUCTION_READY,True,False
MID,195016,Mouad Mouchtanim,524000,Ahmed Aboulfath,90.343171,10.607921,90.343171,4,medium_research_only,SAME_ROLE_ONLY;RESEARCH_ONLY;SAMPLE_TOO_SMALL_LOCAL_11_MATCHES_NOT_PRODUCTION_READY,True,False
MID,195016,Mouad Mouchtanim,524002,Salim Ghazzani,92.323341,12.827791,92.323341,4,medium_research_only,SAME_ROLE_ONLY;RESEARCH_ONLY;SAMPLE_TOO_SMALL_LOCAL_11_MATCHES_NOT_PRODUCTION_READY,True,False
MID,195016,Mouad Mouchtanim,524003,Mohammed Es-Sahel,98.265713,5.37039,98.265713,4,medium_research_only,SAME_ROLE_ONLY;RESEARCH_ONLY;SAMPLE_TOO_SMALL_LOCAL_11_MATCHES_NOT_PRODUCTION_READY,True,False
MID,195016,Mouad Mouchtanim,524511,Saad Nassik,98.488934,4.901419,98.488934,4,medium_research_only,SAME_ROLE_ONLY;RESEARCH_ONLY;SAMPLE_TOO_SMALL_LOCAL_11_MATCHES_NOT_PRODUCTION_READY,True,False
MID,199611,Youssef Mehri,203027,Walid Rhailouf,97.65262,5.698713,97.65262,4,medium_research_only,SAME_ROLE_ONLY;RESEARCH_ONLY;SAMPLE_TOO_SMALL_LOCAL_11_MATCHES_NOT_PRODUCTION_READY,True,False
MID,199611,Youssef Mehri,225437,Stephane Aziz Ki,99.783435,7.114869,99.783435,4,medium_research_only,SAME_ROLE_ONLY;RESEARCH_ONLY;SAMPLE_TOO_SMALL_LOCAL_11_MATCHES_NOT_PRODUCTION_READY,True,False
MID,199611,Youssef Mehri,261620,Nadir Lougmani,95.221613,7.811652,95.221613,4,medium_research_only,SAME_ROLE_ONLY;RESEARCH_ONLY;SAMPLE_TOO_SMALL_LOCAL_11_MATCHES_NOT_PRODUCTION_READY,True,False
MID,199611,Youssef Mehri,275341,Yazid Faffa,94.916701,7.172342,94.916701,4,medium_research_only,SAME_ROLE_ONLY;RESEARCH_ONLY;SAMPLE_TOO_SMALL_LOCAL_11_MATCHES_NOT_PRODUCTION_READY,True,False
MID,199611,Youssef Mehri,312935,Amine Azri,92.961534,8.459732,92.961534,4,medium_research_only,SAME_ROLE_ONLY;RESEARCH_ONLY;SAMPLE_TOO_SMALL_LOCAL_11_MATCHES_NOT_PRODUCTION_READY,True,False
MID,199611,Youssef Mehri,313277,Mohamed Chemlal,97.279086,23.06104,97.279086,4,medium_research_only,SAME_ROLE_ONLY;RESEARCH_ONLY;SAMPLE_TOO_SMALL_LOCAL_11_MATCHES_NOT_PRODUCTION_READY,True,False
MID,199611,Youssef Mehri,313284,Achraf Harmach,93.921594,7.479733,93.921594,4,medium_research_only,SAME_ROLE_ONLY;RESEARCH_ONLY;SAMPLE_TOO_SMALL_LOCAL_11_MATCHES_NOT_PRODUCTION_READY,True,False
MID,199611,Youssef Mehri,314460,Ayoub Bouaadli,95.912626,6.438197,95.912626,4,medium_research_only,SAME_ROLE_ONLY;RESEARCH_ONLY;SAMPLE_TOO_SMALL_LOCAL_11_MATCHES_NOT_PRODUCTION_READY,True,False
MID,199611,Youssef Mehri,323979,Zakaria Fatihi,88.823518,12.478398,88.823518,4,medium_research_only,SAME_ROLE_ONLY;RESEARCH_ONLY;SAMPLE_TOO_SMALL_LOCAL_11_MATCHES_NOT_PRODUCTION_READY,True,False
MID,199611,Youssef Mehri,360838,Zakaria Ami,84.996959,11.597869,84.996959,4,medium_research_only,SAME_ROLE_ONLY;RESEARCH_ONLY;SAMPLE_TOO_SMALL_LOCAL_11_MATCHES_NOT_PRODUCTION_READY,True,False
MID,199611,Youssef Mehri,380600,Mouad Goulouss,94.517902,9.09762,94.517902,4,medium_research_only,SAME_ROLE_ONLY;RESEARCH_ONLY;SAMPLE_TOO_SMALL_LOCAL_11_MATCHES_NOT_PRODUCTION_READY,True,False
MID,199611,Youssef Mehri,381935,Ismail Mihrab,91.606196,8.93721,91.606196,4,medium_research_only,SAME_ROLE_ONLY;RESEARCH_ONLY;SAMPLE_TOO_SMALL_LOCAL_11_MATCHES_NOT_PRODUCTION_READY,True,False
MID,199611,Youssef Mehri,396748,Youssef Laghzal,85.890245,11.519277,85.890245,4,medium_research_only,SAME_ROLE_ONLY;RESEARCH_ONLY;SAMPLE_TOO_SMALL_LOCAL_11_MATCHES_NOT_PRODUCTION_READY,True,False
MID,199611,Youssef Mehri,405645,Othmane Chraibi,92.793123,12.25446,92.793123,4,medium_research_only,SAME_ROLE_ONLY;RESEARCH_ONLY;SAMPLE_TOO_SMALL_LOCAL_11_MATCHES_NOT_PRODUCTION_READY,True,False
MID,199611,Youssef Mehri,406269,Danilson Gomes Tavares,92.606337,8.56319,92.606337,4,medium_research_only,SAME_ROLE_ONLY;RESEARCH_ONLY;SAMPLE_TOO_SMALL_LOCAL_11_MATCHES_NOT_PRODUCTION_READY,True,False
MID,199611,Youssef Mehri,407207,Ennaama El Bellali,94.595504,7.641519,94.595504,4,medium_research_only,SAME_ROLE_ONLY;RESEARCH_ONLY;SAMPLE_TOO_SMALL_LOCAL_11_MATCHES_NOT_PRODUCTION_READY,True,False
MID,199611,Youssef Mehri,407506,Oussama Nourdine,89.048245,10.771897,89.048245,4,medium_research_only,SAME_ROLE_ONLY;RESEARCH_ONLY;SAMPLE_TOO_SMALL_LOCAL_11_MATCHES_NOT_PRODUCTION_READY,True,False
MID,199611,Youssef Mehri,407852,Abdessamad Mahir,91.496961,8.959909,91.496961,4,medium_research_only,SAME_ROLE_ONLY;RESEARCH_ONLY;SAMPLE_TOO_SMALL_LOCAL_11_MATCHES_NOT_PRODUCTION_READY,True,False
MID,199611,Youssef Mehri,415853,Claude Gnolou,92.207599,9.085823,92.207599,4,medium_research_only,SAME_ROLE_ONLY;RESEARCH_ONLY;SAMPLE_TOO_SMALL_LOCAL_11_MATCHES_NOT_PRODUCTION_READY,True,False
MID,199611,Youssef Mehri,416303,El Mahdi Akoumi,95.774671,7.618107,95.774671,4,medium_research_only,SAME_ROLE_ONLY;RESEARCH_ONLY;SAMPLE_TOO_SMALL_LOCAL_11_MATCHES_NOT_PRODUCTION_READY,True,False
MID,199611,Youssef Mehri,424979,Soufiane Tazi,97.04096,6.312558,97.04096,4,medium_research_only,SAME_ROLE_ONLY;RESEARCH_ONLY;SAMPLE_TOO_SMALL_LOCAL_11_MATCHES_NOT_PRODUCTION_READY,True,False
MID,199611,Youssef Mehri,442288,Adnane Berdad,94.284854,7.275839,94.284854,4,medium_research_only,SAME_ROLE_ONLY;RESEARCH_ONLY;SAMPLE_TOO_SMALL_LOCAL_11_MATCHES_NOT_PRODUCTION_READY,True,False
MID,199611,Youssef Mehri,442292,Abdellatif El Bajjani,94.072702,8.049004,94.072702,4,medium_research_only,SAME_ROLE_ONLY;RESEARCH_ONLY;SAMPLE_TOO_SMALL_LOCAL_11_MATCHES_NOT_PRODUCTION_READY,True,False
MID,199611,Youssef Mehri,443951,Youness Akharraz,92.031149,8.752993,92.031149,4,medium_research_only,SAME_ROLE_ONLY;RESEARCH_ONLY;SAMPLE_TOO_SMALL_LOCAL_11_MATCHES_NOT_PRODUCTION_READY,True,False
MID,199611,Youssef Mehri,445163,Ayoub Maamouri,98.033846,8.667635,98.033846,4,medium_research_only,SAME_ROLE_ONLY;RESEARCH_ONLY;SAMPLE_TOO_SMALL_LOCAL_11_MATCHES_NOT_PRODUCTION_READY,True,False
MID,199611,Youssef Mehri,446355,Ishak Zidani,96.236226,6.025295,96.236226,4,medium_research_only,SAME_ROLE_ONLY;RESEARCH_ONLY;SAMPLE_TOO_SMALL_LOCAL_11_MATCHES_NOT_PRODUCTION_READY,True,False
MID,199611,Youssef Mehri,449373,Marouane Oujeddou,99.662115,3.90351,99.662115,4,medium_research_only,SAME_ROLE_ONLY;RESEARCH_ONLY;SAMPLE_TOO_SMALL_LOCAL_11_MATCHES_NOT_PRODUCTION_READY,True,False
MID,199611,Youssef Mehri,449471,Ayman Tarrazi,90.246813,9.32238,90.246813,4,medium_research_only,SAME_ROLE_ONLY;RESEARCH_ONLY;SAMPLE_TOO_SMALL_LOCAL_11_MATCHES_NOT_PRODUCTION_READY,True,False
MID,199611,Youssef Mehri,450709,Joseph Bakasu       ,92.147245,8.66679,92.147245,4,medium_research_only,SAME_ROLE_ONLY;RESEARCH_ONLY;SAMPLE_TOO_SMALL_LOCAL_11_MATCHES_NOT_PRODUCTION_READY,True,False
MID,199611,Youssef Mehri,460266,Youness Dahmani,78.077782,13.10183,78.077782,4,medium_research_only,SAME_ROLE_ONLY;RESEARCH_ONLY;SAMPLE_TOO_SMALL_LOCAL_11_MATCHES_NOT_PRODUCTION_READY,True,False
MID,199611,Youssef Mehri,477679,Redouane Oubidar,88.92077,10.834325,88.92077,4,medium_research_only,SAME_ROLE_ONLY;RESEARCH_ONLY;SAMPLE_TOO_SMALL_LOCAL_11_MATCHES_NOT_PRODUCTION_READY,True,False
MID,199611,Youssef Mehri,477680,Hamza Saoud,96.416502,9.47135,96.416502,4,medium_research_only,SAME_ROLE_ONLY;RESEARCH_ONLY;SAMPLE_TOO_SMALL_LOCAL_11_MATCHES_NOT_PRODUCTION_READY,True,False
MID,199611,Youssef Mehri,477682,Ayoub Benaadi,99.316139,2.690657,99.316139,4,medium_research_only,SAME_ROLE_ONLY;RESEARCH_ONLY;SAMPLE_TOO_SMALL_LOCAL_11_MATCHES_NOT_PRODUCTION_READY,True,False
MID,199611,Youssef Mehri,477688,Ayoub El Khaffi,92.14472,14.013862,92.14472,4,medium_research_only,SAME_ROLE_ONLY;RESEARCH_ONLY;SAMPLE_TOO_SMALL_LOCAL_11_MATCHES_NOT_PRODUCTION_READY,True,False
MID,199611,Youssef Mehri,523298,Mohamed Ahayaoui,94.530831,8.710505,94.530831,4,medium_research_only,SAME_ROLE_ONLY;RESEARCH_ONLY;SAMPLE_TOO_SMALL_LOCAL_11_MATCHES_NOT_PRODUCTION_READY,True,False
MID,199611,Youssef Mehri,523308,Adil Khalloufi,91.053003,10.243889,91.053003,4,medium_research_only,SAME_ROLE_ONLY;RESEARCH_ONLY;SAMPLE_TOO_SMALL_LOCAL_11_MATCHES_NOT_PRODUCTION_READY,True,False
MID,199611,Youssef Mehri,523312,Brahim Mansouri,98.895034,3.280175,98.895034,4,medium_research_only,SAME_ROLE_ONLY;RESEARCH_ONLY;SAMPLE_TOO_SMALL_LOCAL_11_MATCHES_NOT_PRODUCTION_READY,True,False
MID,199611,Youssef Mehri,523319,Omar Ouddah,89.414034,11.963862,89.414034,4,medium_research_only,SAME_ROLE_ONLY;RESEARCH_ONLY;SAMPLE_TOO_SMALL_LOCAL_11_MATCHES_NOT_PRODUCTION_READY,True,False
MID,199611,Youssef Mehri,523973,Hamza Rafa,92.340173,8.964014,92.340173,4,medium_research_only,SAME_ROLE_ONLY;RESEARCH_ONLY;SAMPLE_TOO_SMALL_LOCAL_11_MATCHES_NOT_PRODUCTION_READY,True,False
MID,199611,Youssef Mehri,523996,Fred Duval Ngoma,92.235974,9.048681,92.235974,4,medium_research_only,SAME_ROLE_ONLY;RESEARCH_ONLY;SAMPLE_TOO_SMALL_LOCAL_11_MATCHES_NOT_PRODUCTION_READY,True,False
MID,199611,Youssef Mehri,523997,Karim L'Koucha,92.835061,8.762498,92.835061,4,medium_research_only,SAME_ROLE_ONLY;RESEARCH_ONLY;SAMPLE_TOO_SMALL_LOCAL_11_MATCHES_NOT_PRODUCTION_READY,True,False
MID,199611,Youssef Mehri,523999,Zakaria Kessary,96.211956,6.764864,96.211956,4,medium_research_only,SAME_ROLE_ONLY;RESEARCH_ONLY;SAMPLE_TOO_SMALL_LOCAL_11_MATCHES_NOT_PRODUCTION_READY,True,False
MID,199611,Youssef Mehri,524000,Ahmed Aboulfath,84.831272,11.24211,84.831272,4,medium_research_only,SAME_ROLE_ONLY;RESEARCH_ONLY;SAMPLE_TOO_SMALL_LOCAL_11_MATCHES_NOT_PRODUCTION_READY,True,False
MID,199611,Youssef Mehri,524002,Salim Ghazzani,94.232897,12.186155,94.232897,4,medium_research_only,SAME_ROLE_ONLY;RESEARCH_ONLY;SAMPLE_TOO_SMALL_LOCAL_11_MATCHES_NOT_PRODUCTION_READY,True,False
MID,199611,Youssef Mehri,524003,Mohammed Es-Sahel,89.697632,9.636828,89.697632,4,medium_research_only,SAME_ROLE_ONLY;RESEARCH_ONLY;SAMPLE_TOO_SMALL_LOCAL_11_MATCHES_NOT_PRODUCTION_READY,True,False
MID,199611,Youssef Mehri,524511,Saad Nassik,92.980823,8.057617,92.980823,4,medium_research_only,SAME_ROLE_ONLY;RESEARCH_ONLY;SAMPLE_TOO_SMALL_LOCAL_11_MATCHES_NOT_PRODUCTION_READY,True,False
MID,203027,Walid Rhailouf,225437,Stephane Aziz Ki,98.258546,10.019649,98.258546,4,medium_research_only,SAME_ROLE_ONLY;RESEARCH_ONLY;SAMPLE_TOO_SMALL_LOCAL_11_MATCHES_NOT_PRODUCTION_READY,True,False
MID,203027,Walid Rhailouf,261620,Nadir Lougmani,99.396066,8.252698,99.396066,4,medium_research_only,SAME_ROLE_ONLY;RESEARCH_ONLY;SAMPLE_TOO_SMALL_LOCAL_11_MATCHES_NOT_PRODUCTION_READY,True,False
MID,203027,Walid Rhailouf,275341,Yazid Faffa,97.450344,7.676427,97.450344,4,medium_research_only,SAME_ROLE_ONLY;RESEARCH_ONLY;SAMPLE_TOO_SMALL_LOCAL_11_MATCHES_NOT_PRODUCTION_READY,True,False
MID,203027,Walid Rhailouf,312935,Amine Azri,96.380204,6.780218,96.380204,4,medium_research_only,SAME_ROLE_ONLY;RESEARCH_ONLY;SAMPLE_TOO_SMALL_LOCAL_11_MATCHES_NOT_PRODUCTION_READY,True,False
MID,203027,Walid Rhailouf,313277,Mohamed Chemlal,90.457102,25.027666,90.457102,4,medium_research_only,SAME_ROLE_ONLY;RESEARCH_ONLY;SAMPLE_TOO_SMALL_LOCAL_11_MATCHES_NOT_PRODUCTION_READY,True,False
MID,203027,Walid Rhailouf,313284,Achraf Harmach,98.882265,5.552655,98.882265,4,medium_research_only,SAME_ROLE_ONLY;RESEARCH_ONLY;SAMPLE_TOO_SMALL_LOCAL_11_MATCHES_NOT_PRODUCTION_READY,True,False
MID,203027,Walid Rhailouf,314460,Ayoub Bouaadli,99.660713,2.796003,99.660713,4,medium_research_only,SAME_ROLE_ONLY;RESEARCH_ONLY;SAMPLE_TOO_SMALL_LOCAL_11_MATCHES_NOT_PRODUCTION_READY,True,False
MID,203027,Walid Rhailouf,323979,Zakaria Fatihi,93.414734,9.860702,93.414734,4,medium_research_only,SAME_ROLE_ONLY;RESEARCH_ONLY;SAMPLE_TOO_SMALL_LOCAL_11_MATCHES_NOT_PRODUCTION_READY,True,False
MID,203027,Walid Rhailouf,360838,Zakaria Ami,82.283326,14.323765,82.283326,4,medium_research_only,SAME_ROLE_ONLY;RESEARCH_ONLY;SAMPLE_TOO_SMALL_LOCAL_11_MATCHES_NOT_PRODUCTION_READY,True,False
MID,203027,Walid Rhailouf,380600,Mouad Goulouss,97.959492,10.407533,97.959492,4,medium_research_only,SAME_ROLE_ONLY;RESEARCH_ONLY;SAMPLE_TOO_SMALL_LOCAL_11_MATCHES_NOT_PRODUCTION_READY,True,False
MID,203027,Walid Rhailouf,381935,Ismail Mihrab,94.95456,9.561183,94.95456,4,medium_research_only,SAME_ROLE_ONLY;RESEARCH_ONLY;SAMPLE_TOO_SMALL_LOCAL_11_MATCHES_NOT_PRODUCTION_READY,True,False
MID,203027,Walid Rhailouf,396748,Youssef Laghzal,91.129365,12.653132,91.129365,4,medium_research_only,SAME_ROLE_ONLY;RESEARCH_ONLY;SAMPLE_TOO_SMALL_LOCAL_11_MATCHES_NOT_PRODUCTION_READY,True,False
MID,203027,Walid Rhailouf,405645,Othmane Chraibi,98.599342,6.578035,98.599342,4,medium_research_only,SAME_ROLE_ONLY;RESEARCH_ONLY;SAMPLE_TOO_SMALL_LOCAL_11_MATCHES_NOT_PRODUCTION_READY,True,False
MID,203027,Walid Rhailouf,406269,Danilson Gomes Tavares,96.198723,9.069918,96.198723,4,medium_research_only,SAME_ROLE_ONLY;RESEARCH_ONLY;SAMPLE_TOO_SMALL_LOCAL_11_MATCHES_NOT_PRODUCTION_READY,True,False
MID,203027,Walid Rhailouf,407207,Ennaama El Bellali,99.24444,3.277208,99.24444,4,medium_research_only,SAME_ROLE_ONLY;RESEARCH_ONLY;SAMPLE_TOO_SMALL_LOCAL_11_MATCHES_NOT_PRODUCTION_READY,True,False
MID,203027,Walid Rhailouf,407506,Oussama Nourdine,94.727673,8.101714,94.727673,4,medium_research_only,SAME_ROLE_ONLY;RESEARCH_ONLY;SAMPLE_TOO_SMALL_LOCAL_11_MATCHES_NOT_PRODUCTION_READY,True,False
MID,203027,Walid Rhailouf,407852,Abdessamad Mahir,95.367002,7.729309,95.367002,4,medium_research_only,SAME_ROLE_ONLY;RESEARCH_ONLY;SAMPLE_TOO_SMALL_LOCAL_11_MATCHES_NOT_PRODUCTION_READY,True,False
MID,203027,Walid Rhailouf,415853,Claude Gnolou,97.074276,6.102768,97.074276,4,medium_research_only,SAME_ROLE_ONLY;RESEARCH_ONLY;SAMPLE_TOO_SMALL_LOCAL_11_MATCHES_NOT_PRODUCTION_READY,True,False
MID,203027,Walid Rhailouf,416303,El Mahdi Akoumi,99.421407,8.298012,99.421407,4,medium_research_only,SAME_ROLE_ONLY;RESEARCH_ONLY;SAMPLE_TOO_SMALL_LOCAL_11_MATCHES_NOT_PRODUCTION_READY,True,False
MID,203027,Walid Rhailouf,424979,Soufiane Tazi,99.923653,1.003197,99.923653,4,medium_research_only,SAME_ROLE_ONLY;RESEARCH_ONLY;SAMPLE_TOO_SMALL_LOCAL_11_MATCHES_NOT_PRODUCTION_READY,True,False
MID,203027,Walid Rhailouf,442288,Adnane Berdad,98.721107,5.798686,98.721107,4,medium_research_only,SAME_ROLE_ONLY;RESEARCH_ONLY;SAMPLE_TOO_SMALL_LOCAL_11_MATCHES_NOT_PRODUCTION_READY,True,False
MID,203027,Walid Rhailouf,442292,Abdellatif El Bajjani,98.918549,3.806438,98.918549,4,medium_research_only,SAME_ROLE_ONLY;RESEARCH_ONLY;SAMPLE_TOO_SMALL_LOCAL_11_MATCHES_NOT_PRODUCTION_READY,True,False
MID,203027,Walid Rhailouf,443951,Youness Akharraz,98.030883,8.132436,98.030883,4,medium_research_only,SAME_ROLE_ONLY;RESEARCH_ONLY;SAMPLE_TOO_SMALL_LOCAL_11_MATCHES_NOT_PRODUCTION_READY,True,False
MID,203027,Walid Rhailouf,445163,Ayoub Maamouri,93.560294,12.095313,93.560294,4,medium_research_only,SAME_ROLE_ONLY;RESEARCH_ONLY;SAMPLE_TOO_SMALL_LOCAL_11_MATCHES_NOT_PRODUCTION_READY,True,False
MID,203027,Walid Rhailouf,446355,Ishak Zidani,99.761634,3.156643,99.761634,4,medium_research_only,SAME_ROLE_ONLY;RESEARCH_ONLY;SAMPLE_TOO_SMALL_LOCAL_11_MATCHES_NOT_PRODUCTION_READY,True,False
MID,203027,Walid Rhailouf,449373,Marouane Oujeddou,98.370186,7.081252,98.370186,4,medium_research_only,SAME_ROLE_ONLY;RESEARCH_ONLY;SAMPLE_TOO_SMALL_LOCAL_11_MATCHES_NOT_PRODUCTION_READY,True,False
MID,203027,Walid Rhailouf,449471,Ayman Tarrazi,95.950615,8.614707,95.950615,4,medium_research_only,SAME_ROLE_ONLY;RESEARCH_ONLY;SAMPLE_TOO_SMALL_LOCAL_11_MATCHES_NOT_PRODUCTION_READY,True,False
MID,203027,Walid Rhailouf,450709,Joseph Bakasu       ,98.149104,5.333089,98.149104,4,medium_research_only,SAME_ROLE_ONLY;RESEARCH_ONLY;SAMPLE_TOO_SMALL_LOCAL_11_MATCHES_NOT_PRODUCTION_READY,True,False
MID,203027,Walid Rhailouf,460266,Youness Dahmani,76.298635,15.614892,76.298635,4,medium_research_only,SAME_ROLE_ONLY;RESEARCH_ONLY;SAMPLE_TOO_SMALL_LOCAL_11_MATCHES_NOT_PRODUCTION_READY,True,False
MID,203027,Walid Rhailouf,477679,Redouane Oubidar,92.860899,9.394324,92.860899,4,medium_research_only,SAME_ROLE_ONLY;RESEARCH_ONLY;SAMPLE_TOO_SMALL_LOCAL_11_MATCHES_NOT_PRODUCTION_READY,True,False
MID,203027,Walid Rhailouf,477680,Hamza Saoud,99.375504,5.031674,99.375504,4,medium_research_only,SAME_ROLE_ONLY;RESEARCH_ONLY;SAMPLE_TOO_SMALL_LOCAL_11_MATCHES_NOT_PRODUCTION_READY,True,False
MID,203027,Walid Rhailouf,477682,Ayoub Benaadi,97.904559,5.818756,97.904559,4,medium_research_only,SAME_ROLE_ONLY;RESEARCH_ONLY;SAMPLE_TOO_SMALL_LOCAL_11_MATCHES_NOT_PRODUCTION_READY,True,False
MID,203027,Walid Rhailouf,477688,Ayoub El Khaffi,98.113366,8.551649,98.113366,4,medium_research_only,SAME_ROLE_ONLY;RESEARCH_ONLY;SAMPLE_TOO_SMALL_LOCAL_11_MATCHES_NOT_PRODUCTION_READY,True,False
MID,203027,Walid Rhailouf,523298,Mohamed Ahayaoui,98.05132,5.243629,98.05132,4,medium_research_only,SAME_ROLE_ONLY;RESEARCH_ONLY;SAMPLE_TOO_SMALL_LOCAL_11_MATCHES_NOT_PRODUCTION_READY,True,False
MID,203027,Walid Rhailouf,523308,Adil Khalloufi,96.288101,6.928152,96.288101,4,medium_research_only,SAME_ROLE_ONLY;RESEARCH_ONLY;SAMPLE_TOO_SMALL_LOCAL_11_MATCHES_NOT_PRODUCTION_READY,True,False
MID,203027,Walid Rhailouf,523312,Brahim Mansouri,93.665371,8.811978,93.665371,4,medium_research_only,SAME_ROLE_ONLY;RESEARCH_ONLY;SAMPLE_TOO_SMALL_LOCAL_11_MATCHES_NOT_PRODUCTION_READY,True,False
MID,203027,Walid Rhailouf,523319,Omar Ouddah,94.584546,8.829519,94.584546,4,medium_research_only,SAME_ROLE_ONLY;RESEARCH_ONLY;SAMPLE_TOO_SMALL_LOCAL_11_MATCHES_NOT_PRODUCTION_READY,True,False
MID,203027,Walid Rhailouf,523973,Hamza Rafa,98.293586,4.766265,98.293586,4,medium_research_only,SAME_ROLE_ONLY;RESEARCH_ONLY;SAMPLE_TOO_SMALL_LOCAL_11_MATCHES_NOT_PRODUCTION_READY,True,False
MID,203027,Walid Rhailouf,523996,Fred Duval Ngoma,98.222961,4.843112,98.222961,4,medium_research_only,SAME_ROLE_ONLY;RESEARCH_ONLY;SAMPLE_TOO_SMALL_LOCAL_11_MATCHES_NOT_PRODUCTION_READY,True,False
MID,203027,Walid Rhailouf,523997,Karim L'Koucha,97.925179,8.961279,97.925179,4,medium_research_only,SAME_ROLE_ONLY;RESEARCH_ONLY;SAMPLE_TOO_SMALL_LOCAL_11_MATCHES_NOT_PRODUCTION_READY,True,False
MID,203027,Walid Rhailouf,523999,Zakaria Kessary,99.671703,2.094064,99.671703,4,medium_research_only,SAME_ROLE_ONLY;RESEARCH_ONLY;SAMPLE_TOO_SMALL_LOCAL_11_MATCHES_NOT_PRODUCTION_READY,True,False
MID,203027,Walid Rhailouf,524000,Ahmed Aboulfath,88.573897,11.769307,88.573897,4,medium_research_only,SAME_ROLE_ONLY;RESEARCH_ONLY;SAMPLE_TOO_SMALL_LOCAL_11_MATCHES_NOT_PRODUCTION_READY,True,False
MID,203027,Walid Rhailouf,524002,Salim Ghazzani,91.734494,13.100753,91.734494,4,medium_research_only,SAME_ROLE_ONLY;RESEARCH_ONLY;SAMPLE_TOO_SMALL_LOCAL_11_MATCHES_NOT_PRODUCTION_READY,True,False
MID,203027,Walid Rhailouf,524003,Mohammed Es-Sahel,94.728009,8.380891,94.728009,4,medium_research_only,SAME_ROLE_ONLY;RESEARCH_ONLY;SAMPLE_TOO_SMALL_LOCAL_11_MATCHES_NOT_PRODUCTION_READY,True,False
MID,203027,Walid Rhailouf,524511,Saad Nassik,98.349825,5.5189,98.349825,4,medium_research_only,SAME_ROLE_ONLY;RESEARCH_ONLY;SAMPLE_TOO_SMALL_LOCAL_11_MATCHES_NOT_PRODUCTION_READY,True,False
MID,225437,Stephane Aziz Ki,261620,Nadir Lougmani,95.845527,4.081557,95.845527,4,medium_research_only,SAME_ROLE_ONLY;RESEARCH_ONLY;SAMPLE_TOO_SMALL_LOCAL_11_MATCHES_NOT_PRODUCTION_READY,True,False
MID,225437,Stephane Aziz Ki,275341,Yazid Faffa,96.732133,5.008878,96.732133,4,medium_research_only,SAME_ROLE_ONLY;RESEARCH_ONLY;SAMPLE_TOO_SMALL_LOCAL_11_MATCHES_NOT_PRODUCTION_READY,True,False
MID,225437,Stephane Aziz Ki,312935,Amine Azri,95.107547,9.189907,95.107547,4,medium_research_only,SAME_ROLE_ONLY;RESEARCH_ONLY;SAMPLE_TOO_SMALL_LOCAL_11_MATCHES_NOT_PRODUCTION_READY,True,False
MID,225437,Stephane Aziz Ki,313277,Mohamed Chemlal,96.228398,29.505737,96.228398,4,medium_research_only,SAME_ROLE_ONLY;RESEARCH_ONLY;SAMPLE_TOO_SMALL_LOCAL_11_MATCHES_NOT_PRODUCTION_READY,True,False
MID,225437,Stephane Aziz Ki,313284,Achraf Harmach,95.269501,6.880202,95.269501,4,medium_research_only,SAME_ROLE_ONLY;RESEARCH_ONLY;SAMPLE_TOO_SMALL_LOCAL_11_MATCHES_NOT_PRODUCTION_READY,True,False
MID,225437,Stephane Aziz Ki,314460,Ayoub Bouaadli,97.017209,8.530819,97.017209,4,medium_research_only,SAME_ROLE_ONLY;RESEARCH_ONLY;SAMPLE_TOO_SMALL_LOCAL_11_MATCHES_NOT_PRODUCTION_READY,True,False
MID,225437,Stephane Aziz Ki,323979,Zakaria Fatihi,90.968271,13.660563,90.968271,4,medium_research_only,SAME_ROLE_ONLY;RESEARCH_ONLY;SAMPLE_TOO_SMALL_LOCAL_11_MATCHES_NOT_PRODUCTION_READY,True,False
MID,225437,Stephane Aziz Ki,360838,Zakaria Ami,87.266633,5.922535,87.266633,4,medium_research_only,SAME_ROLE_ONLY;RESEARCH_ONLY;SAMPLE_TOO_SMALL_LOCAL_11_MATCHES_NOT_PRODUCTION_READY,True,False
MID,225437,Stephane Aziz Ki,380600,Mouad Goulouss,96.211149,3.305635,96.211149,4,medium_research_only,SAME_ROLE_ONLY;RESEARCH_ONLY;SAMPLE_TOO_SMALL_LOCAL_11_MATCHES_NOT_PRODUCTION_READY,True,False
MID,225437,Stephane Aziz Ki,381935,Ismail Mihrab,93.983459,5.269136,93.983459,4,medium_research_only,SAME_ROLE_ONLY;RESEARCH_ONLY;SAMPLE_TOO_SMALL_LOCAL_11_MATCHES_NOT_PRODUCTION_READY,True,False
MID,225437,Stephane Aziz Ki,396748,Youssef Laghzal,88.946604,5.461116,88.946604,4,medium_research_only,SAME_ROLE_ONLY;RESEARCH_ONLY;SAMPLE_TOO_SMALL_LOCAL_11_MATCHES_NOT_PRODUCTION_READY,True,False
MID,225437,Stephane Aziz Ki,405645,Othmane Chraibi,93.870096,15.591885,93.870096,4,medium_research_only,SAME_ROLE_ONLY;RESEARCH_ONLY;SAMPLE_TOO_SMALL_LOCAL_11_MATCHES_NOT_PRODUCTION_READY,True,False
MID,225437,Stephane Aziz Ki,406269,Danilson Gomes Tavares,94.778275,4.94269,94.778275,4,medium_research_only,SAME_ROLE_ONLY;RESEARCH_ONLY;SAMPLE_TOO_SMALL_LOCAL_11_MATCHES_NOT_PRODUCTION_READY,True,False
MID,225437,Stephane Aziz Ki,407207,Ennaama El Bellali,95.833469,9.581052,95.833469,4,medium_research_only,SAME_ROLE_ONLY;RESEARCH_ONLY;SAMPLE_TOO_SMALL_LOCAL_11_MATCHES_NOT_PRODUCTION_READY,True,False
MID,225437,Stephane Aziz Ki,407506,Oussama Nourdine,91.617511,10.700606,91.617511,4,medium_research_only,SAME_ROLE_ONLY;RESEARCH_ONLY;SAMPLE_TOO_SMALL_LOCAL_11_MATCHES_NOT_PRODUCTION_READY,True,False
MID,225437,Stephane Aziz Ki,407852,Abdessamad Mahir,93.874699,8.51148,93.874699,4,medium_research_only,SAME_ROLE_ONLY;RESEARCH_ONLY;SAMPLE_TOO_SMALL_LOCAL_11_MATCHES_NOT_PRODUCTION_READY,True,False
MID,225437,Stephane Aziz Ki,415853,Claude Gnolou,94.327196,9.896312,94.327196,4,medium_research_only,SAME_ROLE_ONLY;RESEARCH_ONLY;SAMPLE_TOO_SMALL_LOCAL_11_MATCHES_NOT_PRODUCTION_READY,True,False
MID,225437,Stephane Aziz Ki,416303,El Mahdi Akoumi,96.922738,3.559658,96.922738,4,medium_research_only,SAME_ROLE_ONLY;RESEARCH_ONLY;SAMPLE_TOO_SMALL_LOCAL_11_MATCHES_NOT_PRODUCTION_READY,True,False
MID,225437,Stephane Aziz Ki,424979,Soufiane Tazi,97.892101,10.197344,97.892101,4,medium_research_only,SAME_ROLE_ONLY;RESEARCH_ONLY;SAMPLE_TOO_SMALL_LOCAL_11_MATCHES_NOT_PRODUCTION_READY,True,False
MID,225437,Stephane Aziz Ki,442288,Adnane Berdad,95.903776,6.533342,95.903776,4,medium_research_only,SAME_ROLE_ONLY;RESEARCH_ONLY;SAMPLE_TOO_SMALL_LOCAL_11_MATCHES_NOT_PRODUCTION_READY,True,False
MID,225437,Stephane Aziz Ki,442292,Abdellatif El Bajjani,95.288391,9.876145,95.288391,4,medium_research_only,SAME_ROLE_ONLY;RESEARCH_ONLY;SAMPLE_TOO_SMALL_LOCAL_11_MATCHES_NOT_PRODUCTION_READY,True,False
MID,225437,Stephane Aziz Ki,443951,Youness Akharraz,93.128709,5.616206,93.128709,4,medium_research_only,SAME_ROLE_ONLY;RESEARCH_ONLY;SAMPLE_TOO_SMALL_LOCAL_11_MATCHES_NOT_PRODUCTION_READY,True,False
MID,225437,Stephane Aziz Ki,445163,Ayoub Maamouri,98.296164,2.366043,98.296164,4,medium_research_only,SAME_ROLE_ONLY;RESEARCH_ONLY;SAMPLE_TOO_SMALL_LOCAL_11_MATCHES_NOT_PRODUCTION_READY,True,False
MID,225437,Stephane Aziz Ki,446355,Ishak Zidani,96.981417,7.853187,96.981417,4,medium_research_only,SAME_ROLE_ONLY;RESEARCH_ONLY;SAMPLE_TOO_SMALL_LOCAL_11_MATCHES_NOT_PRODUCTION_READY,True,False
MID,225437,Stephane Aziz Ki,449373,Marouane Oujeddou,99.959228,3.495739,99.959228,4,medium_research_only,SAME_ROLE_ONLY;RESEARCH_ONLY;SAMPLE_TOO_SMALL_LOCAL_11_MATCHES_NOT_PRODUCTION_READY,True,False
MID,225437,Stephane Aziz Ki,449471,Ayman Tarrazi,92.615154,6.322267,92.615154,4,medium_research_only,SAME_ROLE_ONLY;RESEARCH_ONLY;SAMPLE_TOO_SMALL_LOCAL_11_MATCHES_NOT_PRODUCTION_READY,True,False
MID,225437,Stephane Aziz Ki,450709,Joseph Bakasu       ,93.425137,8.859458,93.425137,4,medium_research_only,SAME_ROLE_ONLY;RESEARCH_ONLY;SAMPLE_TOO_SMALL_LOCAL_11_MATCHES_NOT_PRODUCTION_READY,True,False
MID,225437,Stephane Aziz Ki,460266,Youness Dahmani,80.971689,6.921234,80.971689,4,medium_research_only,SAME_ROLE_ONLY;RESEARCH_ONLY;SAMPLE_TOO_SMALL_LOCAL_11_MATCHES_NOT_PRODUCTION_READY,True,False
MID,225437,Stephane Aziz Ki,477679,Redouane Oubidar,91.653986,10.691963,91.653986,4,medium_research_only,SAME_ROLE_ONLY;RESEARCH_ONLY;SAMPLE_TOO_SMALL_LOCAL_11_MATCHES_NOT_PRODUCTION_READY,True,False
MID,225437,Stephane Aziz Ki,477680,Hamza Saoud,96.890985,14.237994,96.890985,4,medium_research_only,SAME_ROLE_ONLY;RESEARCH_ONLY;SAMPLE_TOO_SMALL_LOCAL_11_MATCHES_NOT_PRODUCTION_READY,True,False
MID,225437,Stephane Aziz Ki,477682,Ayoub Benaadi,99.418898,6.291169,99.418898,4,medium_research_only,SAME_ROLE_ONLY;RESEARCH_ONLY;SAMPLE_TOO_SMALL_LOCAL_11_MATCHES_NOT_PRODUCTION_READY,True,False
MID,225437,Stephane Aziz Ki,477688,Ayoub El Khaffi,93.705134,17.371905,93.705134,4,medium_research_only,SAME_ROLE_ONLY;RESEARCH_ONLY;SAMPLE_TOO_SMALL_LOCAL_11_MATCHES_NOT_PRODUCTION_READY,True,False
MID,225437,Stephane Aziz Ki,523298,Mohamed Ahayaoui,96.306011,11.450271,96.306011,4,medium_research_only,SAME_ROLE_ONLY;RESEARCH_ONLY;SAMPLE_TOO_SMALL_LOCAL_11_MATCHES_NOT_PRODUCTION_READY,True,False
MID,225437,Stephane Aziz Ki,523308,Adil Khalloufi,93.352588,11.24211,93.352588,4,medium_research_only,SAME_ROLE_ONLY;RESEARCH_ONLY;SAMPLE_TOO_SMALL_LOCAL_11_MATCHES_NOT_PRODUCTION_READY,True,False
MID,225437,Stephane Aziz Ki,523312,Brahim Mansouri,98.437054,7.498237,98.437054,4,medium_research_only,SAME_ROLE_ONLY;RESEARCH_ONLY;SAMPLE_TOO_SMALL_LOCAL_11_MATCHES_NOT_PRODUCTION_READY,True,False
MID,225437,Stephane Aziz Ki,523319,Omar Ouddah,91.965974,13.071265,91.965974,4,medium_research_only,SAME_ROLE_ONLY;RESEARCH_ONLY;SAMPLE_TOO_SMALL_LOCAL_11_MATCHES_NOT_PRODUCTION_READY,True,False
MID,225437,Stephane Aziz Ki,523973,Hamza Rafa,93.45504,10.037962,93.45504,4,medium_research_only,SAME_ROLE_ONLY;RESEARCH_ONLY;SAMPLE_TOO_SMALL_LOCAL_11_MATCHES_NOT_PRODUCTION_READY,True,False
MID,225437,Stephane Aziz Ki,523996,Fred Duval Ngoma,93.50403,10.083317,93.50403,4,medium_research_only,SAME_ROLE_ONLY;RESEARCH_ONLY;SAMPLE_TOO_SMALL_LOCAL_11_MATCHES_NOT_PRODUCTION_READY,True,False
MID,225437,Stephane Aziz Ki,523997,Karim L'Koucha,94.676189,4.50124,94.676189,4,medium_research_only,SAME_ROLE_ONLY;RESEARCH_ONLY;SAMPLE_TOO_SMALL_LOCAL_11_MATCHES_NOT_PRODUCTION_READY,True,False
MID,225437,Stephane Aziz Ki,523999,Zakaria Kessary,96.931221,9.998861,96.931221,4,medium_research_only,SAME_ROLE_ONLY;RESEARCH_ONLY;SAMPLE_TOO_SMALL_LOCAL_11_MATCHES_NOT_PRODUCTION_READY,True,False
MID,225437,Stephane Aziz Ki,524000,Ahmed Aboulfath,87.095614,7.686979,87.095614,4,medium_research_only,SAME_ROLE_ONLY;RESEARCH_ONLY;SAMPLE_TOO_SMALL_LOCAL_11_MATCHES_NOT_PRODUCTION_READY,True,False
MID,225437,Stephane Aziz Ki,524002,Salim Ghazzani,94.947428,16.301231,94.947428,4,medium_research_only,SAME_ROLE_ONLY;RESEARCH_ONLY;SAMPLE_TOO_SMALL_LOCAL_11_MATCHES_NOT_PRODUCTION_READY,True,False
MID,225437,Stephane Aziz Ki,524003,Mohammed Es-Sahel,92.208652,8.119804,92.208652,4,medium_research_only,SAME_ROLE_ONLY;RESEARCH_ONLY;SAMPLE_TOO_SMALL_LOCAL_11_MATCHES_NOT_PRODUCTION_READY,True,False
MID,225437,Stephane Aziz Ki,524511,Saad Nassik,94.532153,7.82158,94.532153,4,medium_research_only,SAME_ROLE_ONLY;RESEARCH_ONLY;SAMPLE_TOO_SMALL_LOCAL_11_MATCHES_NOT_PRODUCTION_READY,True,False
MID,261620,Nadir Lougmani,275341,Yazid Faffa,95.689925,4.959798,95.689925,4,medium_research_only,SAME_ROLE_ONLY;RESEARCH_ONLY;SAMPLE_TOO_SMALL_LOCAL_11_MATCHES_NOT_PRODUCTION_READY,True,False
MID,261620,Nadir Lougmani,312935,Amine Azri,94.773542,8.433235,94.773542,4,medium_research_only,SAME_ROLE_ONLY;RESEARCH_ONLY;SAMPLE_TOO_SMALL_LOCAL_11_MATCHES_NOT_PRODUCTION_READY,True,False
MID,261620,Nadir Lougmani,313277,Mohamed Chemlal,86.157636,30.78754,86.157636,4,medium_research_only,SAME_ROLE_ONLY;RESEARCH_ONLY;SAMPLE_TOO_SMALL_LOCAL_11_MATCHES_NOT_PRODUCTION_READY,True,False
MID,261620,Nadir Lougmani,313284,Achraf Harmach,99.298188,4.040093,99.298188,4,medium_research_only,SAME_ROLE_ONLY;RESEARCH_ONLY;SAMPLE_TOO_SMALL_LOCAL_11_MATCHES_NOT_PRODUCTION_READY,True,False
MID,261620,Nadir Lougmani,314460,Ayoub Bouaadli,99.334311,6.365466,99.334311,4,medium_research_only,SAME_ROLE_ONLY;RESEARCH_ONLY;SAMPLE_TOO_SMALL_LOCAL_11_MATCHES_NOT_PRODUCTION_READY,True,False
MID,261620,Nadir Lougmani,323979,Zakaria Fatihi,91.774414,12.64238,91.774414,4,medium_research_only,SAME_ROLE_ONLY;RESEARCH_ONLY;SAMPLE_TOO_SMALL_LOCAL_11_MATCHES_NOT_PRODUCTION_READY,True,False
MID,261620,Nadir Lougmani,360838,Zakaria Ami,77.016784,8.831521,77.016784,4,medium_research_only,SAME_ROLE_ONLY;RESEARCH_ONLY;SAMPLE_TOO_SMALL_LOCAL_11_MATCHES_NOT_PRODUCTION_READY,True,False
MID,261620,Nadir Lougmani,380600,Mouad Goulouss,96.581312,3.84087,96.581312,4,medium_research_only,SAME_ROLE_ONLY;RESEARCH_ONLY;SAMPLE_TOO_SMALL_LOCAL_11_MATCHES_NOT_PRODUCTION_READY,True,False
MID,261620,Nadir Lougmani,381935,Ismail Mihrab,93.095852,5.568594,93.095852,4,medium_research_only,SAME_ROLE_ONLY;RESEARCH_ONLY;SAMPLE_TOO_SMALL_LOCAL_11_MATCHES_NOT_PRODUCTION_READY,True,False
MID,261620,Nadir Lougmani,396748,Youssef Laghzal,90.060457,6.072621,90.060457,4,medium_research_only,SAME_ROLE_ONLY;RESEARCH_ONLY;SAMPLE_TOO_SMALL_LOCAL_11_MATCHES_NOT_PRODUCTION_READY,True,False
MID,261620,Nadir Lougmani,405645,Othmane Chraibi,99.557161,12.6563,99.557161,4,medium_research_only,SAME_ROLE_ONLY;RESEARCH_ONLY;SAMPLE_TOO_SMALL_LOCAL_11_MATCHES_NOT_PRODUCTION_READY,True,False
MID,261620,Nadir Lougmani,406269,Danilson Gomes Tavares,94.572171,4.930145,94.572171,4,medium_research_only,SAME_ROLE_ONLY;RESEARCH_ONLY;SAMPLE_TOO_SMALL_LOCAL_11_MATCHES_NOT_PRODUCTION_READY,True,False
MID,261620,Nadir Lougmani,407207,Ennaama El Bellali,99.48174,6.997529,99.48174,4,medium_research_only,SAME_ROLE_ONLY;RESEARCH_ONLY;SAMPLE_TOO_SMALL_LOCAL_11_MATCHES_NOT_PRODUCTION_READY,True,False
MID,261620,Nadir Lougmani,407506,Oussama Nourdine,94.407925,9.057921,94.407925,4,medium_research_only,SAME_ROLE_ONLY;RESEARCH_ONLY;SAMPLE_TOO_SMALL_LOCAL_11_MATCHES_NOT_PRODUCTION_READY,True,False
MID,261620,Nadir Lougmani,407852,Abdessamad Mahir,94.071075,7.744488,94.071075,4,medium_research_only,SAME_ROLE_ONLY;RESEARCH_ONLY;SAMPLE_TOO_SMALL_LOCAL_11_MATCHES_NOT_PRODUCTION_READY,True,False
MID,261620,Nadir Lougmani,415853,Claude Gnolou,96.524793,8.184117,96.524793,4,medium_research_only,SAME_ROLE_ONLY;RESEARCH_ONLY;SAMPLE_TOO_SMALL_LOCAL_11_MATCHES_NOT_PRODUCTION_READY,True,False
MID,261620,Nadir Lougmani,416303,El Mahdi Akoumi,99.278436,1.711775,99.278436,4,medium_research_only,SAME_ROLE_ONLY;RESEARCH_ONLY;SAMPLE_TOO_SMALL_LOCAL_11_MATCHES_NOT_PRODUCTION_READY,True,False
MID,261620,Nadir Lougmani,424979,Soufiane Tazi,99.416424,8.308886,99.416424,4,medium_research_only,SAME_ROLE_ONLY;RESEARCH_ONLY;SAMPLE_TOO_SMALL_LOCAL_11_MATCHES_NOT_PRODUCTION_READY,True,False
MID,261620,Nadir Lougmani,442288,Adnane Berdad,98.386823,4.496615,98.386823,4,medium_research_only,SAME_ROLE_ONLY;RESEARCH_ONLY;SAMPLE_TOO_SMALL_LOCAL_11_MATCHES_NOT_PRODUCTION_READY,True,False
MID,261620,Nadir Lougmani,442292,Abdellatif El Bajjani,98.875626,7.421682,98.875626,4,medium_research_only,SAME_ROLE_ONLY;RESEARCH_ONLY;SAMPLE_TOO_SMALL_LOCAL_11_MATCHES_NOT_PRODUCTION_READY,True,False
MID,261620,Nadir Lougmani,443951,Youness Akharraz,99.431327,1.812432,99.431327,4,medium_research_only,SAME_ROLE_ONLY;RESEARCH_ONLY;SAMPLE_TOO_SMALL_LOCAL_11_MATCHES_NOT_PRODUCTION_READY,True,False
MID,261620,Nadir Lougmani,445163,Ayoub Maamouri,89.677719,6.164273,89.677719,4,medium_research_only,SAME_ROLE_ONLY;RESEARCH_ONLY;SAMPLE_TOO_SMALL_LOCAL_11_MATCHES_NOT_PRODUCTION_READY,True,False
MID,261620,Nadir Lougmani,446355,Ishak Zidani,99.856664,5.360287,99.856664,4,medium_research_only,SAME_ROLE_ONLY;RESEARCH_ONLY;SAMPLE_TOO_SMALL_LOCAL_11_MATCHES_NOT_PRODUCTION_READY,True,False
MID,261620,Nadir Lougmani,449373,Marouane Oujeddou,95.91024,4.89218,95.91024,4,medium_research_only,SAME_ROLE_ONLY;RESEARCH_ONLY;SAMPLE_TOO_SMALL_LOCAL_11_MATCHES_NOT_PRODUCTION_READY,True,False
MID,261620,Nadir Lougmani,449471,Ayman Tarrazi,95.690645,4.829366,95.690645,4,medium_research_only,SAME_ROLE_ONLY;RESEARCH_ONLY;SAMPLE_TOO_SMALL_LOCAL_11_MATCHES_NOT_PRODUCTION_READY,True,False
MID,261620,Nadir Lougmani,450709,Joseph Bakasu       ,99.322788,5.537137,99.322788,4,medium_research_only,SAME_ROLE_ONLY;RESEARCH_ONLY;SAMPLE_TOO_SMALL_LOCAL_11_MATCHES_NOT_PRODUCTION_READY,True,False
MID,261620,Nadir Lougmani,460266,Youness Dahmani,71.216613,9.484054,71.216613,4,medium_research_only,SAME_ROLE_ONLY;RESEARCH_ONLY;SAMPLE_TOO_SMALL_LOCAL_11_MATCHES_NOT_PRODUCTION_READY,True,False
MID,261620,Nadir Lougmani,477679,Redouane Oubidar,91.358317,10.134233,91.358317,4,medium_research_only,SAME_ROLE_ONLY;RESEARCH_ONLY;SAMPLE_TOO_SMALL_LOCAL_11_MATCHES_NOT_PRODUCTION_READY,True,False
MID,261620,Nadir Lougmani,477680,Hamza Saoud,99.653652,12.031367,99.653652,4,medium_research_only,SAME_ROLE_ONLY;RESEARCH_ONLY;SAMPLE_TOO_SMALL_LOCAL_11_MATCHES_NOT_PRODUCTION_READY,True,False
MID,261620,Nadir Lougmani,477682,Ayoub Benaadi,95.284595,6.989045,95.284595,4,medium_research_only,SAME_ROLE_ONLY;RESEARCH_ONLY;SAMPLE_TOO_SMALL_LOCAL_11_MATCHES_NOT_PRODUCTION_READY,True,False
MID,261620,Nadir Lougmani,477688,Ayoub El Khaffi,98.902638,14.666843,98.902638,4,medium_research_only,SAME_ROLE_ONLY;RESEARCH_ONLY;SAMPLE_TOO_SMALL_LOCAL_11_MATCHES_NOT_PRODUCTION_READY,True,False
MID,261620,Nadir Lougmani,523298,Mohamed Ahayaoui,97.145599,10.018872,97.145599,4,medium_research_only,SAME_ROLE_ONLY;RESEARCH_ONLY;SAMPLE_TOO_SMALL_LOCAL_11_MATCHES_NOT_PRODUCTION_READY,True,False
MID,261620,Nadir Lougmani,523308,Adil Khalloufi,95.652634,9.572254,95.652634,4,medium_research_only,SAME_ROLE_ONLY;RESEARCH_ONLY;SAMPLE_TOO_SMALL_LOCAL_11_MATCHES_NOT_PRODUCTION_READY,True,False
MID,261620,Nadir Lougmani,523312,Brahim Mansouri,89.994087,9.609861,89.994087,4,medium_research_only,SAME_ROLE_ONLY;RESEARCH_ONLY;SAMPLE_TOO_SMALL_LOCAL_11_MATCHES_NOT_PRODUCTION_READY,True,False
MID,261620,Nadir Lougmani,523319,Omar Ouddah,94.066914,11.565267,94.066914,4,medium_research_only,SAME_ROLE_ONLY;RESEARCH_ONLY;SAMPLE_TOO_SMALL_LOCAL_11_MATCHES_NOT_PRODUCTION_READY,True,False
MID,261620,Nadir Lougmani,523973,Hamza Rafa,99.539507,6.712016,99.539507,4,medium_research_only,SAME_ROLE_ONLY;RESEARCH_ONLY;SAMPLE_TOO_SMALL_LOCAL_11_MATCHES_NOT_PRODUCTION_READY,True,False
MID,261620,Nadir Lougmani,523996,Fred Duval Ngoma,99.366803,6.861243,99.366803,4,medium_research_only,SAME_ROLE_ONLY;RESEARCH_ONLY;SAMPLE_TOO_SMALL_LOCAL_11_MATCHES_NOT_PRODUCTION_READY,True,False
MID,261620,Nadir Lougmani,523997,Karim L'Koucha,97.899447,2.91474,97.899447,4,medium_research_only,SAME_ROLE_ONLY;RESEARCH_ONLY;SAMPLE_TOO_SMALL_LOCAL_11_MATCHES_NOT_PRODUCTION_READY,True,False
MID,261620,Nadir Lougmani,523999,Zakaria Kessary,99.380643,7.823525,99.380643,4,medium_research_only,SAME_ROLE_ONLY;RESEARCH_ONLY;SAMPLE_TOO_SMALL_LOCAL_11_MATCHES_NOT_PRODUCTION_READY,True,False
MID,261620,Nadir Lougmani,524000,Ahmed Aboulfath,86.06557,8.148032,86.06557,4,medium_research_only,SAME_ROLE_ONLY;RESEARCH_ONLY;SAMPLE_TOO_SMALL_LOCAL_11_MATCHES_NOT_PRODUCTION_READY,True,False
MID,261620,Nadir Lougmani,524002,Salim Ghazzani,87.374435,17.401199,87.374435,4,medium_research_only,SAME_ROLE_ONLY;RESEARCH_ONLY;SAMPLE_TOO_SMALL_LOCAL_11_MATCHES_NOT_PRODUCTION_READY,True,False
MID,261620,Nadir Lougmani,524003,Mohammed Es-Sahel,94.193388,6.897441,94.193388,4,medium_research_only,SAME_ROLE_ONLY;RESEARCH_ONLY;SAMPLE_TOO_SMALL_LOCAL_11_MATCHES_NOT_PRODUCTION_READY,True,False
MID,261620,Nadir Lougmani,524511,Saad Nassik,98.853287,5.056855,98.853287,4,medium_research_only,SAME_ROLE_ONLY;RESEARCH_ONLY;SAMPLE_TOO_SMALL_LOCAL_11_MATCHES_NOT_PRODUCTION_READY,True,False
MID,275341,Yazid Faffa,312935,Amine Azri,99.826963,4.320786,99.826963,4,medium_research_only,SAME_ROLE_ONLY;RESEARCH_ONLY;SAMPLE_TOO_SMALL_LOCAL_11_MATCHES_NOT_PRODUCTION_READY,True,False
MID,275341,Yazid Faffa,313277,Mohamed Chemlal,87.883187,29.256496,87.883187,4,medium_research_only,SAME_ROLE_ONLY;RESEARCH_ONLY;SAMPLE_TOO_SMALL_LOCAL_11_MATCHES_NOT_PRODUCTION_READY,True,False
MID,275341,Yazid Faffa,313284,Achraf Harmach,97.633612,4.254705,97.633612,4,medium_research_only,SAME_ROLE_ONLY;RESEARCH_ONLY;SAMPLE_TOO_SMALL_LOCAL_11_MATCHES_NOT_PRODUCTION_READY,True,False
MID,275341,Yazid Faffa,314460,Ayoub Bouaadli,98.305582,5.469947,98.305582,4,medium_research_only,SAME_ROLE_ONLY;RESEARCH_ONLY;SAMPLE_TOO_SMALL_LOCAL_11_MATCHES_NOT_PRODUCTION_READY,True,False
MID,275341,Yazid Faffa,323979,Zakaria Fatihi,96.809259,9.534002,96.809259,4,medium_research_only,SAME_ROLE_ONLY;RESEARCH_ONLY;SAMPLE_TOO_SMALL_LOCAL_11_MATCHES_NOT_PRODUCTION_READY,True,False
MID,275341,Yazid Faffa,360838,Zakaria Ami,91.414155,7.051028,91.414155,4,medium_research_only,SAME_ROLE_ONLY;RESEARCH_ONLY;SAMPLE_TOO_SMALL_LOCAL_11_MATCHES_NOT_PRODUCTION_READY,True,False
MID,275341,Yazid Faffa,380600,Mouad Goulouss,99.545327,3.973935,99.545327,4,medium_research_only,SAME_ROLE_ONLY;RESEARCH_ONLY;SAMPLE_TOO_SMALL_LOCAL_11_MATCHES_NOT_PRODUCTION_READY,True,False
MID,275341,Yazid Faffa,381935,Ismail Mihrab,99.50753,1.960317,99.50753,4,medium_research_only,SAME_ROLE_ONLY;RESEARCH_ONLY;SAMPLE_TOO_SMALL_LOCAL_11_MATCHES_NOT_PRODUCTION_READY,True,False
MID,275341,Yazid Faffa,396748,Youssef Laghzal,97.349089,5.475236,97.349089,4,medium_research_only,SAME_ROLE_ONLY;RESEARCH_ONLY;SAMPLE_TOO_SMALL_LOCAL_11_MATCHES_NOT_PRODUCTION_READY,True,False
MID,275341,Yazid Faffa,405645,Othmane Chraibi,95.856613,12.526078,95.856613,4,medium_research_only,SAME_ROLE_ONLY;RESEARCH_ONLY;SAMPLE_TOO_SMALL_LOCAL_11_MATCHES_NOT_PRODUCTION_READY,True,False
MID,275341,Yazid Faffa,406269,Danilson Gomes Tavares,99.71524,1.695761,99.71524,4,medium_research_only,SAME_ROLE_ONLY;RESEARCH_ONLY;SAMPLE_TOO_SMALL_LOCAL_11_MATCHES_NOT_PRODUCTION_READY,True,False
MID,275341,Yazid Faffa,407207,Ennaama El Bellali,97.78196,6.420453,97.78196,4,medium_research_only,SAME_ROLE_ONLY;RESEARCH_ONLY;SAMPLE_TOO_SMALL_LOCAL_11_MATCHES_NOT_PRODUCTION_READY,True,False
MID,275341,Yazid Faffa,407506,Oussama Nourdine,98.346032,5.975358,98.346032,4,medium_research_only,SAME_ROLE_ONLY;RESEARCH_ONLY;SAMPLE_TOO_SMALL_LOCAL_11_MATCHES_NOT_PRODUCTION_READY,True,False
MID,275341,Yazid Faffa,407852,Abdessamad Mahir,99.385311,3.653674,99.385311,4,medium_research_only,SAME_ROLE_ONLY;RESEARCH_ONLY;SAMPLE_TOO_SMALL_LOCAL_11_MATCHES_NOT_PRODUCTION_READY,True,False
MID,275341,Yazid Faffa,415853,Claude Gnolou,99.297734,5.248678,99.297734,4,medium_research_only,SAME_ROLE_ONLY;RESEARCH_ONLY;SAMPLE_TOO_SMALL_LOCAL_11_MATCHES_NOT_PRODUCTION_READY,True,False
MID,275341,Yazid Faffa,416303,El Mahdi Akoumi,98.151265,3.582015,98.151265,4,medium_research_only,SAME_ROLE_ONLY;RESEARCH_ONLY;SAMPLE_TOO_SMALL_LOCAL_11_MATCHES_NOT_PRODUCTION_READY,True,False
MID,275341,Yazid Faffa,424979,Soufiane Tazi,98.021516,7.405122,98.021516,4,medium_research_only,SAME_ROLE_ONLY;RESEARCH_ONLY;SAMPLE_TOO_SMALL_LOCAL_11_MATCHES_NOT_PRODUCTION_READY,True,False
MID,275341,Yazid Faffa,442288,Adnane Berdad,99.04673,2.884617,99.04673,4,medium_research_only,SAME_ROLE_ONLY;RESEARCH_ONLY;SAMPLE_TOO_SMALL_LOCAL_11_MATCHES_NOT_PRODUCTION_READY,True,False
MID,275341,Yazid Faffa,442292,Abdellatif El Bajjani,97.528321,6.69544,97.528321,4,medium_research_only,SAME_ROLE_ONLY;RESEARCH_ONLY;SAMPLE_TOO_SMALL_LOCAL_11_MATCHES_NOT_PRODUCTION_READY,True,False
MID,275341,Yazid Faffa,443951,Youness Akharraz,95.076746,5.201655,95.076746,4,medium_research_only,SAME_ROLE_ONLY;RESEARCH_ONLY;SAMPLE_TOO_SMALL_LOCAL_11_MATCHES_NOT_PRODUCTION_READY,True,False
MID,275341,Yazid Faffa,445163,Ayoub Maamouri,94.354746,6.366416,94.354746,4,medium_research_only,SAME_ROLE_ONLY;RESEARCH_ONLY;SAMPLE_TOO_SMALL_LOCAL_11_MATCHES_NOT_PRODUCTION_READY,True,False
MID,275341,Yazid Faffa,446355,Ishak Zidani,96.946726,5.818231,96.946726,4,medium_research_only,SAME_ROLE_ONLY;RESEARCH_ONLY;SAMPLE_TOO_SMALL_LOCAL_11_MATCHES_NOT_PRODUCTION_READY,True,False
MID,275341,Yazid Faffa,449373,Marouane Oujeddou,97.078001,4.121312,97.078001,4,medium_research_only,SAME_ROLE_ONLY;RESEARCH_ONLY;SAMPLE_TOO_SMALL_LOCAL_11_MATCHES_NOT_PRODUCTION_READY,True,False
MID,275341,Yazid Faffa,449471,Ayman Tarrazi,98.719649,2.702895,98.719649,4,medium_research_only,SAME_ROLE_ONLY;RESEARCH_ONLY;SAMPLE_TOO_SMALL_LOCAL_11_MATCHES_NOT_PRODUCTION_READY,True,False
MID,275341,Yazid Faffa,450709,Joseph Bakasu       ,95.952995,6.331523,95.952995,4,medium_research_only,SAME_ROLE_ONLY;RESEARCH_ONLY;SAMPLE_TOO_SMALL_LOCAL_11_MATCHES_NOT_PRODUCTION_READY,True,False
MID,275341,Yazid Faffa,460266,Youness Dahmani,87.743412,8.202881,87.743412,4,medium_research_only,SAME_ROLE_ONLY;RESEARCH_ONLY;SAMPLE_TOO_SMALL_LOCAL_11_MATCHES_NOT_PRODUCTION_READY,True,False
MID,275341,Yazid Faffa,477679,Redouane Oubidar,98.443554,5.910457,98.443554,4,medium_research_only,SAME_ROLE_ONLY;RESEARCH_ONLY;SAMPLE_TOO_SMALL_LOCAL_11_MATCHES_NOT_PRODUCTION_READY,True,False
MID,275341,Yazid Faffa,477680,Hamza Saoud,95.697704,12.050367,95.697704,4,medium_research_only,SAME_ROLE_ONLY;RESEARCH_ONLY;SAMPLE_TOO_SMALL_LOCAL_11_MATCHES_NOT_PRODUCTION_READY,True,False
MID,275341,Yazid Faffa,477682,Ayoub Benaadi,96.112287,5.870403,96.112287,4,medium_research_only,SAME_ROLE_ONLY;RESEARCH_ONLY;SAMPLE_TOO_SMALL_LOCAL_11_MATCHES_NOT_PRODUCTION_READY,True,False
MID,275341,Yazid Faffa,477688,Ayoub El Khaffi,97.152764,13.658502,97.152764,4,medium_research_only,SAME_ROLE_ONLY;RESEARCH_ONLY;SAMPLE_TOO_SMALL_LOCAL_11_MATCHES_NOT_PRODUCTION_READY,True,False
MID,275341,Yazid Faffa,523298,Mohamed Ahayaoui,99.594375,7.204858,99.594375,4,medium_research_only,SAME_ROLE_ONLY;RESEARCH_ONLY;SAMPLE_TOO_SMALL_LOCAL_11_MATCHES_NOT_PRODUCTION_READY,True,False
MID,275341,Yazid Faffa,523308,Adil Khalloufi,99.15635,6.435159,99.15635,4,medium_research_only,SAME_ROLE_ONLY;RESEARCH_ONLY;SAMPLE_TOO_SMALL_LOCAL_11_MATCHES_NOT_PRODUCTION_READY,True,False
MID,275341,Yazid Faffa,523312,Brahim Mansouri,92.027864,8.480254,92.027864,4,medium_research_only,SAME_ROLE_ONLY;RESEARCH_ONLY;SAMPLE_TOO_SMALL_LOCAL_11_MATCHES_NOT_PRODUCTION_READY,True,False
MID,275341,Yazid Faffa,523319,Omar Ouddah,98.422352,8.353682,98.422352,4,medium_research_only,SAME_ROLE_ONLY;RESEARCH_ONLY;SAMPLE_TOO_SMALL_LOCAL_11_MATCHES_NOT_PRODUCTION_READY,True,False
MID,275341,Yazid Faffa,523973,Hamza Rafa,95.486752,7.534352,95.486752,4,medium_research_only,SAME_ROLE_ONLY;RESEARCH_ONLY;SAMPLE_TOO_SMALL_LOCAL_11_MATCHES_NOT_PRODUCTION_READY,True,False
MID,275341,Yazid Faffa,523996,Fred Duval Ngoma,96.009166,7.302761,96.009166,4,medium_research_only,SAME_ROLE_ONLY;RESEARCH_ONLY;SAMPLE_TOO_SMALL_LOCAL_11_MATCHES_NOT_PRODUCTION_READY,True,False
MID,275341,Yazid Faffa,523997,Karim L'Koucha,98.7149,3.200871,98.7149,4,medium_research_only,SAME_ROLE_ONLY;RESEARCH_ONLY;SAMPLE_TOO_SMALL_LOCAL_11_MATCHES_NOT_PRODUCTION_READY,True,False
MID,275341,Yazid Faffa,523999,Zakaria Kessary,97.035897,7.529955,97.035897,4,medium_research_only,SAME_ROLE_ONLY;RESEARCH_ONLY;SAMPLE_TOO_SMALL_LOCAL_11_MATCHES_NOT_PRODUCTION_READY,True,False
MID,275341,Yazid Faffa,524000,Ahmed Aboulfath,93.591302,5.968181,93.591302,4,medium_research_only,SAME_ROLE_ONLY;RESEARCH_ONLY;SAMPLE_TOO_SMALL_LOCAL_11_MATCHES_NOT_PRODUCTION_READY,True,False
MID,275341,Yazid Faffa,524002,Salim Ghazzani,94.006245,14.223181,94.006245,4,medium_research_only,SAME_ROLE_ONLY;RESEARCH_ONLY;SAMPLE_TOO_SMALL_LOCAL_11_MATCHES_NOT_PRODUCTION_READY,True,False
MID,275341,Yazid Faffa,524003,Mohammed Es-Sahel,98.461091,3.750706,98.461091,4,medium_research_only,SAME_ROLE_ONLY;RESEARCH_ONLY;SAMPLE_TOO_SMALL_LOCAL_11_MATCHES_NOT_PRODUCTION_READY,True,False
MID,275341,Yazid Faffa,524511,Saad Nassik,97.684808,4.687174,97.684808,4,medium_research_only,SAME_ROLE_ONLY;RESEARCH_ONLY;SAMPLE_TOO_SMALL_LOCAL_11_MATCHES_NOT_PRODUCTION_READY,True,False
MID,312935,Amine Azri,313277,Mohamed Chemlal,85.32882,28.279862,85.32882,4,medium_research_only,SAME_ROLE_ONLY;RESEARCH_ONLY;SAMPLE_TOO_SMALL_LOCAL_11_MATCHES_NOT_PRODUCTION_READY,True,False
MID,312935,Amine Azri,313284,Achraf Harmach,97.23565,5.557314,97.23565,4,medium_research_only,SAME_ROLE_ONLY;RESEARCH_ONLY;SAMPLE_TOO_SMALL_LOCAL_11_MATCHES_NOT_PRODUCTION_READY,True,False
MID,312935,Amine Azri,314460,Ayoub Bouaadli,97.70633,4.891301,97.70633,4,medium_research_only,SAME_ROLE_ONLY;RESEARCH_ONLY;SAMPLE_TOO_SMALL_LOCAL_11_MATCHES_NOT_PRODUCTION_READY,True,False
MID,312935,Amine Azri,323979,Zakaria Fatihi,97.472826,6.743111,97.472826,4,medium_research_only,SAME_ROLE_ONLY;RESEARCH_ONLY;SAMPLE_TOO_SMALL_LOCAL_11_MATCHES_NOT_PRODUCTION_READY,True,False
MID,312935,Amine Azri,360838,Zakaria Ami,91.674978,10.561766,91.674978,4,medium_research_only,SAME_ROLE_ONLY;RESEARCH_ONLY;SAMPLE_TOO_SMALL_LOCAL_11_MATCHES_NOT_PRODUCTION_READY,True,False
MID,312935,Amine Azri,380600,Mouad Goulouss,99.455369,8.084062,99.455369,4,medium_research_only,SAME_ROLE_ONLY;RESEARCH_ONLY;SAMPLE_TOO_SMALL_LOCAL_11_MATCHES_NOT_PRODUCTION_READY,True,False
MID,312935,Amine Azri,381935,Ismail Mihrab,99.871535,5.371582,99.871535,4,medium_research_only,SAME_ROLE_ONLY;RESEARCH_ONLY;SAMPLE_TOO_SMALL_LOCAL_11_MATCHES_NOT_PRODUCTION_READY,True,False
MID,312935,Amine Azri,396748,Youssef Laghzal,98.349033,9.131237,98.349033,4,medium_research_only,SAME_ROLE_ONLY;RESEARCH_ONLY;SAMPLE_TOO_SMALL_LOCAL_11_MATCHES_NOT_PRODUCTION_READY,True,False
MID,312935,Amine Azri,405645,Othmane Chraibi,95.460955,10.37019,95.460955,4,medium_research_only,SAME_ROLE_ONLY;RESEARCH_ONLY;SAMPLE_TOO_SMALL_LOCAL_11_MATCHES_NOT_PRODUCTION_READY,True,False
MID,312935,Amine Azri,406269,Danilson Gomes Tavares,99.962122,5.36691,99.962122,4,medium_research_only,SAME_ROLE_ONLY;RESEARCH_ONLY;SAMPLE_TOO_SMALL_LOCAL_11_MATCHES_NOT_PRODUCTION_READY,True,False
MID,312935,Amine Azri,407207,Ennaama El Bellali,97.308258,5.456515,97.308258,4,medium_research_only,SAME_ROLE_ONLY;RESEARCH_ONLY;SAMPLE_TOO_SMALL_LOCAL_11_MATCHES_NOT_PRODUCTION_READY,True,False
MID,312935,Amine Azri,407506,Oussama Nourdine,98.928985,3.454447,98.928985,4,medium_research_only,SAME_ROLE_ONLY;RESEARCH_ONLY;SAMPLE_TOO_SMALL_LOCAL_11_MATCHES_NOT_PRODUCTION_READY,True,False
MID,312935,Amine Azri,407852,Abdessamad Mahir,99.690182,2.09555,99.690182,4,medium_research_only,SAME_ROLE_ONLY;RESEARCH_ONLY;SAMPLE_TOO_SMALL_LOCAL_11_MATCHES_NOT_PRODUCTION_READY,True,False
MID,312935,Amine Azri,415853,Claude Gnolou,99.496154,2.390377,99.496154,4,medium_research_only,SAME_ROLE_ONLY;RESEARCH_ONLY;SAMPLE_TOO_SMALL_LOCAL_11_MATCHES_NOT_PRODUCTION_READY,True,False
MID,312935,Amine Azri,416303,El Mahdi Akoumi,97.479073,7.353255,97.479073,4,medium_research_only,SAME_ROLE_ONLY;RESEARCH_ONLY;SAMPLE_TOO_SMALL_LOCAL_11_MATCHES_NOT_PRODUCTION_READY,True,False
MID,312935,Amine Azri,424979,Soufiane Tazi,97.147015,6.113769,97.147015,4,medium_research_only,SAME_ROLE_ONLY;RESEARCH_ONLY;SAMPLE_TOO_SMALL_LOCAL_11_MATCHES_NOT_PRODUCTION_READY,True,False
MID,312935,Amine Azri,442288,Adnane Berdad,98.835129,4.176342,98.835129,4,medium_research_only,SAME_ROLE_ONLY;RESEARCH_ONLY;SAMPLE_TOO_SMALL_LOCAL_11_MATCHES_NOT_PRODUCTION_READY,True,False
MID,312935,Amine Azri,442292,Abdellatif El Bajjani,97.220249,5.585213,97.220249,4,medium_research_only,SAME_ROLE_ONLY;RESEARCH_ONLY;SAMPLE_TOO_SMALL_LOCAL_11_MATCHES_NOT_PRODUCTION_READY,True,False
MID,312935,Amine Azri,443951,Youness Akharraz,94.613387,8.083941,94.613387,4,medium_research_only,SAME_ROLE_ONLY;RESEARCH_ONLY;SAMPLE_TOO_SMALL_LOCAL_11_MATCHES_NOT_PRODUCTION_READY,True,False
MID,312935,Amine Azri,445163,Ayoub Maamouri,92.577185,10.531416,92.577185,4,medium_research_only,SAME_ROLE_ONLY;RESEARCH_ONLY;SAMPLE_TOO_SMALL_LOCAL_11_MATCHES_NOT_PRODUCTION_READY,True,False
MID,312935,Amine Azri,446355,Ishak Zidani,96.031601,6.335102,96.031601,4,medium_research_only,SAME_ROLE_ONLY;RESEARCH_ONLY;SAMPLE_TOO_SMALL_LOCAL_11_MATCHES_NOT_PRODUCTION_READY,True,False
MID,312935,Amine Azri,449373,Marouane Oujeddou,95.556607,7.17558,95.556607,4,medium_research_only,SAME_ROLE_ONLY;RESEARCH_ONLY;SAMPLE_TOO_SMALL_LOCAL_11_MATCHES_NOT_PRODUCTION_READY,True,False
MID,312935,Amine Azri,449471,Ayman Tarrazi,99.182347,5.059551,99.182347,4,medium_research_only,SAME_ROLE_ONLY;RESEARCH_ONLY;SAMPLE_TOO_SMALL_LOCAL_11_MATCHES_NOT_PRODUCTION_READY,True,False
MID,312935,Amine Azri,450709,Joseph Bakasu       ,95.613391,6.644682,95.613391,4,medium_research_only,SAME_ROLE_ONLY;RESEARCH_ONLY;SAMPLE_TOO_SMALL_LOCAL_11_MATCHES_NOT_PRODUCTION_READY,True,False
MID,312935,Amine Azri,460266,Youness Dahmani,88.644438,11.745772,88.644438,4,medium_research_only,SAME_ROLE_ONLY;RESEARCH_ONLY;SAMPLE_TOO_SMALL_LOCAL_11_MATCHES_NOT_PRODUCTION_READY,True,False
MID,312935,Amine Azri,477679,Redouane Oubidar,99.045331,3.267183,99.045331,4,medium_research_only,SAME_ROLE_ONLY;RESEARCH_ONLY;SAMPLE_TOO_SMALL_LOCAL_11_MATCHES_NOT_PRODUCTION_READY,True,False
MID,312935,Amine Azri,477680,Hamza Saoud,94.492225,10.598916,94.492225,4,medium_research_only,SAME_ROLE_ONLY;RESEARCH_ONLY;SAMPLE_TOO_SMALL_LOCAL_11_MATCHES_NOT_PRODUCTION_READY,True,False
MID,312935,Amine Azri,477682,Ayoub Benaadi,94.57911,7.330945,94.57911,4,medium_research_only,SAME_ROLE_ONLY;RESEARCH_ONLY;SAMPLE_TOO_SMALL_LOCAL_11_MATCHES_NOT_PRODUCTION_READY,True,False
MID,312935,Amine Azri,477688,Ayoub El Khaffi,97.015837,10.704175,97.015837,4,medium_research_only,SAME_ROLE_ONLY;RESEARCH_ONLY;SAMPLE_TOO_SMALL_LOCAL_11_MATCHES_NOT_PRODUCTION_READY,True,False
MID,312935,Amine Azri,523298,Mohamed Ahayaoui,99.379955,3.917207,99.379955,4,medium_research_only,SAME_ROLE_ONLY;RESEARCH_ONLY;SAMPLE_TOO_SMALL_LOCAL_11_MATCHES_NOT_PRODUCTION_READY,True,False
MID,312935,Amine Azri,523308,Adil Khalloufi,99.577617,2.777711,99.577617,4,medium_research_only,SAME_ROLE_ONLY;RESEARCH_ONLY;SAMPLE_TOO_SMALL_LOCAL_11_MATCHES_NOT_PRODUCTION_READY,True,False
MID,312935,Amine Azri,523312,Brahim Mansouri,89.751281,10.171293,89.751281,4,medium_research_only,SAME_ROLE_ONLY;RESEARCH_ONLY;SAMPLE_TOO_SMALL_LOCAL_11_MATCHES_NOT_PRODUCTION_READY,True,False
MID,312935,Amine Azri,523319,Omar Ouddah,98.923817,4.913762,98.923817,4,medium_research_only,SAME_ROLE_ONLY;RESEARCH_ONLY;SAMPLE_TOO_SMALL_LOCAL_11_MATCHES_NOT_PRODUCTION_READY,True,False
MID,312935,Amine Azri,523973,Hamza Rafa,95.057212,7.292999,95.057212,4,medium_research_only,SAME_ROLE_ONLY;RESEARCH_ONLY;SAMPLE_TOO_SMALL_LOCAL_11_MATCHES_NOT_PRODUCTION_READY,True,False
MID,312935,Amine Azri,523996,Fred Duval Ngoma,95.669782,6.845124,95.669782,4,medium_research_only,SAME_ROLE_ONLY;RESEARCH_ONLY;SAMPLE_TOO_SMALL_LOCAL_11_MATCHES_NOT_PRODUCTION_READY,True,False
MID,312935,Amine Azri,523997,Karim L'Koucha,98.684719,6.833341,98.684719,4,medium_research_only,SAME_ROLE_ONLY;RESEARCH_ONLY;SAMPLE_TOO_SMALL_LOCAL_11_MATCHES_NOT_PRODUCTION_READY,True,False
MID,312935,Amine Azri,523999,Zakaria Kessary,96.233787,6.71618,96.233787,4,medium_research_only,SAME_ROLE_ONLY;RESEARCH_ONLY;SAMPLE_TOO_SMALL_LOCAL_11_MATCHES_NOT_PRODUCTION_READY,True,False
MID,312935,Amine Azri,524000,Ahmed Aboulfath,94.545939,7.918273,94.545939,4,medium_research_only,SAME_ROLE_ONLY;RESEARCH_ONLY;SAMPLE_TOO_SMALL_LOCAL_11_MATCHES_NOT_PRODUCTION_READY,True,False
MID,312935,Amine Azri,524002,Salim Ghazzani,93.188791,12.617443,93.188791,4,medium_research_only,SAME_ROLE_ONLY;RESEARCH_ONLY;SAMPLE_TOO_SMALL_LOCAL_11_MATCHES_NOT_PRODUCTION_READY,True,False
MID,312935,Amine Azri,524003,Mohammed Es-Sahel,98.909357,3.847743,98.909357,4,medium_research_only,SAME_ROLE_ONLY;RESEARCH_ONLY;SAMPLE_TOO_SMALL_LOCAL_11_MATCHES_NOT_PRODUCTION_READY,True,False
MID,312935,Amine Azri,524511,Saad Nassik,97.456014,5.175809,97.456014,4,medium_research_only,SAME_ROLE_ONLY;RESEARCH_ONLY;SAMPLE_TOO_SMALL_LOCAL_11_MATCHES_NOT_PRODUCTION_READY,True,False
MID,313277,Mohamed Chemlal,313284,Achraf Harmach,83.958609,29.765211,83.958609,4,medium_research_only,SAME_ROLE_ONLY;RESEARCH_ONLY;SAMPLE_TOO_SMALL_LOCAL_11_MATCHES_NOT_PRODUCTION_READY,True,False
MID,313277,Mohamed Chemlal,314460,Ayoub Bouaadli,87.536713,27.349284,87.536713,4,medium_research_only,SAME_ROLE_ONLY;RESEARCH_ONLY;SAMPLE_TOO_SMALL_LOCAL_11_MATCHES_NOT_PRODUCTION_READY,True,False
MID,313277,Mohamed Chemlal,323979,Zakaria Fatihi,82.166683,28.855303,82.166683,4,medium_research_only,SAME_ROLE_ONLY;RESEARCH_ONLY;SAMPLE_TOO_SMALL_LOCAL_11_MATCHES_NOT_PRODUCTION_READY,True,False
MID,313277,Mohamed Chemlal,360838,Zakaria Ami,84.928853,32.293051,84.928853,4,medium_research_only,SAME_ROLE_ONLY;RESEARCH_ONLY;SAMPLE_TOO_SMALL_LOCAL_11_MATCHES_NOT_PRODUCTION_READY,True,False
MID,313277,Mohamed Chemlal,380600,Mouad Goulouss,87.197737,31.619936,87.197737,4,medium_research_only,SAME_ROLE_ONLY;RESEARCH_ONLY;SAMPLE_TOO_SMALL_LOCAL_11_MATCHES_NOT_PRODUCTION_READY,True,False
MID,313277,Mohamed Chemlal,381935,Ismail Mihrab,84.181251,30.884765,84.181251,4,medium_research_only,SAME_ROLE_ONLY;RESEARCH_ONLY;SAMPLE_TOO_SMALL_LOCAL_11_MATCHES_NOT_PRODUCTION_READY,True,False
MID,313277,Mohamed Chemlal,396748,Youssef Laghzal,76.50278,33.917527,76.50278,4,medium_research_only,SAME_ROLE_ONLY;RESEARCH_ONLY;SAMPLE_TOO_SMALL_LOCAL_11_MATCHES_NOT_PRODUCTION_READY,True,False
MID,313277,Mohamed Chemlal,405645,Othmane Chraibi,82.647534,28.298183,82.647534,4,medium_research_only,SAME_ROLE_ONLY;RESEARCH_ONLY;SAMPLE_TOO_SMALL_LOCAL_11_MATCHES_NOT_PRODUCTION_READY,True,False
MID,313277,Mohamed Chemlal,406269,Danilson Gomes Tavares,85.048875,30.683339,85.048875,4,medium_research_only,SAME_ROLE_ONLY;RESEARCH_ONLY;SAMPLE_TOO_SMALL_LOCAL_11_MATCHES_NOT_PRODUCTION_READY,True,False
MID,313277,Mohamed Chemlal,407207,Ennaama El Bellali,85.097975,28.151956,85.097975,4,medium_research_only,SAME_ROLE_ONLY;RESEARCH_ONLY;SAMPLE_TOO_SMALL_LOCAL_11_MATCHES_NOT_PRODUCTION_READY,True,False
MID,313277,Mohamed Chemlal,407506,Oussama Nourdine,78.767089,30.861279,78.767089,4,medium_research_only,SAME_ROLE_ONLY;RESEARCH_ONLY;SAMPLE_TOO_SMALL_LOCAL_11_MATCHES_NOT_PRODUCTION_READY,True,False
MID,313277,Mohamed Chemlal,407852,Abdessamad Mahir,82.988725,29.621322,82.988725,4,medium_research_only,SAME_ROLE_ONLY;RESEARCH_ONLY;SAMPLE_TOO_SMALL_LOCAL_11_MATCHES_NOT_PRODUCTION_READY,True,False
MID,313277,Mohamed Chemlal,415853,Claude Gnolou,82.787134,29.202256,82.787134,4,medium_research_only,SAME_ROLE_ONLY;RESEARCH_ONLY;SAMPLE_TOO_SMALL_LOCAL_11_MATCHES_NOT_PRODUCTION_READY,True,False
MID,313277,Mohamed Chemlal,416303,El Mahdi Akoumi,86.90572,30.63813,86.90572,4,medium_research_only,SAME_ROLE_ONLY;RESEARCH_ONLY;SAMPLE_TOO_SMALL_LOCAL_11_MATCHES_NOT_PRODUCTION_READY,True,False
MID,313277,Mohamed Chemlal,424979,Soufiane Tazi,89.279748,25.625232,89.279748,4,medium_research_only,SAME_ROLE_ONLY;RESEARCH_ONLY;SAMPLE_TOO_SMALL_LOCAL_11_MATCHES_NOT_PRODUCTION_READY,True,False
MID,313277,Mohamed Chemlal,442288,Adnane Berdad,85.139409,29.422995,85.139409,4,medium_research_only,SAME_ROLE_ONLY;RESEARCH_ONLY;SAMPLE_TOO_SMALL_LOCAL_11_MATCHES_NOT_PRODUCTION_READY,True,False
MID,313277,Mohamed Chemlal,442292,Abdellatif El Bajjani,85.35178,27.990731,85.35178,4,medium_research_only,SAME_ROLE_ONLY;RESEARCH_ONLY;SAMPLE_TOO_SMALL_LOCAL_11_MATCHES_NOT_PRODUCTION_READY,True,False
MID,313277,Mohamed Chemlal,443951,Youness Akharraz,81.04952,31.666462,81.04952,4,medium_research_only,SAME_ROLE_ONLY;RESEARCH_ONLY;SAMPLE_TOO_SMALL_LOCAL_11_MATCHES_NOT_PRODUCTION_READY,True,False
MID,313277,Mohamed Chemlal,445163,Ayoub Maamouri,97.194237,30.280382,97.194237,4,medium_research_only,SAME_ROLE_ONLY;RESEARCH_ONLY;SAMPLE_TOO_SMALL_LOCAL_11_MATCHES_NOT_PRODUCTION_READY,True,False
MID,313277,Mohamed Chemlal,446355,Ishak Zidani,87.688438,27.615295,87.688438,4,medium_research_only,SAME_ROLE_ONLY;RESEARCH_ONLY;SAMPLE_TOO_SMALL_LOCAL_11_MATCHES_NOT_PRODUCTION_READY,True,False
MID,313277,Mohamed Chemlal,449373,Marouane Oujeddou,96.089271,26.563377,96.089271,4,medium_research_only,SAME_ROLE_ONLY;RESEARCH_ONLY;SAMPLE_TOO_SMALL_LOCAL_11_MATCHES_NOT_PRODUCTION_READY,True,False
MID,313277,Mohamed Chemlal,449471,Ayman Tarrazi,80.115823,31.626091,80.115823,4,medium_research_only,SAME_ROLE_ONLY;RESEARCH_ONLY;SAMPLE_TOO_SMALL_LOCAL_11_MATCHES_NOT_PRODUCTION_READY,True,False
MID,313277,Mohamed Chemlal,450709,Joseph Bakasu       ,81.217713,30.217273,81.217713,4,medium_research_only,SAME_ROLE_ONLY;RESEARCH_ONLY;SAMPLE_TOO_SMALL_LOCAL_11_MATCHES_NOT_PRODUCTION_READY,True,False
MID,313277,Mohamed Chemlal,460266,Youness Dahmani,77.465989,34.033653,77.465989,4,medium_research_only,SAME_ROLE_ONLY;RESEARCH_ONLY;SAMPLE_TOO_SMALL_LOCAL_11_MATCHES_NOT_PRODUCTION_READY,True,False
MID,313277,Mohamed Chemlal,477679,Redouane Oubidar,80.459246,30.168331,80.459246,4,medium_research_only,SAME_ROLE_ONLY;RESEARCH_ONLY;SAMPLE_TOO_SMALL_LOCAL_11_MATCHES_NOT_PRODUCTION_READY,True,False
MID,313277,Mohamed Chemlal,477680,Hamza Saoud,87.95503,25.080481,87.95503,4,medium_research_only,SAME_ROLE_ONLY;RESEARCH_ONLY;SAMPLE_TOO_SMALL_LOCAL_11_MATCHES_NOT_PRODUCTION_READY,True,False
MID,313277,Mohamed Chemlal,477682,Ayoub Benaadi,96.565712,24.22369,96.565712,4,medium_research_only,SAME_ROLE_ONLY;RESEARCH_ONLY;SAMPLE_TOO_SMALL_LOCAL_11_MATCHES_NOT_PRODUCTION_READY,True,False
MID,313277,Mohamed Chemlal,477688,Ayoub El Khaffi,81.381121,29.048108,81.381121,4,medium_research_only,SAME_ROLE_ONLY;RESEARCH_ONLY;SAMPLE_TOO_SMALL_LOCAL_11_MATCHES_NOT_PRODUCTION_READY,True,False
MID,313277,Mohamed Chemlal,523298,Mohamed Ahayaoui,86.021991,27.042769,86.021991,4,medium_research_only,SAME_ROLE_ONLY;RESEARCH_ONLY;SAMPLE_TOO_SMALL_LOCAL_11_MATCHES_NOT_PRODUCTION_READY,True,False
MID,313277,Mohamed Chemlal,523308,Adil Khalloufi,81.661264,29.429004,81.661264,4,medium_research_only,SAME_ROLE_ONLY;RESEARCH_ONLY;SAMPLE_TOO_SMALL_LOCAL_11_MATCHES_NOT_PRODUCTION_READY,True,False
MID,313277,Mohamed Chemlal,523312,Brahim Mansouri,98.971967,22.295585,98.971967,4,medium_research_only,SAME_ROLE_ONLY;RESEARCH_ONLY;SAMPLE_TOO_SMALL_LOCAL_11_MATCHES_NOT_PRODUCTION_READY,True,False
MID,313277,Mohamed Chemlal,523319,Omar Ouddah,79.433973,30.249165,79.433973,4,medium_research_only,SAME_ROLE_ONLY;RESEARCH_ONLY;SAMPLE_TOO_SMALL_LOCAL_11_MATCHES_NOT_PRODUCTION_READY,True,False
MID,313277,Mohamed Chemlal,523973,Hamza Rafa,81.591403,29.735771,81.591403,4,medium_research_only,SAME_ROLE_ONLY;RESEARCH_ONLY;SAMPLE_TOO_SMALL_LOCAL_11_MATCHES_NOT_PRODUCTION_READY,True,False
MID,313277,Mohamed Chemlal,523996,Fred Duval Ngoma,81.376002,29.810297,81.376002,4,medium_research_only,SAME_ROLE_ONLY;RESEARCH_ONLY;SAMPLE_TOO_SMALL_LOCAL_11_MATCHES_NOT_PRODUCTION_READY,True,False
MID,313277,Mohamed Chemlal,523997,Karim L'Koucha,82.880323,31.624901,82.880323,4,medium_research_only,SAME_ROLE_ONLY;RESEARCH_ONLY;SAMPLE_TOO_SMALL_LOCAL_11_MATCHES_NOT_PRODUCTION_READY,True,False
MID,313277,Mohamed Chemlal,523999,Zakaria Kessary,88.542727,26.22398,88.542727,4,medium_research_only,SAME_ROLE_ONLY;RESEARCH_ONLY;SAMPLE_TOO_SMALL_LOCAL_11_MATCHES_NOT_PRODUCTION_READY,True,False
MID,313277,Mohamed Chemlal,524000,Ahmed Aboulfath,80.219957,31.705775,80.219957,4,medium_research_only,SAME_ROLE_ONLY;RESEARCH_ONLY;SAMPLE_TOO_SMALL_LOCAL_11_MATCHES_NOT_PRODUCTION_READY,True,False
MID,313277,Mohamed Chemlal,524002,Salim Ghazzani,94.386808,19.619501,94.386808,4,medium_research_only,SAME_ROLE_ONLY;RESEARCH_ONLY;SAMPLE_TOO_SMALL_LOCAL_11_MATCHES_NOT_PRODUCTION_READY,True,False
MID,313277,Mohamed Chemlal,524003,Mohammed Es-Sahel,79.774414,31.073935,79.774414,4,medium_research_only,SAME_ROLE_ONLY;RESEARCH_ONLY;SAMPLE_TOO_SMALL_LOCAL_11_MATCHES_NOT_PRODUCTION_READY,True,False
MID,313277,Mohamed Chemlal,524511,Saad Nassik,82.594378,29.949086,82.594378,4,medium_research_only,SAME_ROLE_ONLY;RESEARCH_ONLY;SAMPLE_TOO_SMALL_LOCAL_11_MATCHES_NOT_PRODUCTION_READY,True,False
MID,313284,Achraf Harmach,314460,Ayoub Bouaadli,99.580722,3.140511,99.580722,4,medium_research_only,SAME_ROLE_ONLY;RESEARCH_ONLY;SAMPLE_TOO_SMALL_LOCAL_11_MATCHES_NOT_PRODUCTION_READY,True,False
MID,313284,Achraf Harmach,323979,Zakaria Fatihi,93.646411,10.325564,93.646411,4,medium_research_only,SAME_ROLE_ONLY;RESEARCH_ONLY;SAMPLE_TOO_SMALL_LOCAL_11_MATCHES_NOT_PRODUCTION_READY,True,False
MID,313284,Achraf Harmach,360838,Zakaria Ami,81.002637,10.70926,81.002637,4,medium_research_only,SAME_ROLE_ONLY;RESEARCH_ONLY;SAMPLE_TOO_SMALL_LOCAL_11_MATCHES_NOT_PRODUCTION_READY,True,False
MID,313284,Achraf Harmach,380600,Mouad Goulouss,97.951556,6.155114,97.951556,4,medium_research_only,SAME_ROLE_ONLY;RESEARCH_ONLY;SAMPLE_TOO_SMALL_LOCAL_11_MATCHES_NOT_PRODUCTION_READY,True,False
MID,313284,Achraf Harmach,381935,Ismail Mihrab,96.074853,5.549652,96.074853,4,medium_research_only,SAME_ROLE_ONLY;RESEARCH_ONLY;SAMPLE_TOO_SMALL_LOCAL_11_MATCHES_NOT_PRODUCTION_READY,True,False
MID,313284,Achraf Harmach,396748,Youssef Laghzal,94.357725,7.788494,94.357725,4,medium_research_only,SAME_ROLE_ONLY;RESEARCH_ONLY;SAMPLE_TOO_SMALL_LOCAL_11_MATCHES_NOT_PRODUCTION_READY,True,False
MID,313284,Achraf Harmach,405645,Othmane Chraibi,99.425967,9.35199,99.425967,4,medium_research_only,SAME_ROLE_ONLY;RESEARCH_ONLY;SAMPLE_TOO_SMALL_LOCAL_11_MATCHES_NOT_PRODUCTION_READY,True,False
MID,313284,Achraf Harmach,406269,Danilson Gomes Tavares,97.004233,5.049353,97.004233,4,medium_research_only,SAME_ROLE_ONLY;RESEARCH_ONLY;SAMPLE_TOO_SMALL_LOCAL_11_MATCHES_NOT_PRODUCTION_READY,True,False
MID,313284,Achraf Harmach,407207,Ennaama El Bellali,99.946746,3.286515,99.946746,4,medium_research_only,SAME_ROLE_ONLY;RESEARCH_ONLY;SAMPLE_TOO_SMALL_LOCAL_11_MATCHES_NOT_PRODUCTION_READY,True,False
MID,313284,Achraf Harmach,407506,Oussama Nourdine,97.585421,5.637158,97.585421,4,medium_research_only,SAME_ROLE_ONLY;RESEARCH_ONLY;SAMPLE_TOO_SMALL_LOCAL_11_MATCHES_NOT_PRODUCTION_READY,True,False
MID,313284,Achraf Harmach,407852,Abdessamad Mahir,97.102718,5.058083,97.102718,4,medium_research_only,SAME_ROLE_ONLY;RESEARCH_ONLY;SAMPLE_TOO_SMALL_LOCAL_11_MATCHES_NOT_PRODUCTION_READY,True,False
MID,313284,Achraf Harmach,415853,Claude Gnolou,98.774898,4.535299,98.774898,4,medium_research_only,SAME_ROLE_ONLY;RESEARCH_ONLY;SAMPLE_TOO_SMALL_LOCAL_11_MATCHES_NOT_PRODUCTION_READY,True,False
MID,313284,Achraf Harmach,416303,El Mahdi Akoumi,99.799479,3.739295,99.799479,4,medium_research_only,SAME_ROLE_ONLY;RESEARCH_ONLY;SAMPLE_TOO_SMALL_LOCAL_11_MATCHES_NOT_PRODUCTION_READY,True,False
MID,313284,Achraf Harmach,424979,Soufiane Tazi,99.331234,5.198641,99.331234,4,medium_research_only,SAME_ROLE_ONLY;RESEARCH_ONLY;SAMPLE_TOO_SMALL_LOCAL_11_MATCHES_NOT_PRODUCTION_READY,True,False
MID,313284,Achraf Harmach,442288,Adnane Berdad,99.642641,1.627376,99.642641,4,medium_research_only,SAME_ROLE_ONLY;RESEARCH_ONLY;SAMPLE_TOO_SMALL_LOCAL_11_MATCHES_NOT_PRODUCTION_READY,True,False
MID,313284,Achraf Harmach,442292,Abdellatif El Bajjani,99.023694,4.503332,99.023694,4,medium_research_only,SAME_ROLE_ONLY;RESEARCH_ONLY;SAMPLE_TOO_SMALL_LOCAL_11_MATCHES_NOT_PRODUCTION_READY,True,False
MID,313284,Achraf Harmach,443951,Youness Akharraz,99.515922,3.154087,99.515922,4,medium_research_only,SAME_ROLE_ONLY;RESEARCH_ONLY;SAMPLE_TOO_SMALL_LOCAL_11_MATCHES_NOT_PRODUCTION_READY,True,False
MID,313284,Achraf Harmach,445163,Ayoub Maamouri,89.941619,8.857522,89.941619,4,medium_research_only,SAME_ROLE_ONLY;RESEARCH_ONLY;SAMPLE_TOO_SMALL_LOCAL_11_MATCHES_NOT_PRODUCTION_READY,True,False
MID,313284,Achraf Harmach,446355,Ishak Zidani,99.510659,2.674671,99.510659,4,medium_research_only,SAME_ROLE_ONLY;RESEARCH_ONLY;SAMPLE_TOO_SMALL_LOCAL_11_MATCHES_NOT_PRODUCTION_READY,True,False
MID,313284,Achraf Harmach,449373,Marouane Oujeddou,95.398997,5.717976,95.398997,4,medium_research_only,SAME_ROLE_ONLY;RESEARCH_ONLY;SAMPLE_TOO_SMALL_LOCAL_11_MATCHES_NOT_PRODUCTION_READY,True,False
MID,313284,Achraf Harmach,449471,Ayman Tarrazi,98.346554,3.747416,98.346554,4,medium_research_only,SAME_ROLE_ONLY;RESEARCH_ONLY;SAMPLE_TOO_SMALL_LOCAL_11_MATCHES_NOT_PRODUCTION_READY,True,False
MID,313284,Achraf Harmach,450709,Joseph Bakasu       ,99.750111,2.166121,99.750111,4,medium_research_only,SAME_ROLE_ONLY;RESEARCH_ONLY;SAMPLE_TOO_SMALL_LOCAL_11_MATCHES_NOT_PRODUCTION_READY,True,False
MID,313284,Achraf Harmach,460266,Youness Dahmani,76.542583,11.558574,76.542583,4,medium_research_only,SAME_ROLE_ONLY;RESEARCH_ONLY;SAMPLE_TOO_SMALL_LOCAL_11_MATCHES_NOT_PRODUCTION_READY,True,False
MID,313284,Achraf Harmach,477679,Redouane Oubidar,95.200634,7.318778,95.200634,4,medium_research_only,SAME_ROLE_ONLY;RESEARCH_ONLY;SAMPLE_TOO_SMALL_LOCAL_11_MATCHES_NOT_PRODUCTION_READY,True,False
MID,313284,Achraf Harmach,477680,Hamza Saoud,98.993709,9.065305,98.993709,4,medium_research_only,SAME_ROLE_ONLY;RESEARCH_ONLY;SAMPLE_TOO_SMALL_LOCAL_11_MATCHES_NOT_PRODUCTION_READY,True,False
MID,313284,Achraf Harmach,477682,Ayoub Benaadi,94.235574,6.869571,94.235574,4,medium_research_only,SAME_ROLE_ONLY;RESEARCH_ONLY;SAMPLE_TOO_SMALL_LOCAL_11_MATCHES_NOT_PRODUCTION_READY,True,False
MID,313284,Achraf Harmach,477688,Ayoub El Khaffi,99.871364,10.842997,99.871364,4,medium_research_only,SAME_ROLE_ONLY;RESEARCH_ONLY;SAMPLE_TOO_SMALL_LOCAL_11_MATCHES_NOT_PRODUCTION_READY,True,False
MID,313284,Achraf Harmach,523298,Mohamed Ahayaoui,98.961809,6.257237,98.961809,4,medium_research_only,SAME_ROLE_ONLY;RESEARCH_ONLY;SAMPLE_TOO_SMALL_LOCAL_11_MATCHES_NOT_PRODUCTION_READY,True,False
MID,313284,Achraf Harmach,523308,Adil Khalloufi,98.147917,5.9961,98.147917,4,medium_research_only,SAME_ROLE_ONLY;RESEARCH_ONLY;SAMPLE_TOO_SMALL_LOCAL_11_MATCHES_NOT_PRODUCTION_READY,True,False
MID,313284,Achraf Harmach,523312,Brahim Mansouri,88.866642,9.89592,88.866642,4,medium_research_only,SAME_ROLE_ONLY;RESEARCH_ONLY;SAMPLE_TOO_SMALL_LOCAL_11_MATCHES_NOT_PRODUCTION_READY,True,False
MID,313284,Achraf Harmach,523319,Omar Ouddah,97.347408,7.862966,97.347408,4,medium_research_only,SAME_ROLE_ONLY;RESEARCH_ONLY;SAMPLE_TOO_SMALL_LOCAL_11_MATCHES_NOT_PRODUCTION_READY,True,False
MID,313284,Achraf Harmach,523973,Hamza Rafa,99.601741,3.506216,99.601741,4,medium_research_only,SAME_ROLE_ONLY;RESEARCH_ONLY;SAMPLE_TOO_SMALL_LOCAL_11_MATCHES_NOT_PRODUCTION_READY,True,False
MID,313284,Achraf Harmach,523996,Fred Duval Ngoma,99.75784,3.358809,99.75784,4,medium_research_only,SAME_ROLE_ONLY;RESEARCH_ONLY;SAMPLE_TOO_SMALL_LOCAL_11_MATCHES_NOT_PRODUCTION_READY,True,False
MID,313284,Achraf Harmach,523997,Karim L'Koucha,99.59226,3.923738,99.59226,4,medium_research_only,SAME_ROLE_ONLY;RESEARCH_ONLY;SAMPLE_TOO_SMALL_LOCAL_11_MATCHES_NOT_PRODUCTION_READY,True,False
MID,313284,Achraf Harmach,523999,Zakaria Kessary,98.779142,5.271718,98.779142,4,medium_research_only,SAME_ROLE_ONLY;RESEARCH_ONLY;SAMPLE_TOO_SMALL_LOCAL_11_MATCHES_NOT_PRODUCTION_READY,True,False
MID,313284,Achraf Harmach,524000,Ahmed Aboulfath,88.243343,8.841038,88.243343,4,medium_research_only,SAME_ROLE_ONLY;RESEARCH_ONLY;SAMPLE_TOO_SMALL_LOCAL_11_MATCHES_NOT_PRODUCTION_READY,True,False
MID,313284,Achraf Harmach,524002,Salim Ghazzani,87.564743,16.110515,87.564743,4,medium_research_only,SAME_ROLE_ONLY;RESEARCH_ONLY;SAMPLE_TOO_SMALL_LOCAL_11_MATCHES_NOT_PRODUCTION_READY,True,False
MID,313284,Achraf Harmach,524003,Mohammed Es-Sahel,97.42643,4.43626,97.42643,4,medium_research_only,SAME_ROLE_ONLY;RESEARCH_ONLY;SAMPLE_TOO_SMALL_LOCAL_11_MATCHES_NOT_PRODUCTION_READY,True,False
MID,313284,Achraf Harmach,524511,Saad Nassik,99.938447,1.072282,99.938447,4,medium_research_only,SAME_ROLE_ONLY;RESEARCH_ONLY;SAMPLE_TOO_SMALL_LOCAL_11_MATCHES_NOT_PRODUCTION_READY,True,False
MID,314460,Ayoub Bouaadli,323979,Zakaria Fatihi,95.189145,8.65744,95.189145,4,medium_research_only,SAME_ROLE_ONLY;RESEARCH_ONLY;SAMPLE_TOO_SMALL_LOCAL_11_MATCHES_NOT_PRODUCTION_READY,True,False
MID,314460,Ayoub Bouaadli,360838,Zakaria Ami,83.206892,12.37855,83.206892,4,medium_research_only,SAME_ROLE_ONLY;RESEARCH_ONLY;SAMPLE_TOO_SMALL_LOCAL_11_MATCHES_NOT_PRODUCTION_READY,True,False
MID,314460,Ayoub Bouaadli,380600,Mouad Goulouss,98.896169,8.20473,98.896169,4,medium_research_only,SAME_ROLE_ONLY;RESEARCH_ONLY;SAMPLE_TOO_SMALL_LOCAL_11_MATCHES_NOT_PRODUCTION_READY,True,False
MID,314460,Ayoub Bouaadli,381935,Ismail Mihrab,96.514709,7.19356,96.514709,4,medium_research_only,SAME_ROLE_ONLY;RESEARCH_ONLY;SAMPLE_TOO_SMALL_LOCAL_11_MATCHES_NOT_PRODUCTION_READY,True,False
MID,314460,Ayoub Bouaadli,396748,Youssef Laghzal,93.613884,10.253092,93.613884,4,medium_research_only,SAME_ROLE_ONLY;RESEARCH_ONLY;SAMPLE_TOO_SMALL_LOCAL_11_MATCHES_NOT_PRODUCTION_READY,True,False
MID,314460,Ayoub Bouaadli,405645,Othmane Chraibi,99.251128,7.273219,99.251128,4,medium_research_only,SAME_ROLE_ONLY;RESEARCH_ONLY;SAMPLE_TOO_SMALL_LOCAL_11_MATCHES_NOT_PRODUCTION_READY,True,False
MID,314460,Ayoub Bouaadli,406269,Danilson Gomes Tavares,97.603567,6.678256,97.603567,4,medium_research_only,SAME_ROLE_ONLY;RESEARCH_ONLY;SAMPLE_TOO_SMALL_LOCAL_11_MATCHES_NOT_PRODUCTION_READY,True,False
MID,314460,Ayoub Bouaadli,407207,Ennaama El Bellali,99.812045,1.602068,99.812045,4,medium_research_only,SAME_ROLE_ONLY;RESEARCH_ONLY;SAMPLE_TOO_SMALL_LOCAL_11_MATCHES_NOT_PRODUCTION_READY,True,False
MID,314460,Ayoub Bouaadli,407506,Oussama Nourdine,96.733925,5.971812,96.733925,4,medium_research_only,SAME_ROLE_ONLY;RESEARCH_ONLY;SAMPLE_TOO_SMALL_LOCAL_11_MATCHES_NOT_PRODUCTION_READY,True,False
MID,314460,Ayoub Bouaadli,407852,Abdessamad Mahir,96.931842,5.559562,96.931842,4,medium_research_only,SAME_ROLE_ONLY;RESEARCH_ONLY;SAMPLE_TOO_SMALL_LOCAL_11_MATCHES_NOT_PRODUCTION_READY,True,False
MID,314460,Ayoub Bouaadli,415853,Claude Gnolou,98.532981,4.01621,98.532981,4,medium_research_only,SAME_ROLE_ONLY;RESEARCH_ONLY;SAMPLE_TOO_SMALL_LOCAL_11_MATCHES_NOT_PRODUCTION_READY,True,False
MID,314460,Ayoub Bouaadli,416303,El Mahdi Akoumi,99.721342,6.222001,99.721342,4,medium_research_only,SAME_ROLE_ONLY;RESEARCH_ONLY;SAMPLE_TOO_SMALL_LOCAL_11_MATCHES_NOT_PRODUCTION_READY,True,False
MID,314460,Ayoub Bouaadli,424979,Soufiane Tazi,99.879407,2.353556,99.879407,4,medium_research_only,SAME_ROLE_ONLY;RESEARCH_ONLY;SAMPLE_TOO_SMALL_LOCAL_11_MATCHES_NOT_PRODUCTION_READY,True,False
MID,314460,Ayoub Bouaadli,442288,Adnane Berdad,99.626292,3.191474,99.626292,4,medium_research_only,SAME_ROLE_ONLY;RESEARCH_ONLY;SAMPLE_TOO_SMALL_LOCAL_11_MATCHES_NOT_PRODUCTION_READY,True,False
MID,314460,Ayoub Bouaadli,442292,Abdellatif El Bajjani,99.608851,2.243533,99.608851,4,medium_research_only,SAME_ROLE_ONLY;RESEARCH_ONLY;SAMPLE_TOO_SMALL_LOCAL_11_MATCHES_NOT_PRODUCTION_READY,True,False
MID,314460,Ayoub Bouaadli,443951,Youness Akharraz,98.663137,5.990886,98.663137,4,medium_research_only,SAME_ROLE_ONLY;RESEARCH_ONLY;SAMPLE_TOO_SMALL_LOCAL_11_MATCHES_NOT_PRODUCTION_READY,True,False
MID,314460,Ayoub Bouaadli,445163,Ayoub Maamouri,91.980363,10.609666,91.980363,4,medium_research_only,SAME_ROLE_ONLY;RESEARCH_ONLY;SAMPLE_TOO_SMALL_LOCAL_11_MATCHES_NOT_PRODUCTION_READY,True,False
MID,314460,Ayoub Bouaadli,446355,Ishak Zidani,99.698028,1.881195,99.698028,4,medium_research_only,SAME_ROLE_ONLY;RESEARCH_ONLY;SAMPLE_TOO_SMALL_LOCAL_11_MATCHES_NOT_PRODUCTION_READY,True,False
MID,314460,Ayoub Bouaadli,449373,Marouane Oujeddou,97.257604,6.129996,97.257604,4,medium_research_only,SAME_ROLE_ONLY;RESEARCH_ONLY;SAMPLE_TOO_SMALL_LOCAL_11_MATCHES_NOT_PRODUCTION_READY,True,False
MID,314460,Ayoub Bouaadli,449471,Ayman Tarrazi,97.781992,5.970552,97.781992,4,medium_research_only,SAME_ROLE_ONLY;RESEARCH_ONLY;SAMPLE_TOO_SMALL_LOCAL_11_MATCHES_NOT_PRODUCTION_READY,True,False
MID,314460,Ayoub Bouaadli,450709,Joseph Bakasu       ,98.949443,3.328565,98.949443,4,medium_research_only,SAME_ROLE_ONLY;RESEARCH_ONLY;SAMPLE_TOO_SMALL_LOCAL_11_MATCHES_NOT_PRODUCTION_READY,True,False
MID,314460,Ayoub Bouaadli,460266,Youness Dahmani,78.043381,13.528575,78.043381,4,medium_research_only,SAME_ROLE_ONLY;RESEARCH_ONLY;SAMPLE_TOO_SMALL_LOCAL_11_MATCHES_NOT_PRODUCTION_READY,True,False
MID,314460,Ayoub Bouaadli,477679,Redouane Oubidar,94.804079,7.516895,94.804079,4,medium_research_only,SAME_ROLE_ONLY;RESEARCH_ONLY;SAMPLE_TOO_SMALL_LOCAL_11_MATCHES_NOT_PRODUCTION_READY,True,False
MID,314460,Ayoub Bouaadli,477680,Hamza Saoud,98.937523,7.051903,98.937523,4,medium_research_only,SAME_ROLE_ONLY;RESEARCH_ONLY;SAMPLE_TOO_SMALL_LOCAL_11_MATCHES_NOT_PRODUCTION_READY,True,False
MID,314460,Ayoub Bouaadli,477682,Ayoub Benaadi,96.685337,5.782023,96.685337,4,medium_research_only,SAME_ROLE_ONLY;RESEARCH_ONLY;SAMPLE_TOO_SMALL_LOCAL_11_MATCHES_NOT_PRODUCTION_READY,True,False
MID,314460,Ayoub Bouaadli,477688,Ayoub El Khaffi,99.180265,9.023018,99.180265,4,medium_research_only,SAME_ROLE_ONLY;RESEARCH_ONLY;SAMPLE_TOO_SMALL_LOCAL_11_MATCHES_NOT_PRODUCTION_READY,True,False
MID,314460,Ayoub Bouaadli,523298,Mohamed Ahayaoui,98.945852,4.580382,98.945852,4,medium_research_only,SAME_ROLE_ONLY;RESEARCH_ONLY;SAMPLE_TOO_SMALL_LOCAL_11_MATCHES_NOT_PRODUCTION_READY,True,False
MID,314460,Ayoub Bouaadli,523308,Adil Khalloufi,98.017358,5.087297,98.017358,4,medium_research_only,SAME_ROLE_ONLY;RESEARCH_ONLY;SAMPLE_TOO_SMALL_LOCAL_11_MATCHES_NOT_PRODUCTION_READY,True,False
MID,314460,Ayoub Bouaadli,523312,Brahim Mansouri,91.343698,9.328595,91.343698,4,medium_research_only,SAME_ROLE_ONLY;RESEARCH_ONLY;SAMPLE_TOO_SMALL_LOCAL_11_MATCHES_NOT_PRODUCTION_READY,True,False
MID,314460,Ayoub Bouaadli,523319,Omar Ouddah,96.481562,7.423621,96.481562,4,medium_research_only,SAME_ROLE_ONLY;RESEARCH_ONLY;SAMPLE_TOO_SMALL_LOCAL_11_MATCHES_NOT_PRODUCTION_READY,True,False
MID,314460,Ayoub Bouaadli,523973,Hamza Rafa,98.95267,3.377283,98.95267,4,medium_research_only,SAME_ROLE_ONLY;RESEARCH_ONLY;SAMPLE_TOO_SMALL_LOCAL_11_MATCHES_NOT_PRODUCTION_READY,True,False
MID,314460,Ayoub Bouaadli,523996,Fred Duval Ngoma,99.017533,3.289256,99.017533,4,medium_research_only,SAME_ROLE_ONLY;RESEARCH_ONLY;SAMPLE_TOO_SMALL_LOCAL_11_MATCHES_NOT_PRODUCTION_READY,True,False
MID,314460,Ayoub Bouaadli,523997,Karim L'Koucha,99.116704,6.564301,99.116704,4,medium_research_only,SAME_ROLE_ONLY;RESEARCH_ONLY;SAMPLE_TOO_SMALL_LOCAL_11_MATCHES_NOT_PRODUCTION_READY,True,False
MID,314460,Ayoub Bouaadli,523999,Zakaria Kessary,99.669012,2.464868,99.669012,4,medium_research_only,SAME_ROLE_ONLY;RESEARCH_ONLY;SAMPLE_TOO_SMALL_LOCAL_11_MATCHES_NOT_PRODUCTION_READY,True,False
MID,314460,Ayoub Bouaadli,524000,Ahmed Aboulfath,90.537509,9.568672,90.537509,4,medium_research_only,SAME_ROLE_ONLY;RESEARCH_ONLY;SAMPLE_TOO_SMALL_LOCAL_11_MATCHES_NOT_PRODUCTION_READY,True,False
MID,314460,Ayoub Bouaadli,524002,Salim Ghazzani,91.204585,13.781663,91.204585,4,medium_research_only,SAME_ROLE_ONLY;RESEARCH_ONLY;SAMPLE_TOO_SMALL_LOCAL_11_MATCHES_NOT_PRODUCTION_READY,True,False
MID,314460,Ayoub Bouaadli,524003,Mohammed Es-Sahel,96.556825,5.970242,96.556825,4,medium_research_only,SAME_ROLE_ONLY;RESEARCH_ONLY;SAMPLE_TOO_SMALL_LOCAL_11_MATCHES_NOT_PRODUCTION_READY,True,False
MID,314460,Ayoub Bouaadli,524511,Saad Nassik,99.295403,3.057854,99.295403,4,medium_research_only,SAME_ROLE_ONLY;RESEARCH_ONLY;SAMPLE_TOO_SMALL_LOCAL_11_MATCHES_NOT_PRODUCTION_READY,True,False
MID,323979,Zakaria Fatihi,360838,Zakaria Ami,89.456142,14.426448,89.456142,4,medium_research_only,SAME_ROLE_ONLY;RESEARCH_ONLY;SAMPLE_TOO_SMALL_LOCAL_11_MATCHES_NOT_PRODUCTION_READY,True,False
MID,323979,Zakaria Fatihi,380600,Mouad Goulouss,98.26518,12.003184,98.26518,4,medium_research_only,SAME_ROLE_ONLY;RESEARCH_ONLY;SAMPLE_TOO_SMALL_LOCAL_11_MATCHES_NOT_PRODUCTION_READY,True,False
MID,323979,Zakaria Fatihi,381935,Ismail Mihrab,97.32763,10.116652,97.32763,4,medium_research_only,SAME_ROLE_ONLY;RESEARCH_ONLY;SAMPLE_TOO_SMALL_LOCAL_11_MATCHES_NOT_PRODUCTION_READY,True,False
MID,323979,Zakaria Fatihi,396748,Youssef Laghzal,94.830932,13.489743,94.830932,4,medium_research_only,SAME_ROLE_ONLY;RESEARCH_ONLY;SAMPLE_TOO_SMALL_LOCAL_11_MATCHES_NOT_PRODUCTION_READY,True,False
MID,323979,Zakaria Fatihi,405645,Othmane Chraibi,93.709154,10.972246,93.709154,4,medium_research_only,SAME_ROLE_ONLY;RESEARCH_ONLY;SAMPLE_TOO_SMALL_LOCAL_11_MATCHES_NOT_PRODUCTION_READY,True,False
MID,323979,Zakaria Fatihi,406269,Danilson Gomes Tavares,98.044805,9.852207,98.044805,4,medium_research_only,SAME_ROLE_ONLY;RESEARCH_ONLY;SAMPLE_TOO_SMALL_LOCAL_11_MATCHES_NOT_PRODUCTION_READY,True,False
MID,323979,Zakaria Fatihi,407207,Ennaama El Bellali,94.190752,9.285105,94.190752,4,medium_research_only,SAME_ROLE_ONLY;RESEARCH_ONLY;SAMPLE_TOO_SMALL_LOCAL_11_MATCHES_NOT_PRODUCTION_READY,True,False
MID,323979,Zakaria Fatihi,407506,Oussama Nourdine,95.170532,8.564313,95.170532,4,medium_research_only,SAME_ROLE_ONLY;RESEARCH_ONLY;SAMPLE_TOO_SMALL_LOCAL_11_MATCHES_NOT_PRODUCTION_READY,True,False
MID,323979,Zakaria Fatihi,407852,Abdessamad Mahir,95.844134,8.506454,95.844134,4,medium_research_only,SAME_ROLE_ONLY;RESEARCH_ONLY;SAMPLE_TOO_SMALL_LOCAL_11_MATCHES_NOT_PRODUCTION_READY,True,False
MID,323979,Zakaria Fatihi,415853,Claude Gnolou,96.395155,7.567843,96.395155,4,medium_research_only,SAME_ROLE_ONLY;RESEARCH_ONLY;SAMPLE_TOO_SMALL_LOCAL_11_MATCHES_NOT_PRODUCTION_READY,True,False
MID,323979,Zakaria Fatihi,416303,El Mahdi Akoumi,93.37041,12.162098,93.37041,4,medium_research_only,SAME_ROLE_ONLY;RESEARCH_ONLY;SAMPLE_TOO_SMALL_LOCAL_11_MATCHES_NOT_PRODUCTION_READY,True,False
MID,323979,Zakaria Fatihi,424979,Soufiane Tazi,94.04845,9.394112,94.04845,4,medium_research_only,SAME_ROLE_ONLY;RESEARCH_ONLY;SAMPLE_TOO_SMALL_LOCAL_11_MATCHES_NOT_PRODUCTION_READY,True,False
MID,323979,Zakaria Fatihi,442288,Adnane Berdad,95.801069,9.204333,95.801069,4,medium_research_only,SAME_ROLE_ONLY;RESEARCH_ONLY;SAMPLE_TOO_SMALL_LOCAL_11_MATCHES_NOT_PRODUCTION_READY,True,False
MID,323979,Zakaria Fatihi,442292,Abdellatif El Bajjani,96.55798,7.362957,96.55798,4,medium_research_only,SAME_ROLE_ONLY;RESEARCH_ONLY;SAMPLE_TOO_SMALL_LOCAL_11_MATCHES_NOT_PRODUCTION_READY,True,False
MID,323979,Zakaria Fatihi,443951,Youness Akharraz,91.125428,12.448891,91.125428,4,medium_research_only,SAME_ROLE_ONLY;RESEARCH_ONLY;SAMPLE_TOO_SMALL_LOCAL_11_MATCHES_NOT_PRODUCTION_READY,True,False
MID,323979,Zakaria Fatihi,445163,Ayoub Maamouri,86.628044,15.170562,86.628044,4,medium_research_only,SAME_ROLE_ONLY;RESEARCH_ONLY;SAMPLE_TOO_SMALL_LOCAL_11_MATCHES_NOT_PRODUCTION_READY,True,False
MID,323979,Zakaria Fatihi,446355,Ishak Zidani,92.645081,10.445126,92.645081,4,medium_research_only,SAME_ROLE_ONLY;RESEARCH_ONLY;SAMPLE_TOO_SMALL_LOCAL_11_MATCHES_NOT_PRODUCTION_READY,True,False
MID,323979,Zakaria Fatihi,449373,Marouane Oujeddou,91.980501,11.66982,91.980501,4,medium_research_only,SAME_ROLE_ONLY;RESEARCH_ONLY;SAMPLE_TOO_SMALL_LOCAL_11_MATCHES_NOT_PRODUCTION_READY,True,False
MID,323979,Zakaria Fatihi,449471,Ayman Tarrazi,96.182568,9.995456,96.182568,4,medium_research_only,SAME_ROLE_ONLY;RESEARCH_ONLY;SAMPLE_TOO_SMALL_LOCAL_11_MATCHES_NOT_PRODUCTION_READY,True,False
MID,323979,Zakaria Fatihi,450709,Joseph Bakasu       ,92.214625,10.710111,92.214625,4,medium_research_only,SAME_ROLE_ONLY;RESEARCH_ONLY;SAMPLE_TOO_SMALL_LOCAL_11_MATCHES_NOT_PRODUCTION_READY,True,False
MID,323979,Zakaria Fatihi,460266,Youness Dahmani,86.147389,15.606244,86.147389,4,medium_research_only,SAME_ROLE_ONLY;RESEARCH_ONLY;SAMPLE_TOO_SMALL_LOCAL_11_MATCHES_NOT_PRODUCTION_READY,True,False
MID,323979,Zakaria Fatihi,477679,Redouane Oubidar,94.891724,8.777388,94.891724,4,medium_research_only,SAME_ROLE_ONLY;RESEARCH_ONLY;SAMPLE_TOO_SMALL_LOCAL_11_MATCHES_NOT_PRODUCTION_READY,True,False
MID,323979,Zakaria Fatihi,477680,Hamza Saoud,89.854566,13.477051,89.854566,4,medium_research_only,SAME_ROLE_ONLY;RESEARCH_ONLY;SAMPLE_TOO_SMALL_LOCAL_11_MATCHES_NOT_PRODUCTION_READY,True,False
MID,323979,Zakaria Fatihi,477682,Ayoub Benaadi,92.775369,10.498178,92.775369,4,medium_research_only,SAME_ROLE_ONLY;RESEARCH_ONLY;SAMPLE_TOO_SMALL_LOCAL_11_MATCHES_NOT_PRODUCTION_READY,True,False
MID,323979,Zakaria Fatihi,477688,Ayoub El Khaffi,93.833384,11.842288,93.833384,4,medium_research_only,SAME_ROLE_ONLY;RESEARCH_ONLY;SAMPLE_TOO_SMALL_LOCAL_11_MATCHES_NOT_PRODUCTION_READY,True,False
MID,323979,Zakaria Fatihi,523298,Mohamed Ahayaoui,95.347761,8.399494,95.347761,4,medium_research_only,SAME_ROLE_ONLY;RESEARCH_ONLY;SAMPLE_TOO_SMALL_LOCAL_11_MATCHES_NOT_PRODUCTION_READY,True,False
MID,323979,Zakaria Fatihi,523308,Adil Khalloufi,97.310389,6.464406,97.310389,4,medium_research_only,SAME_ROLE_ONLY;RESEARCH_ONLY;SAMPLE_TOO_SMALL_LOCAL_11_MATCHES_NOT_PRODUCTION_READY,True,False
MID,323979,Zakaria Fatihi,523312,Brahim Mansouri,84.438721,14.477699,84.438721,4,medium_research_only,SAME_ROLE_ONLY;RESEARCH_ONLY;SAMPLE_TOO_SMALL_LOCAL_11_MATCHES_NOT_PRODUCTION_READY,True,False
MID,323979,Zakaria Fatihi,523319,Omar Ouddah,94.560685,9.156861,94.560685,4,medium_research_only,SAME_ROLE_ONLY;RESEARCH_ONLY;SAMPLE_TOO_SMALL_LOCAL_11_MATCHES_NOT_PRODUCTION_READY,True,False
MID,323979,Zakaria Fatihi,523973,Hamza Rafa,92.083451,10.690712,92.083451,4,medium_research_only,SAME_ROLE_ONLY;RESEARCH_ONLY;SAMPLE_TOO_SMALL_LOCAL_11_MATCHES_NOT_PRODUCTION_READY,True,False
MID,323979,Zakaria Fatihi,523996,Fred Duval Ngoma,92.426968,10.476501,92.426968,4,medium_research_only,SAME_ROLE_ONLY;RESEARCH_ONLY;SAMPLE_TOO_SMALL_LOCAL_11_MATCHES_NOT_PRODUCTION_READY,True,False
MID,323979,Zakaria Fatihi,523997,Karim L'Koucha,95.084336,11.615309,95.084336,4,medium_research_only,SAME_ROLE_ONLY;RESEARCH_ONLY;SAMPLE_TOO_SMALL_LOCAL_11_MATCHES_NOT_PRODUCTION_READY,True,False
MID,323979,Zakaria Fatihi,523999,Zakaria Kessary,94.910334,8.703558,94.910334,4,medium_research_only,SAME_ROLE_ONLY;RESEARCH_ONLY;SAMPLE_TOO_SMALL_LOCAL_11_MATCHES_NOT_PRODUCTION_READY,True,False
MID,323979,Zakaria Fatihi,524000,Ahmed Aboulfath,99.082218,8.819561,99.082218,4,medium_research_only,SAME_ROLE_ONLY;RESEARCH_ONLY;SAMPLE_TOO_SMALL_LOCAL_11_MATCHES_NOT_PRODUCTION_READY,True,False
MID,323979,Zakaria Fatihi,524002,Salim Ghazzani,94.508117,10.824025,94.508117,4,medium_research_only,SAME_ROLE_ONLY;RESEARCH_ONLY;SAMPLE_TOO_SMALL_LOCAL_11_MATCHES_NOT_PRODUCTION_READY,True,False
MID,323979,Zakaria Fatihi,524003,Mohammed Es-Sahel,94.361955,9.82111,94.361955,4,medium_research_only,SAME_ROLE_ONLY;RESEARCH_ONLY;SAMPLE_TOO_SMALL_LOCAL_11_MATCHES_NOT_PRODUCTION_READY,True,False
MID,323979,Zakaria Fatihi,524511,Saad Nassik,93.690011,10.041243,93.690011,4,medium_research_only,SAME_ROLE_ONLY;RESEARCH_ONLY;SAMPLE_TOO_SMALL_LOCAL_11_MATCHES_NOT_PRODUCTION_READY,True,False
MID,360838,Zakaria Ami,380600,Mouad Goulouss,89.236058,5.309154,89.236058,4,medium_research_only,SAME_ROLE_ONLY;RESEARCH_ONLY;SAMPLE_TOO_SMALL_LOCAL_11_MATCHES_NOT_PRODUCTION_READY,True,False
MID,360838,Zakaria Ami,381935,Ismail Mihrab,93.053993,5.742996,93.053993,4,medium_research_only,SAME_ROLE_ONLY;RESEARCH_ONLY;SAMPLE_TOO_SMALL_LOCAL_11_MATCHES_NOT_PRODUCTION_READY,True,False
MID,360838,Zakaria Ami,396748,Youssef Laghzal,91.059373,4.605091,91.059373,4,medium_research_only,SAME_ROLE_ONLY;RESEARCH_ONLY;SAMPLE_TOO_SMALL_LOCAL_11_MATCHES_NOT_PRODUCTION_READY,True,False
MID,360838,Zakaria Ami,405645,Othmane Chraibi,77.042962,19.498984,77.042962,4,medium_research_only,SAME_ROLE_ONLY;RESEARCH_ONLY;SAMPLE_TOO_SMALL_LOCAL_11_MATCHES_NOT_PRODUCTION_READY,True,False
MID,360838,Zakaria Ami,406269,Danilson Gomes Tavares,91.688451,6.097546,91.688451,4,medium_research_only,SAME_ROLE_ONLY;RESEARCH_ONLY;SAMPLE_TOO_SMALL_LOCAL_11_MATCHES_NOT_PRODUCTION_READY,True,False
MID,360838,Zakaria Ami,407207,Ennaama El Bellali,81.352397,13.393333,81.352397,4,medium_research_only,SAME_ROLE_ONLY;RESEARCH_ONLY;SAMPLE_TOO_SMALL_LOCAL_11_MATCHES_NOT_PRODUCTION_READY,True,False
MID,360838,Zakaria Ami,407506,Oussama Nourdine,87.602636,12.011968,87.602636,4,medium_research_only,SAME_ROLE_ONLY;RESEARCH_ONLY;SAMPLE_TOO_SMALL_LOCAL_11_MATCHES_NOT_PRODUCTION_READY,True,False
MID,360838,Zakaria Ami,407852,Abdessamad Mahir,91.129912,9.636348,91.129912,4,medium_research_only,SAME_ROLE_ONLY;RESEARCH_ONLY;SAMPLE_TOO_SMALL_LOCAL_11_MATCHES_NOT_PRODUCTION_READY,True,False
MID,360838,Zakaria Ami,415853,Claude Gnolou,87.600221,11.966762,87.600221,4,medium_research_only,SAME_ROLE_ONLY;RESEARCH_ONLY;SAMPLE_TOO_SMALL_LOCAL_11_MATCHES_NOT_PRODUCTION_READY,True,False
MID,360838,Zakaria Ami,416303,El Mahdi Akoumi,82.765128,7.691099,82.765128,4,medium_research_only,SAME_ROLE_ONLY;RESEARCH_ONLY;SAMPLE_TOO_SMALL_LOCAL_11_MATCHES_NOT_PRODUCTION_READY,True,False
MID,360838,Zakaria Ami,424979,Soufiane Tazi,83.006004,14.239996,83.006004,4,medium_research_only,SAME_ROLE_ONLY;RESEARCH_ONLY;SAMPLE_TOO_SMALL_LOCAL_11_MATCHES_NOT_PRODUCTION_READY,True,False
MID,360838,Zakaria Ami,442288,Adnane Berdad,85.225384,9.706538,85.225384,4,medium_research_only,SAME_ROLE_ONLY;RESEARCH_ONLY;SAMPLE_TOO_SMALL_LOCAL_11_MATCHES_NOT_PRODUCTION_READY,True,False
MID,360838,Zakaria Ami,442292,Abdellatif El Bajjani,81.863726,13.418011,81.863726,4,medium_research_only,SAME_ROLE_ONLY;RESEARCH_ONLY;SAMPLE_TOO_SMALL_LOCAL_11_MATCHES_NOT_PRODUCTION_READY,True,False
MID,360838,Zakaria Ami,443951,Youness Akharraz,75.261677,9.749116,75.261677,4,medium_research_only,SAME_ROLE_ONLY;RESEARCH_ONLY;SAMPLE_TOO_SMALL_LOCAL_11_MATCHES_NOT_PRODUCTION_READY,True,False
MID,360838,Zakaria Ami,445163,Ayoub Maamouri,91.400165,4.525472,91.400165,4,medium_research_only,SAME_ROLE_ONLY;RESEARCH_ONLY;SAMPLE_TOO_SMALL_LOCAL_11_MATCHES_NOT_PRODUCTION_READY,True,False
MID,360838,Zakaria Ami,446355,Ishak Zidani,79.958787,12.384577,79.958787,4,medium_research_only,SAME_ROLE_ONLY;RESEARCH_ONLY;SAMPLE_TOO_SMALL_LOCAL_11_MATCHES_NOT_PRODUCTION_READY,True,False
MID,360838,Zakaria Ami,449373,Marouane Oujeddou,87.810484,8.013666,87.810484,4,medium_research_only,SAME_ROLE_ONLY;RESEARCH_ONLY;SAMPLE_TOO_SMALL_LOCAL_11_MATCHES_NOT_PRODUCTION_READY,True,False
MID,360838,Zakaria Ami,449471,Ayman Tarrazi,86.944651,7.981078,86.944651,4,medium_research_only,SAME_ROLE_ONLY;RESEARCH_ONLY;SAMPLE_TOO_SMALL_LOCAL_11_MATCHES_NOT_PRODUCTION_READY,True,False
MID,360838,Zakaria Ami,450709,Joseph Bakasu       ,77.09843,12.819342,77.09843,4,medium_research_only,SAME_ROLE_ONLY;RESEARCH_ONLY;SAMPLE_TOO_SMALL_LOCAL_11_MATCHES_NOT_PRODUCTION_READY,True,False
MID,360838,Zakaria Ami,460266,Youness Dahmani,99.021397,1.79447,99.021397,4,medium_research_only,SAME_ROLE_ONLY;RESEARCH_ONLY;SAMPLE_TOO_SMALL_LOCAL_11_MATCHES_NOT_PRODUCTION_READY,True,False
MID,360838,Zakaria Ami,477679,Redouane Oubidar,92.373041,10.917608,92.373041,4,medium_research_only,SAME_ROLE_ONLY;RESEARCH_ONLY;SAMPLE_TOO_SMALL_LOCAL_11_MATCHES_NOT_PRODUCTION_READY,True,False
MID,360838,Zakaria Ami,477680,Hamza Saoud,77.9199,18.781512,77.9199,4,medium_research_only,SAME_ROLE_ONLY;RESEARCH_ONLY;SAMPLE_TOO_SMALL_LOCAL_11_MATCHES_NOT_PRODUCTION_READY,True,False
MID,360838,Zakaria Ami,477682,Ayoub Benaadi,87.048466,10.302005,87.048466,4,medium_research_only,SAME_ROLE_ONLY;RESEARCH_ONLY;SAMPLE_TOO_SMALL_LOCAL_11_MATCHES_NOT_PRODUCTION_READY,True,False
MID,360838,Zakaria Ami,477688,Ayoub El Khaffi,79.968722,20.663097,79.968722,4,medium_research_only,SAME_ROLE_ONLY;RESEARCH_ONLY;SAMPLE_TOO_SMALL_LOCAL_11_MATCHES_NOT_PRODUCTION_READY,True,False
MID,360838,Zakaria Ami,523298,Mohamed Ahayaoui,88.137953,13.925841,88.137953,4,medium_research_only,SAME_ROLE_ONLY;RESEARCH_ONLY;SAMPLE_TOO_SMALL_LOCAL_11_MATCHES_NOT_PRODUCTION_READY,True,False
MID,360838,Zakaria Ami,523308,Adil Khalloufi,88.254199,12.88428,88.254199,4,medium_research_only,SAME_ROLE_ONLY;RESEARCH_ONLY;SAMPLE_TOO_SMALL_LOCAL_11_MATCHES_NOT_PRODUCTION_READY,True,False
MID,360838,Zakaria Ami,523312,Brahim Mansouri,87.110903,11.039493,87.110903,4,medium_research_only,SAME_ROLE_ONLY;RESEARCH_ONLY;SAMPLE_TOO_SMALL_LOCAL_11_MATCHES_NOT_PRODUCTION_READY,True,False
MID,360838,Zakaria Ami,523319,Omar Ouddah,88.364631,14.321448,88.364631,4,medium_research_only,SAME_ROLE_ONLY;RESEARCH_ONLY;SAMPLE_TOO_SMALL_LOCAL_11_MATCHES_NOT_PRODUCTION_READY,True,False
MID,360838,Zakaria Ami,523973,Hamza Rafa,76.046235,14.172121,76.046235,4,medium_research_only,SAME_ROLE_ONLY;RESEARCH_ONLY;SAMPLE_TOO_SMALL_LOCAL_11_MATCHES_NOT_PRODUCTION_READY,True,False
MID,360838,Zakaria Ami,523996,Fred Duval Ngoma,77.191844,14.017574,77.191844,4,medium_research_only,SAME_ROLE_ONLY;RESEARCH_ONLY;SAMPLE_TOO_SMALL_LOCAL_11_MATCHES_NOT_PRODUCTION_READY,True,False
MID,360838,Zakaria Ami,523997,Karim L'Koucha,84.643397,7.270429,84.643397,4,medium_research_only,SAME_ROLE_ONLY;RESEARCH_ONLY;SAMPLE_TOO_SMALL_LOCAL_11_MATCHES_NOT_PRODUCTION_READY,True,False
MID,360838,Zakaria Ami,523999,Zakaria Kessary,81.080155,14.158801,81.080155,4,medium_research_only,SAME_ROLE_ONLY;RESEARCH_ONLY;SAMPLE_TOO_SMALL_LOCAL_11_MATCHES_NOT_PRODUCTION_READY,True,False
MID,360838,Zakaria Ami,524000,Ahmed Aboulfath,90.759419,6.803491,90.759419,4,medium_research_only,SAME_ROLE_ONLY;RESEARCH_ONLY;SAMPLE_TOO_SMALL_LOCAL_11_MATCHES_NOT_PRODUCTION_READY,True,False
MID,360838,Zakaria Ami,524002,Salim Ghazzani,93.410914,17.22818,93.410914,4,medium_research_only,SAME_ROLE_ONLY;RESEARCH_ONLY;SAMPLE_TOO_SMALL_LOCAL_11_MATCHES_NOT_PRODUCTION_READY,True,False
MID,360838,Zakaria Ami,524003,Mohammed Es-Sahel,88.348792,9.392998,88.348792,4,medium_research_only,SAME_ROLE_ONLY;RESEARCH_ONLY;SAMPLE_TOO_SMALL_LOCAL_11_MATCHES_NOT_PRODUCTION_READY,True,False
MID,360838,Zakaria Ami,524511,Saad Nassik,81.33354,11.319501,81.33354,4,medium_research_only,SAME_ROLE_ONLY;RESEARCH_ONLY;SAMPLE_TOO_SMALL_LOCAL_11_MATCHES_NOT_PRODUCTION_READY,True,False
MID,380600,Mouad Goulouss,381935,Ismail Mihrab,98.898915,3.28769,98.898915,4,medium_research_only,SAME_ROLE_ONLY;RESEARCH_ONLY;SAMPLE_TOO_SMALL_LOCAL_11_MATCHES_NOT_PRODUCTION_READY,True,False
MID,380600,Mouad Goulouss,396748,Youssef Laghzal,96.241032,3.152718,96.241032,4,medium_research_only,SAME_ROLE_ONLY;RESEARCH_ONLY;SAMPLE_TOO_SMALL_LOCAL_11_MATCHES_NOT_PRODUCTION_READY,True,False
MID,380600,Mouad Goulouss,405645,Othmane Chraibi,97.163768,15.0405,97.163768,4,medium_research_only,SAME_ROLE_ONLY;RESEARCH_ONLY;SAMPLE_TOO_SMALL_LOCAL_11_MATCHES_NOT_PRODUCTION_READY,True,False
MID,380600,Mouad Goulouss,406269,Danilson Gomes Tavares,99.556692,2.853316,99.556692,4,medium_research_only,SAME_ROLE_ONLY;RESEARCH_ONLY;SAMPLE_TOO_SMALL_LOCAL_11_MATCHES_NOT_PRODUCTION_READY,True,False
MID,380600,Mouad Goulouss,407207,Ennaama El Bellali,98.274028,9.107672,98.274028,4,medium_research_only,SAME_ROLE_ONLY;RESEARCH_ONLY;SAMPLE_TOO_SMALL_LOCAL_11_MATCHES_NOT_PRODUCTION_READY,True,False
MID,380600,Mouad Goulouss,407506,Oussama Nourdine,97.732215,9.183475,97.732215,4,medium_research_only,SAME_ROLE_ONLY;RESEARCH_ONLY;SAMPLE_TOO_SMALL_LOCAL_11_MATCHES_NOT_PRODUCTION_READY,True,False
MID,380600,Mouad Goulouss,407852,Abdessamad Mahir,98.486982,7.26275,98.486982,4,medium_research_only,SAME_ROLE_ONLY;RESEARCH_ONLY;SAMPLE_TOO_SMALL_LOCAL_11_MATCHES_NOT_PRODUCTION_READY,True,False
MID,380600,Mouad Goulouss,415853,Claude Gnolou,99.115296,8.706028,99.115296,4,medium_research_only,SAME_ROLE_ONLY;RESEARCH_ONLY;SAMPLE_TOO_SMALL_LOCAL_11_MATCHES_NOT_PRODUCTION_READY,True,False
MID,380600,Mouad Goulouss,416303,El Mahdi Akoumi,98.16324,3.034982,98.16324,4,medium_research_only,SAME_ROLE_ONLY;RESEARCH_ONLY;SAMPLE_TOO_SMALL_LOCAL_11_MATCHES_NOT_PRODUCTION_READY,True,False
MID,380600,Mouad Goulouss,424979,Soufiane Tazi,98.423139,10.338339,98.423139,4,medium_research_only,SAME_ROLE_ONLY;RESEARCH_ONLY;SAMPLE_TOO_SMALL_LOCAL_11_MATCHES_NOT_PRODUCTION_READY,True,False
MID,380600,Mouad Goulouss,442288,Adnane Berdad,99.212428,5.531063,99.212428,4,medium_research_only,SAME_ROLE_ONLY;RESEARCH_ONLY;SAMPLE_TOO_SMALL_LOCAL_11_MATCHES_NOT_PRODUCTION_READY,True,False
MID,380600,Mouad Goulouss,442292,Abdellatif El Bajjani,98.869109,9.062475,98.869109,4,medium_research_only,SAME_ROLE_ONLY;RESEARCH_ONLY;SAMPLE_TOO_SMALL_LOCAL_11_MATCHES_NOT_PRODUCTION_READY,True,False
MID,380600,Mouad Goulouss,443951,Youness Akharraz,95.83507,4.733073,95.83507,4,medium_research_only,SAME_ROLE_ONLY;RESEARCH_ONLY;SAMPLE_TOO_SMALL_LOCAL_11_MATCHES_NOT_PRODUCTION_READY,True,False
MID,380600,Mouad Goulouss,445163,Ayoub Maamouri,92.399029,4.417544,92.399029,4,medium_research_only,SAME_ROLE_ONLY;RESEARCH_ONLY;SAMPLE_TOO_SMALL_LOCAL_11_MATCHES_NOT_PRODUCTION_READY,True,False
MID,380600,Mouad Goulouss,446355,Ishak Zidani,97.480132,7.951164,97.480132,4,medium_research_only,SAME_ROLE_ONLY;RESEARCH_ONLY;SAMPLE_TOO_SMALL_LOCAL_11_MATCHES_NOT_PRODUCTION_READY,True,False
MID,380600,Mouad Goulouss,449373,Marouane Oujeddou,96.73528,5.253477,96.73528,4,medium_research_only,SAME_ROLE_ONLY;RESEARCH_ONLY;SAMPLE_TOO_SMALL_LOCAL_11_MATCHES_NOT_PRODUCTION_READY,True,False
MID,380600,Mouad Goulouss,449471,Ayman Tarrazi,98.543825,4.234903,98.543825,4,medium_research_only,SAME_ROLE_ONLY;RESEARCH_ONLY;SAMPLE_TOO_SMALL_LOCAL_11_MATCHES_NOT_PRODUCTION_READY,True,False
MID,380600,Mouad Goulouss,450709,Joseph Bakasu       ,96.606897,8.105181,96.606897,4,medium_research_only,SAME_ROLE_ONLY;RESEARCH_ONLY;SAMPLE_TOO_SMALL_LOCAL_11_MATCHES_NOT_PRODUCTION_READY,True,False
MID,380600,Mouad Goulouss,460266,Youness Dahmani,85.051439,5.986209,85.051439,4,medium_research_only,SAME_ROLE_ONLY;RESEARCH_ONLY;SAMPLE_TOO_SMALL_LOCAL_11_MATCHES_NOT_PRODUCTION_READY,True,False
MID,380600,Mouad Goulouss,477679,Redouane Oubidar,97.122179,9.367132,97.122179,4,medium_research_only,SAME_ROLE_ONLY;RESEARCH_ONLY;SAMPLE_TOO_SMALL_LOCAL_11_MATCHES_NOT_PRODUCTION_READY,True,False
MID,380600,Mouad Goulouss,477680,Hamza Saoud,95.889677,14.775543,95.889677,4,medium_research_only,SAME_ROLE_ONLY;RESEARCH_ONLY;SAMPLE_TOO_SMALL_LOCAL_11_MATCHES_NOT_PRODUCTION_READY,True,False
MID,380600,Mouad Goulouss,477682,Ayoub Benaadi,96.450672,7.623687,96.450672,4,medium_research_only,SAME_ROLE_ONLY;RESEARCH_ONLY;SAMPLE_TOO_SMALL_LOCAL_11_MATCHES_NOT_PRODUCTION_READY,True,False
MID,380600,Mouad Goulouss,477688,Ayoub El Khaffi,97.653273,16.693298,97.653273,4,medium_research_only,SAME_ROLE_ONLY;RESEARCH_ONLY;SAMPLE_TOO_SMALL_LOCAL_11_MATCHES_NOT_PRODUCTION_READY,True,False
MID,380600,Mouad Goulouss,523298,Mohamed Ahayaoui,99.087169,10.947898,99.087169,4,medium_research_only,SAME_ROLE_ONLY;RESEARCH_ONLY;SAMPLE_TOO_SMALL_LOCAL_11_MATCHES_NOT_PRODUCTION_READY,True,False
MID,380600,Mouad Goulouss,523308,Adil Khalloufi,99.17074,9.837239,99.17074,4,medium_research_only,SAME_ROLE_ONLY;RESEARCH_ONLY;SAMPLE_TOO_SMALL_LOCAL_11_MATCHES_NOT_PRODUCTION_READY,True,False
MID,380600,Mouad Goulouss,523312,Brahim Mansouri,90.65348,10.037856,90.65348,4,medium_research_only,SAME_ROLE_ONLY;RESEARCH_ONLY;SAMPLE_TOO_SMALL_LOCAL_11_MATCHES_NOT_PRODUCTION_READY,True,False
MID,380600,Mouad Goulouss,523319,Omar Ouddah,97.503924,11.856555,97.503924,4,medium_research_only,SAME_ROLE_ONLY;RESEARCH_ONLY;SAMPLE_TOO_SMALL_LOCAL_11_MATCHES_NOT_PRODUCTION_READY,True,False
MID,380600,Mouad Goulouss,523973,Hamza Rafa,96.394995,9.417203,96.394995,4,medium_research_only,SAME_ROLE_ONLY;RESEARCH_ONLY;SAMPLE_TOO_SMALL_LOCAL_11_MATCHES_NOT_PRODUCTION_READY,True,False
MID,380600,Mouad Goulouss,523996,Fred Duval Ngoma,96.719652,9.384209,96.719652,4,medium_research_only,SAME_ROLE_ONLY;RESEARCH_ONLY;SAMPLE_TOO_SMALL_LOCAL_11_MATCHES_NOT_PRODUCTION_READY,True,False
MID,380600,Mouad Goulouss,523997,Karim L'Koucha,98.657791,2.722201,98.657791,4,medium_research_only,SAME_ROLE_ONLY;RESEARCH_ONLY;SAMPLE_TOO_SMALL_LOCAL_11_MATCHES_NOT_PRODUCTION_READY,True,False
MID,380600,Mouad Goulouss,523999,Zakaria Kessary,98.239455,9.892419,98.239455,4,medium_research_only,SAME_ROLE_ONLY;RESEARCH_ONLY;SAMPLE_TOO_SMALL_LOCAL_11_MATCHES_NOT_PRODUCTION_READY,True,False
MID,380600,Mouad Goulouss,524000,Ahmed Aboulfath,95.276093,5.299012,95.276093,4,medium_research_only,SAME_ROLE_ONLY;RESEARCH_ONLY;SAMPLE_TOO_SMALL_LOCAL_11_MATCHES_NOT_PRODUCTION_READY,True,False
MID,380600,Mouad Goulouss,524002,Salim Ghazzani,94.468068,16.678648,94.468068,4,medium_research_only,SAME_ROLE_ONLY;RESEARCH_ONLY;SAMPLE_TOO_SMALL_LOCAL_11_MATCHES_NOT_PRODUCTION_READY,True,False
MID,380600,Mouad Goulouss,524003,Mohammed Es-Sahel,97.48558,6.619854,97.48558,4,medium_research_only,SAME_ROLE_ONLY;RESEARCH_ONLY;SAMPLE_TOO_SMALL_LOCAL_11_MATCHES_NOT_PRODUCTION_READY,True,False
MID,380600,Mouad Goulouss,524511,Saad Nassik,97.870773,6.943985,97.870773,4,medium_research_only,SAME_ROLE_ONLY;RESEARCH_ONLY;SAMPLE_TOO_SMALL_LOCAL_11_MATCHES_NOT_PRODUCTION_READY,True,False
MID,381935,Ismail Mihrab,396748,Youssef Laghzal,98.878707,3.897209,98.878707,4,medium_research_only,SAME_ROLE_ONLY;RESEARCH_ONLY;SAMPLE_TOO_SMALL_LOCAL_11_MATCHES_NOT_PRODUCTION_READY,True,False
MID,381935,Ismail Mihrab,405645,Othmane Chraibi,93.967451,14.012288,93.967451,4,medium_research_only,SAME_ROLE_ONLY;RESEARCH_ONLY;SAMPLE_TOO_SMALL_LOCAL_11_MATCHES_NOT_PRODUCTION_READY,True,False
MID,381935,Ismail Mihrab,406269,Danilson Gomes Tavares,99.84395,0.860166,99.84395,4,medium_research_only,SAME_ROLE_ONLY;RESEARCH_ONLY;SAMPLE_TOO_SMALL_LOCAL_11_MATCHES_NOT_PRODUCTION_READY,True,False
MID,381935,Ismail Mihrab,407207,Ennaama El Bellali,96.096067,8.001536,96.096067,4,medium_research_only,SAME_ROLE_ONLY;RESEARCH_ONLY;SAMPLE_TOO_SMALL_LOCAL_11_MATCHES_NOT_PRODUCTION_READY,True,False
MID,381935,Ismail Mihrab,407506,Oussama Nourdine,98.849208,6.533979,98.849208,4,medium_research_only,SAME_ROLE_ONLY;RESEARCH_ONLY;SAMPLE_TOO_SMALL_LOCAL_11_MATCHES_NOT_PRODUCTION_READY,True,False
MID,381935,Ismail Mihrab,407852,Abdessamad Mahir,99.705036,4.338713,99.705036,4,medium_research_only,SAME_ROLE_ONLY;RESEARCH_ONLY;SAMPLE_TOO_SMALL_LOCAL_11_MATCHES_NOT_PRODUCTION_READY,True,False
MID,381935,Ismail Mihrab,415853,Claude Gnolou,99.087919,6.351328,99.087919,4,medium_research_only,SAME_ROLE_ONLY;RESEARCH_ONLY;SAMPLE_TOO_SMALL_LOCAL_11_MATCHES_NOT_PRODUCTION_READY,True,False
MID,381935,Ismail Mihrab,416303,El Mahdi Akoumi,96.324683,4.09925,96.324683,4,medium_research_only,SAME_ROLE_ONLY;RESEARCH_ONLY;SAMPLE_TOO_SMALL_LOCAL_11_MATCHES_NOT_PRODUCTION_READY,True,False
MID,381935,Ismail Mihrab,424979,Soufiane Tazi,95.852338,9.242413,95.852338,4,medium_research_only,SAME_ROLE_ONLY;RESEARCH_ONLY;SAMPLE_TOO_SMALL_LOCAL_11_MATCHES_NOT_PRODUCTION_READY,True,False
MID,381935,Ismail Mihrab,442288,Adnane Berdad,98.006696,4.290574,98.006696,4,medium_research_only,SAME_ROLE_ONLY;RESEARCH_ONLY;SAMPLE_TOO_SMALL_LOCAL_11_MATCHES_NOT_PRODUCTION_READY,True,False
MID,381935,Ismail Mihrab,442292,Abdellatif El Bajjani,96.004903,8.163548,96.004903,4,medium_research_only,SAME_ROLE_ONLY;RESEARCH_ONLY;SAMPLE_TOO_SMALL_LOCAL_11_MATCHES_NOT_PRODUCTION_READY,True,False
MID,381935,Ismail Mihrab,443951,Youness Akharraz,93.09893,5.744713,93.09893,4,medium_research_only,SAME_ROLE_ONLY;RESEARCH_ONLY;SAMPLE_TOO_SMALL_LOCAL_11_MATCHES_NOT_PRODUCTION_READY,True,False
MID,381935,Ismail Mihrab,445163,Ayoub Maamouri,92.072197,6.107179,92.072197,4,medium_research_only,SAME_ROLE_ONLY;RESEARCH_ONLY;SAMPLE_TOO_SMALL_LOCAL_11_MATCHES_NOT_PRODUCTION_READY,True,False
MID,381935,Ismail Mihrab,446355,Ishak Zidani,94.544372,7.526867,94.544372,4,medium_research_only,SAME_ROLE_ONLY;RESEARCH_ONLY;SAMPLE_TOO_SMALL_LOCAL_11_MATCHES_NOT_PRODUCTION_READY,True,False
MID,381935,Ismail Mihrab,449373,Marouane Oujeddou,94.471546,5.52747,94.471546,4,medium_research_only,SAME_ROLE_ONLY;RESEARCH_ONLY;SAMPLE_TOO_SMALL_LOCAL_11_MATCHES_NOT_PRODUCTION_READY,True,False
MID,381935,Ismail Mihrab,449471,Ayman Tarrazi,98.8968,2.538918,98.8968,4,medium_research_only,SAME_ROLE_ONLY;RESEARCH_ONLY;SAMPLE_TOO_SMALL_LOCAL_11_MATCHES_NOT_PRODUCTION_READY,True,False
MID,381935,Ismail Mihrab,450709,Joseph Bakasu       ,94.25396,7.558209,94.25396,4,medium_research_only,SAME_ROLE_ONLY;RESEARCH_ONLY;SAMPLE_TOO_SMALL_LOCAL_11_MATCHES_NOT_PRODUCTION_READY,True,False
MID,381935,Ismail Mihrab,460266,Youness Dahmani,90.603498,6.67802,90.603498,4,medium_research_only,SAME_ROLE_ONLY;RESEARCH_ONLY;SAMPLE_TOO_SMALL_LOCAL_11_MATCHES_NOT_PRODUCTION_READY,True,False
MID,381935,Ismail Mihrab,477679,Redouane Oubidar,99.432714,6.200881,99.432714,4,medium_research_only,SAME_ROLE_ONLY;RESEARCH_ONLY;SAMPLE_TOO_SMALL_LOCAL_11_MATCHES_NOT_PRODUCTION_READY,True,False
MID,381935,Ismail Mihrab,477680,Hamza Saoud,92.849979,13.855469,92.849979,4,medium_research_only,SAME_ROLE_ONLY;RESEARCH_ONLY;SAMPLE_TOO_SMALL_LOCAL_11_MATCHES_NOT_PRODUCTION_READY,True,False
MID,381935,Ismail Mihrab,477682,Ayoub Benaadi,93.383987,7.521281,93.383987,4,medium_research_only,SAME_ROLE_ONLY;RESEARCH_ONLY;SAMPLE_TOO_SMALL_LOCAL_11_MATCHES_NOT_PRODUCTION_READY,True,False
MID,381935,Ismail Mihrab,477688,Ayoub El Khaffi,95.912976,15.023476,95.912976,4,medium_research_only,SAME_ROLE_ONLY;RESEARCH_ONLY;SAMPLE_TOO_SMALL_LOCAL_11_MATCHES_NOT_PRODUCTION_READY,True,False
MID,381935,Ismail Mihrab,523298,Mohamed Ahayaoui,98.837039,8.64294,98.837039,4,medium_research_only,SAME_ROLE_ONLY;RESEARCH_ONLY;SAMPLE_TOO_SMALL_LOCAL_11_MATCHES_NOT_PRODUCTION_READY,True,False
MID,381935,Ismail Mihrab,523308,Adil Khalloufi,99.305946,7.347066,99.305946,4,medium_research_only,SAME_ROLE_ONLY;RESEARCH_ONLY;SAMPLE_TOO_SMALL_LOCAL_11_MATCHES_NOT_PRODUCTION_READY,True,False
MID,381935,Ismail Mihrab,523312,Brahim Mansouri,88.741238,9.887799,88.741238,4,medium_research_only,SAME_ROLE_ONLY;RESEARCH_ONLY;SAMPLE_TOO_SMALL_LOCAL_11_MATCHES_NOT_PRODUCTION_READY,True,False
MID,381935,Ismail Mihrab,523319,Omar Ouddah,98.903815,9.07069,98.903815,4,medium_research_only,SAME_ROLE_ONLY;RESEARCH_ONLY;SAMPLE_TOO_SMALL_LOCAL_11_MATCHES_NOT_PRODUCTION_READY,True,False
MID,381935,Ismail Mihrab,523973,Hamza Rafa,93.564791,8.877218,93.564791,4,medium_research_only,SAME_ROLE_ONLY;RESEARCH_ONLY;SAMPLE_TOO_SMALL_LOCAL_11_MATCHES_NOT_PRODUCTION_READY,True,False
MID,381935,Ismail Mihrab,523996,Fred Duval Ngoma,94.304153,8.62412,94.304153,4,medium_research_only,SAME_ROLE_ONLY;RESEARCH_ONLY;SAMPLE_TOO_SMALL_LOCAL_11_MATCHES_NOT_PRODUCTION_READY,True,False
MID,381935,Ismail Mihrab,523997,Karim L'Koucha,97.964254,3.109053,97.964254,4,medium_research_only,SAME_ROLE_ONLY;RESEARCH_ONLY;SAMPLE_TOO_SMALL_LOCAL_11_MATCHES_NOT_PRODUCTION_READY,True,False
MID,381935,Ismail Mihrab,523999,Zakaria Kessary,94.768096,9.256114,94.768096,4,medium_research_only,SAME_ROLE_ONLY;RESEARCH_ONLY;SAMPLE_TOO_SMALL_LOCAL_11_MATCHES_NOT_PRODUCTION_READY,True,False
MID,381935,Ismail Mihrab,524000,Ahmed Aboulfath,94.817841,5.119421,94.817841,4,medium_research_only,SAME_ROLE_ONLY;RESEARCH_ONLY;SAMPLE_TOO_SMALL_LOCAL_11_MATCHES_NOT_PRODUCTION_READY,True,False
MID,381935,Ismail Mihrab,524002,Salim Ghazzani,92.936201,15.305755,92.936201,4,medium_research_only,SAME_ROLE_ONLY;RESEARCH_ONLY;SAMPLE_TOO_SMALL_LOCAL_11_MATCHES_NOT_PRODUCTION_READY,True,False
MID,381935,Ismail Mihrab,524003,Mohammed Es-Sahel,98.868298,4.030416,98.868298,4,medium_research_only,SAME_ROLE_ONLY;RESEARCH_ONLY;SAMPLE_TOO_SMALL_LOCAL_11_MATCHES_NOT_PRODUCTION_READY,True,False
MID,381935,Ismail Mihrab,524511,Saad Nassik,96.422935,5.927194,96.422935,4,medium_research_only,SAME_ROLE_ONLY;RESEARCH_ONLY;SAMPLE_TOO_SMALL_LOCAL_11_MATCHES_NOT_PRODUCTION_READY,True,False
MID,396748,Youssef Laghzal,405645,Othmane Chraibi,91.670978,16.863606,91.670978,4,medium_research_only,SAME_ROLE_ONLY;RESEARCH_ONLY;SAMPLE_TOO_SMALL_LOCAL_11_MATCHES_NOT_PRODUCTION_READY,True,False
MID,396748,Youssef Laghzal,406269,Danilson Gomes Tavares,98.220464,4.115239,98.220464,4,medium_research_only,SAME_ROLE_ONLY;RESEARCH_ONLY;SAMPLE_TOO_SMALL_LOCAL_11_MATCHES_NOT_PRODUCTION_READY,True,False
MID,396748,Youssef Laghzal,407207,Ennaama El Bellali,93.935427,10.859143,93.935427,4,medium_research_only,SAME_ROLE_ONLY;RESEARCH_ONLY;SAMPLE_TOO_SMALL_LOCAL_11_MATCHES_NOT_PRODUCTION_READY,True,False
MID,396748,Youssef Laghzal,407506,Oussama Nourdine,99.256111,9.450909,99.256111,4,medium_research_only,SAME_ROLE_ONLY;RESEARCH_ONLY;SAMPLE_TOO_SMALL_LOCAL_11_MATCHES_NOT_PRODUCTION_READY,True,False
MID,396748,Youssef Laghzal,407852,Abdessamad Mahir,99.187306,7.745191,99.187306,4,medium_research_only,SAME_ROLE_ONLY;RESEARCH_ONLY;SAMPLE_TOO_SMALL_LOCAL_11_MATCHES_NOT_PRODUCTION_READY,True,False
MID,396748,Youssef Laghzal,415853,Claude Gnolou,98.193258,9.67962,98.193258,4,medium_research_only,SAME_ROLE_ONLY;RESEARCH_ONLY;SAMPLE_TOO_SMALL_LOCAL_11_MATCHES_NOT_PRODUCTION_READY,True,False
MID,396748,Youssef Laghzal,416303,El Mahdi Akoumi,94.024933,4.945014,94.024933,4,medium_research_only,SAME_ROLE_ONLY;RESEARCH_ONLY;SAMPLE_TOO_SMALL_LOCAL_11_MATCHES_NOT_PRODUCTION_READY,True,False
MID,396748,Youssef Laghzal,424979,Soufiane Tazi,92.537988,12.410527,92.537988,4,medium_research_only,SAME_ROLE_ONLY;RESEARCH_ONLY;SAMPLE_TOO_SMALL_LOCAL_11_MATCHES_NOT_PRODUCTION_READY,True,False
MID,396748,Youssef Laghzal,442288,Adnane Berdad,96.198665,7.15343,96.198665,4,medium_research_only,SAME_ROLE_ONLY;RESEARCH_ONLY;SAMPLE_TOO_SMALL_LOCAL_11_MATCHES_NOT_PRODUCTION_READY,True,False
MID,396748,Youssef Laghzal,442292,Abdellatif El Bajjani,93.06722,11.192173,93.06722,4,medium_research_only,SAME_ROLE_ONLY;RESEARCH_ONLY;SAMPLE_TOO_SMALL_LOCAL_11_MATCHES_NOT_PRODUCTION_READY,True,False
MID,396748,Youssef Laghzal,443951,Youness Akharraz,91.583106,6.30741,91.583106,4,medium_research_only,SAME_ROLE_ONLY;RESEARCH_ONLY;SAMPLE_TOO_SMALL_LOCAL_11_MATCHES_NOT_PRODUCTION_READY,True,False
MID,396748,Youssef Laghzal,445163,Ayoub Maamouri,87.221833,5.37384,87.221833,4,medium_research_only,SAME_ROLE_ONLY;RESEARCH_ONLY;SAMPLE_TOO_SMALL_LOCAL_11_MATCHES_NOT_PRODUCTION_READY,True,False
MID,396748,Youssef Laghzal,446355,Ishak Zidani,91.482798,10.067262,91.482798,4,medium_research_only,SAME_ROLE_ONLY;RESEARCH_ONLY;SAMPLE_TOO_SMALL_LOCAL_11_MATCHES_NOT_PRODUCTION_READY,True,False
MID,396748,Youssef Laghzal,449373,Marouane Oujeddou,89.391563,7.716727,89.391563,4,medium_research_only,SAME_ROLE_ONLY;RESEARCH_ONLY;SAMPLE_TOO_SMALL_LOCAL_11_MATCHES_NOT_PRODUCTION_READY,True,False
MID,396748,Youssef Laghzal,449471,Ayman Tarrazi,98.680014,4.794544,98.680014,4,medium_research_only,SAME_ROLE_ONLY;RESEARCH_ONLY;SAMPLE_TOO_SMALL_LOCAL_11_MATCHES_NOT_PRODUCTION_READY,True,False
MID,396748,Youssef Laghzal,450709,Joseph Bakasu       ,92.879154,9.623097,92.879154,4,medium_research_only,SAME_ROLE_ONLY;RESEARCH_ONLY;SAMPLE_TOO_SMALL_LOCAL_11_MATCHES_NOT_PRODUCTION_READY,True,False
MID,396748,Youssef Laghzal,460266,Youness Dahmani,90.466727,4.463701,90.466727,4,medium_research_only,SAME_ROLE_ONLY;RESEARCH_ONLY;SAMPLE_TOO_SMALL_LOCAL_11_MATCHES_NOT_PRODUCTION_READY,True,False
MID,396748,Youssef Laghzal,477679,Redouane Oubidar,99.738142,9.323275,99.738142,4,medium_research_only,SAME_ROLE_ONLY;RESEARCH_ONLY;SAMPLE_TOO_SMALL_LOCAL_11_MATCHES_NOT_PRODUCTION_READY,True,False
MID,396748,Youssef Laghzal,477680,Hamza Saoud,89.788503,16.666497,89.788503,4,medium_research_only,SAME_ROLE_ONLY;RESEARCH_ONLY;SAMPLE_TOO_SMALL_LOCAL_11_MATCHES_NOT_PRODUCTION_READY,True,False
MID,396748,Youssef Laghzal,477682,Ayoub Benaadi,87.489976,10.32008,87.489976,4,medium_research_only,SAME_ROLE_ONLY;RESEARCH_ONLY;SAMPLE_TOO_SMALL_LOCAL_11_MATCHES_NOT_PRODUCTION_READY,True,False
MID,396748,Youssef Laghzal,477688,Ayoub El Khaffi,94.746541,17.997003,94.746541,4,medium_research_only,SAME_ROLE_ONLY;RESEARCH_ONLY;SAMPLE_TOO_SMALL_LOCAL_11_MATCHES_NOT_PRODUCTION_READY,True,False
MID,396748,Youssef Laghzal,523298,Mohamed Ahayaoui,97.287768,12.11699,97.287768,4,medium_research_only,SAME_ROLE_ONLY;RESEARCH_ONLY;SAMPLE_TOO_SMALL_LOCAL_11_MATCHES_NOT_PRODUCTION_READY,True,False
MID,396748,Youssef Laghzal,523308,Adil Khalloufi,98.54055,10.73522,98.54055,4,medium_research_only,SAME_ROLE_ONLY;RESEARCH_ONLY;SAMPLE_TOO_SMALL_LOCAL_11_MATCHES_NOT_PRODUCTION_READY,True,False
MID,396748,Youssef Laghzal,523312,Brahim Mansouri,82.623376,12.065341,82.623376,4,medium_research_only,SAME_ROLE_ONLY;RESEARCH_ONLY;SAMPLE_TOO_SMALL_LOCAL_11_MATCHES_NOT_PRODUCTION_READY,True,False
MID,396748,Youssef Laghzal,523319,Omar Ouddah,99.335039,12.099841,99.335039,4,medium_research_only,SAME_ROLE_ONLY;RESEARCH_ONLY;SAMPLE_TOO_SMALL_LOCAL_11_MATCHES_NOT_PRODUCTION_READY,True,False
MID,396748,Youssef Laghzal,523973,Hamza Rafa,91.834085,11.092836,91.834085,4,medium_research_only,SAME_ROLE_ONLY;RESEARCH_ONLY;SAMPLE_TOO_SMALL_LOCAL_11_MATCHES_NOT_PRODUCTION_READY,True,False
MID,396748,Youssef Laghzal,523996,Fred Duval Ngoma,92.848977,10.924208,92.848977,4,medium_research_only,SAME_ROLE_ONLY;RESEARCH_ONLY;SAMPLE_TOO_SMALL_LOCAL_11_MATCHES_NOT_PRODUCTION_READY,True,False
MID,396748,Youssef Laghzal,523997,Karim L'Koucha,96.932642,3.931963,96.932642,4,medium_research_only,SAME_ROLE_ONLY;RESEARCH_ONLY;SAMPLE_TOO_SMALL_LOCAL_11_MATCHES_NOT_PRODUCTION_READY,True,False
MID,396748,Youssef Laghzal,523999,Zakaria Kessary,90.936366,12.276974,90.936366,4,medium_research_only,SAME_ROLE_ONLY;RESEARCH_ONLY;SAMPLE_TOO_SMALL_LOCAL_11_MATCHES_NOT_PRODUCTION_READY,True,False
MID,396748,Youssef Laghzal,524000,Ahmed Aboulfath,92.0347,6.565947,92.0347,4,medium_research_only,SAME_ROLE_ONLY;RESEARCH_ONLY;SAMPLE_TOO_SMALL_LOCAL_11_MATCHES_NOT_PRODUCTION_READY,True,False
MID,396748,Youssef Laghzal,524002,Salim Ghazzani,86.952138,18.757103,86.952138,4,medium_research_only,SAME_ROLE_ONLY;RESEARCH_ONLY;SAMPLE_TOO_SMALL_LOCAL_11_MATCHES_NOT_PRODUCTION_READY,True,False
MID,396748,Youssef Laghzal,524003,Mohammed Es-Sahel,99.251713,6.693203,99.251713,4,medium_research_only,SAME_ROLE_ONLY;RESEARCH_ONLY;SAMPLE_TOO_SMALL_LOCAL_11_MATCHES_NOT_PRODUCTION_READY,True,False
MID,396748,Youssef Laghzal,524511,Saad Nassik,95.199577,8.310229,95.199577,4,medium_research_only,SAME_ROLE_ONLY;RESEARCH_ONLY;SAMPLE_TOO_SMALL_LOCAL_11_MATCHES_NOT_PRODUCTION_READY,True,False
MID,405645,Othmane Chraibi,406269,Danilson Gomes Tavares,95.431142,13.528021,95.431142,4,medium_research_only,SAME_ROLE_ONLY;RESEARCH_ONLY;SAMPLE_TOO_SMALL_LOCAL_11_MATCHES_NOT_PRODUCTION_READY,True,False
MID,405645,Othmane Chraibi,407207,Ennaama El Bellali,99.554703,6.31619,99.554703,4,medium_research_only,SAME_ROLE_ONLY;RESEARCH_ONLY;SAMPLE_TOO_SMALL_LOCAL_11_MATCHES_NOT_PRODUCTION_READY,True,False
MID,405645,Othmane Chraibi,407506,Oussama Nourdine,95.617975,10.025759,95.617975,4,medium_research_only,SAME_ROLE_ONLY;RESEARCH_ONLY;SAMPLE_TOO_SMALL_LOCAL_11_MATCHES_NOT_PRODUCTION_READY,True,False
MID,405645,Othmane Chraibi,407852,Abdessamad Mahir,94.77972,11.332642,94.77972,4,medium_research_only,SAME_ROLE_ONLY;RESEARCH_ONLY;SAMPLE_TOO_SMALL_LOCAL_11_MATCHES_NOT_PRODUCTION_READY,True,False
MID,405645,Othmane Chraibi,415853,Claude Gnolou,97.332304,8.662474,97.332304,4,medium_research_only,SAME_ROLE_ONLY;RESEARCH_ONLY;SAMPLE_TOO_SMALL_LOCAL_11_MATCHES_NOT_PRODUCTION_READY,True,False
MID,405645,Othmane Chraibi,416303,El Mahdi Akoumi,98.908727,12.943844,98.908727,4,medium_research_only,SAME_ROLE_ONLY;RESEARCH_ONLY;SAMPLE_TOO_SMALL_LOCAL_11_MATCHES_NOT_PRODUCTION_READY,True,False
MID,405645,Othmane Chraibi,424979,Soufiane Tazi,98.872784,6.186675,98.872784,4,medium_research_only,SAME_ROLE_ONLY;RESEARCH_ONLY;SAMPLE_TOO_SMALL_LOCAL_11_MATCHES_NOT_PRODUCTION_READY,True,False
MID,405645,Othmane Chraibi,442288,Adnane Berdad,98.726633,9.928906,98.726633,4,medium_research_only,SAME_ROLE_ONLY;RESEARCH_ONLY;SAMPLE_TOO_SMALL_LOCAL_11_MATCHES_NOT_PRODUCTION_READY,True,False
MID,405645,Othmane Chraibi,442292,Abdellatif El Bajjani,99.44605,6.325346,99.44605,4,medium_research_only,SAME_ROLE_ONLY;RESEARCH_ONLY;SAMPLE_TOO_SMALL_LOCAL_11_MATCHES_NOT_PRODUCTION_READY,True,False
MID,405645,Othmane Chraibi,443951,Youness Akharraz,99.604318,11.789216,99.604318,4,medium_research_only,SAME_ROLE_ONLY;RESEARCH_ONLY;SAMPLE_TOO_SMALL_LOCAL_11_MATCHES_NOT_PRODUCTION_READY,True,False
MID,405645,Othmane Chraibi,445163,Ayoub Maamouri,86.953275,17.766659,86.953275,4,medium_research_only,SAME_ROLE_ONLY;RESEARCH_ONLY;SAMPLE_TOO_SMALL_LOCAL_11_MATCHES_NOT_PRODUCTION_READY,True,False
MID,405645,Othmane Chraibi,446355,Ishak Zidani,99.301485,7.862658,99.301485,4,medium_research_only,SAME_ROLE_ONLY;RESEARCH_ONLY;SAMPLE_TOO_SMALL_LOCAL_11_MATCHES_NOT_PRODUCTION_READY,True,False
MID,405645,Othmane Chraibi,449373,Marouane Oujeddou,94.141692,13.205401,94.141692,4,medium_research_only,SAME_ROLE_ONLY;RESEARCH_ONLY;SAMPLE_TOO_SMALL_LOCAL_11_MATCHES_NOT_PRODUCTION_READY,True,False
MID,405645,Othmane Chraibi,449471,Ayman Tarrazi,96.876922,12.257749,96.876922,4,medium_research_only,SAME_ROLE_ONLY;RESEARCH_ONLY;SAMPLE_TOO_SMALL_LOCAL_11_MATCHES_NOT_PRODUCTION_READY,True,False
MID,405645,Othmane Chraibi,450709,Joseph Bakasu       ,99.642357,7.676852,99.642357,4,medium_research_only,SAME_ROLE_ONLY;RESEARCH_ONLY;SAMPLE_TOO_SMALL_LOCAL_11_MATCHES_NOT_PRODUCTION_READY,True,False
MID,405645,Othmane Chraibi,460266,Youness Dahmani,71.947777,20.54041,71.947777,4,medium_research_only,SAME_ROLE_ONLY;RESEARCH_ONLY;SAMPLE_TOO_SMALL_LOCAL_11_MATCHES_NOT_PRODUCTION_READY,True,False
MID,405645,Othmane Chraibi,477679,Redouane Oubidar,92.335554,12.255496,92.335554,4,medium_research_only,SAME_ROLE_ONLY;RESEARCH_ONLY;SAMPLE_TOO_SMALL_LOCAL_11_MATCHES_NOT_PRODUCTION_READY,True,False
MID,405645,Othmane Chraibi,477680,Hamza Saoud,98.56596,5.372957,98.56596,4,medium_research_only,SAME_ROLE_ONLY;RESEARCH_ONLY;SAMPLE_TOO_SMALL_LOCAL_11_MATCHES_NOT_PRODUCTION_READY,True,False
MID,405645,Othmane Chraibi,477682,Ayoub Benaadi,93.702178,12.095421,93.702178,4,medium_research_only,SAME_ROLE_ONLY;RESEARCH_ONLY;SAMPLE_TOO_SMALL_LOCAL_11_MATCHES_NOT_PRODUCTION_READY,True,False
MID,405645,Othmane Chraibi,477688,Ayoub El Khaffi,99.464706,3.877333,99.464706,4,medium_research_only,SAME_ROLE_ONLY;RESEARCH_ONLY;SAMPLE_TOO_SMALL_LOCAL_11_MATCHES_NOT_PRODUCTION_READY,True,False
MID,405645,Othmane Chraibi,523298,Mohamed Ahayaoui,97.255589,7.761539,97.255589,4,medium_research_only,SAME_ROLE_ONLY;RESEARCH_ONLY;SAMPLE_TOO_SMALL_LOCAL_11_MATCHES_NOT_PRODUCTION_READY,True,False
MID,405645,Othmane Chraibi,523308,Adil Khalloufi,96.836016,8.5721,96.836016,4,medium_research_only,SAME_ROLE_ONLY;RESEARCH_ONLY;SAMPLE_TOO_SMALL_LOCAL_11_MATCHES_NOT_PRODUCTION_READY,True,False
MID,405645,Othmane Chraibi,523312,Brahim Mansouri,86.725123,15.369881,86.725123,4,medium_research_only,SAME_ROLE_ONLY;RESEARCH_ONLY;SAMPLE_TOO_SMALL_LOCAL_11_MATCHES_NOT_PRODUCTION_READY,True,False
MID,405645,Othmane Chraibi,523319,Omar Ouddah,95.058558,9.837881,95.058558,4,medium_research_only,SAME_ROLE_ONLY;RESEARCH_ONLY;SAMPLE_TOO_SMALL_LOCAL_11_MATCHES_NOT_PRODUCTION_READY,True,False
MID,405645,Othmane Chraibi,523973,Hamza Rafa,99.809444,6.25012,99.809444,4,medium_research_only,SAME_ROLE_ONLY;RESEARCH_ONLY;SAMPLE_TOO_SMALL_LOCAL_11_MATCHES_NOT_PRODUCTION_READY,True,False
MID,405645,Othmane Chraibi,523996,Fred Duval Ngoma,99.704736,6.314038,99.704736,4,medium_research_only,SAME_ROLE_ONLY;RESEARCH_ONLY;SAMPLE_TOO_SMALL_LOCAL_11_MATCHES_NOT_PRODUCTION_READY,True,False
MID,405645,Othmane Chraibi,523997,Karim L'Koucha,98.429999,13.146639,98.429999,4,medium_research_only,SAME_ROLE_ONLY;RESEARCH_ONLY;SAMPLE_TOO_SMALL_LOCAL_11_MATCHES_NOT_PRODUCTION_READY,True,False
MID,405645,Othmane Chraibi,523999,Zakaria Kessary,99.191918,6.121725,99.191918,4,medium_research_only,SAME_ROLE_ONLY;RESEARCH_ONLY;SAMPLE_TOO_SMALL_LOCAL_11_MATCHES_NOT_PRODUCTION_READY,True,False
MID,405645,Othmane Chraibi,524000,Ahmed Aboulfath,88.42411,15.615769,88.42411,4,medium_research_only,SAME_ROLE_ONLY;RESEARCH_ONLY;SAMPLE_TOO_SMALL_LOCAL_11_MATCHES_NOT_PRODUCTION_READY,True,False
MID,405645,Othmane Chraibi,524002,Salim Ghazzani,86.774461,16.828018,86.774461,4,medium_research_only,SAME_ROLE_ONLY;RESEARCH_ONLY;SAMPLE_TOO_SMALL_LOCAL_11_MATCHES_NOT_PRODUCTION_READY,True,False
MID,405645,Othmane Chraibi,524003,Mohammed Es-Sahel,95.091063,11.687575,95.091063,4,medium_research_only,SAME_ROLE_ONLY;RESEARCH_ONLY;SAMPLE_TOO_SMALL_LOCAL_11_MATCHES_NOT_PRODUCTION_READY,True,False
MID,405645,Othmane Chraibi,524511,Saad Nassik,99.182085,8.781117,99.182085,4,medium_research_only,SAME_ROLE_ONLY;RESEARCH_ONLY;SAMPLE_TOO_SMALL_LOCAL_11_MATCHES_NOT_PRODUCTION_READY,True,False
MID,406269,Danilson Gomes Tavares,407207,Ennaama El Bellali,97.131491,7.548726,97.131491,4,medium_research_only,SAME_ROLE_ONLY;RESEARCH_ONLY;SAMPLE_TOO_SMALL_LOCAL_11_MATCHES_NOT_PRODUCTION_READY,True,False
MID,406269,Danilson Gomes Tavares,407506,Oussama Nourdine,98.743975,6.638303,98.743975,4,medium_research_only,SAME_ROLE_ONLY;RESEARCH_ONLY;SAMPLE_TOO_SMALL_LOCAL_11_MATCHES_NOT_PRODUCTION_READY,True,False
MID,406269,Danilson Gomes Tavares,407852,Abdessamad Mahir,99.497576,4.541261,99.497576,4,medium_research_only,SAME_ROLE_ONLY;RESEARCH_ONLY;SAMPLE_TOO_SMALL_LOCAL_11_MATCHES_NOT_PRODUCTION_READY,True,False
MID,406269,Danilson Gomes Tavares,415853,Claude Gnolou,99.375336,6.234784,99.375336,4,medium_research_only,SAME_ROLE_ONLY;RESEARCH_ONLY;SAMPLE_TOO_SMALL_LOCAL_11_MATCHES_NOT_PRODUCTION_READY,True,False
MID,406269,Danilson Gomes Tavares,416303,El Mahdi Akoumi,97.181307,3.591992,97.181307,4,medium_research_only,SAME_ROLE_ONLY;RESEARCH_ONLY;SAMPLE_TOO_SMALL_LOCAL_11_MATCHES_NOT_PRODUCTION_READY,True,False
MID,406269,Danilson Gomes Tavares,424979,Soufiane Tazi,96.961783,8.794095,96.961783,4,medium_research_only,SAME_ROLE_ONLY;RESEARCH_ONLY;SAMPLE_TOO_SMALL_LOCAL_11_MATCHES_NOT_PRODUCTION_READY,True,False
MID,406269,Danilson Gomes Tavares,442288,Adnane Berdad,98.695916,3.822582,98.695916,4,medium_research_only,SAME_ROLE_ONLY;RESEARCH_ONLY;SAMPLE_TOO_SMALL_LOCAL_11_MATCHES_NOT_PRODUCTION_READY,True,False
MID,406269,Danilson Gomes Tavares,442292,Abdellatif El Bajjani,97.3449,7.570183,97.3449,4,medium_research_only,SAME_ROLE_ONLY;RESEARCH_ONLY;SAMPLE_TOO_SMALL_LOCAL_11_MATCHES_NOT_PRODUCTION_READY,True,False
MID,406269,Danilson Gomes Tavares,443951,Youness Akharraz,94.365429,5.178924,94.365429,4,medium_research_only,SAME_ROLE_ONLY;RESEARCH_ONLY;SAMPLE_TOO_SMALL_LOCAL_11_MATCHES_NOT_PRODUCTION_READY,True,False
MID,406269,Danilson Gomes Tavares,445163,Ayoub Maamouri,92.034648,6.076037,92.034648,4,medium_research_only,SAME_ROLE_ONLY;RESEARCH_ONLY;SAMPLE_TOO_SMALL_LOCAL_11_MATCHES_NOT_PRODUCTION_READY,True,False
MID,406269,Danilson Gomes Tavares,446355,Ishak Zidani,95.797162,6.972667,95.797162,4,medium_research_only,SAME_ROLE_ONLY;RESEARCH_ONLY;SAMPLE_TOO_SMALL_LOCAL_11_MATCHES_NOT_PRODUCTION_READY,True,False
MID,406269,Danilson Gomes Tavares,449373,Marouane Oujeddou,95.301643,5.117656,95.301643,4,medium_research_only,SAME_ROLE_ONLY;RESEARCH_ONLY;SAMPLE_TOO_SMALL_LOCAL_11_MATCHES_NOT_PRODUCTION_READY,True,False
MID,406269,Danilson Gomes Tavares,449471,Ayman Tarrazi,99.081293,2.361504,99.081293,4,medium_research_only,SAME_ROLE_ONLY;RESEARCH_ONLY;SAMPLE_TOO_SMALL_LOCAL_11_MATCHES_NOT_PRODUCTION_READY,True,False
MID,406269,Danilson Gomes Tavares,450709,Joseph Bakasu       ,95.389751,7.06484,95.389751,4,medium_research_only,SAME_ROLE_ONLY;RESEARCH_ONLY;SAMPLE_TOO_SMALL_LOCAL_11_MATCHES_NOT_PRODUCTION_READY,True,False
MID,406269,Danilson Gomes Tavares,460266,Youness Dahmani,88.640448,7.056016,88.640448,4,medium_research_only,SAME_ROLE_ONLY;RESEARCH_ONLY;SAMPLE_TOO_SMALL_LOCAL_11_MATCHES_NOT_PRODUCTION_READY,True,False
MID,406269,Danilson Gomes Tavares,477679,Redouane Oubidar,98.830963,6.59182,98.830963,4,medium_research_only,SAME_ROLE_ONLY;RESEARCH_ONLY;SAMPLE_TOO_SMALL_LOCAL_11_MATCHES_NOT_PRODUCTION_READY,True,False
MID,406269,Danilson Gomes Tavares,477680,Hamza Saoud,94.086117,13.456269,94.086117,4,medium_research_only,SAME_ROLE_ONLY;RESEARCH_ONLY;SAMPLE_TOO_SMALL_LOCAL_11_MATCHES_NOT_PRODUCTION_READY,True,False
MID,406269,Danilson Gomes Tavares,477682,Ayoub Benaadi,94.530429,7.034611,94.530429,4,medium_research_only,SAME_ROLE_ONLY;RESEARCH_ONLY;SAMPLE_TOO_SMALL_LOCAL_11_MATCHES_NOT_PRODUCTION_READY,True,False
MID,406269,Danilson Gomes Tavares,477688,Ayoub El Khaffi,96.839408,14.737332,96.839408,4,medium_research_only,SAME_ROLE_ONLY;RESEARCH_ONLY;SAMPLE_TOO_SMALL_LOCAL_11_MATCHES_NOT_PRODUCTION_READY,True,False
MID,406269,Danilson Gomes Tavares,523298,Mohamed Ahayaoui,99.132923,8.55091,99.132923,4,medium_research_only,SAME_ROLE_ONLY;RESEARCH_ONLY;SAMPLE_TOO_SMALL_LOCAL_11_MATCHES_NOT_PRODUCTION_READY,True,False
MID,406269,Danilson Gomes Tavares,523308,Adil Khalloufi,99.567826,7.259526,99.567826,4,medium_research_only,SAME_ROLE_ONLY;RESEARCH_ONLY;SAMPLE_TOO_SMALL_LOCAL_11_MATCHES_NOT_PRODUCTION_READY,True,False
MID,406269,Danilson Gomes Tavares,523312,Brahim Mansouri,89.243252,9.722036,89.243252,4,medium_research_only,SAME_ROLE_ONLY;RESEARCH_ONLY;SAMPLE_TOO_SMALL_LOCAL_11_MATCHES_NOT_PRODUCTION_READY,True,False
MID,406269,Danilson Gomes Tavares,523319,Omar Ouddah,98.665997,9.229571,98.665997,4,medium_research_only,SAME_ROLE_ONLY;RESEARCH_ONLY;SAMPLE_TOO_SMALL_LOCAL_11_MATCHES_NOT_PRODUCTION_READY,True,False
MID,406269,Danilson Gomes Tavares,523973,Hamza Rafa,94.875748,8.353537,94.875748,4,medium_research_only,SAME_ROLE_ONLY;RESEARCH_ONLY;SAMPLE_TOO_SMALL_LOCAL_11_MATCHES_NOT_PRODUCTION_READY,True,False
MID,406269,Danilson Gomes Tavares,523996,Fred Duval Ngoma,95.465223,8.15045,95.465223,4,medium_research_only,SAME_ROLE_ONLY;RESEARCH_ONLY;SAMPLE_TOO_SMALL_LOCAL_11_MATCHES_NOT_PRODUCTION_READY,True,False
MID,406269,Danilson Gomes Tavares,523997,Karim L'Koucha,98.482845,2.697615,98.482845,4,medium_research_only,SAME_ROLE_ONLY;RESEARCH_ONLY;SAMPLE_TOO_SMALL_LOCAL_11_MATCHES_NOT_PRODUCTION_READY,True,False
MID,406269,Danilson Gomes Tavares,523999,Zakaria Kessary,96.254608,8.652069,96.254608,4,medium_research_only,SAME_ROLE_ONLY;RESEARCH_ONLY;SAMPLE_TOO_SMALL_LOCAL_11_MATCHES_NOT_PRODUCTION_READY,True,False
MID,406269,Danilson Gomes Tavares,524000,Ahmed Aboulfath,95.367683,4.838476,95.367683,4,medium_research_only,SAME_ROLE_ONLY;RESEARCH_ONLY;SAMPLE_TOO_SMALL_LOCAL_11_MATCHES_NOT_PRODUCTION_READY,True,False
MID,406269,Danilson Gomes Tavares,524002,Salim Ghazzani,93.561224,15.12992,93.561224,4,medium_research_only,SAME_ROLE_ONLY;RESEARCH_ONLY;SAMPLE_TOO_SMALL_LOCAL_11_MATCHES_NOT_PRODUCTION_READY,True,False
MID,406269,Danilson Gomes Tavares,524003,Mohammed Es-Sahel,98.627301,4.243755,98.627301,4,medium_research_only,SAME_ROLE_ONLY;RESEARCH_ONLY;SAMPLE_TOO_SMALL_LOCAL_11_MATCHES_NOT_PRODUCTION_READY,True,False
MID,406269,Danilson Gomes Tavares,524511,Saad Nassik,97.211981,5.520296,97.211981,4,medium_research_only,SAME_ROLE_ONLY;RESEARCH_ONLY;SAMPLE_TOO_SMALL_LOCAL_11_MATCHES_NOT_PRODUCTION_READY,True,False
MID,407207,Ennaama El Bellali,407506,Oussama Nourdine,97.22321,5.597924,97.22321,4,medium_research_only,SAME_ROLE_ONLY;RESEARCH_ONLY;SAMPLE_TOO_SMALL_LOCAL_11_MATCHES_NOT_PRODUCTION_READY,True,False
MID,407207,Ennaama El Bellali,407852,Abdessamad Mahir,96.923087,5.87136,96.923087,4,medium_research_only,SAME_ROLE_ONLY;RESEARCH_ONLY;SAMPLE_TOO_SMALL_LOCAL_11_MATCHES_NOT_PRODUCTION_READY,True,False
MID,407207,Ennaama El Bellali,415853,Claude Gnolou,98.665659,3.876733,98.665659,4,medium_research_only,SAME_ROLE_ONLY;RESEARCH_ONLY;SAMPLE_TOO_SMALL_LOCAL_11_MATCHES_NOT_PRODUCTION_READY,True,False
MID,407207,Ennaama El Bellali,416303,El Mahdi Akoumi,99.83013,6.884757,99.83013,4,medium_research_only,SAME_ROLE_ONLY;RESEARCH_ONLY;SAMPLE_TOO_SMALL_LOCAL_11_MATCHES_NOT_PRODUCTION_READY,True,False
MID,407207,Ennaama El Bellali,424979,Soufiane Tazi,99.599978,2.568404,99.599978,4,medium_research_only,SAME_ROLE_ONLY;RESEARCH_ONLY;SAMPLE_TOO_SMALL_LOCAL_11_MATCHES_NOT_PRODUCTION_READY,True,False
MID,407207,Ennaama El Bellali,442288,Adnane Berdad,99.670513,3.778643,99.670513,4,medium_research_only,SAME_ROLE_ONLY;RESEARCH_ONLY;SAMPLE_TOO_SMALL_LOCAL_11_MATCHES_NOT_PRODUCTION_READY,True,False
MID,407207,Ennaama El Bellali,442292,Abdellatif El Bajjani,99.363772,2.701504,99.363772,4,medium_research_only,SAME_ROLE_ONLY;RESEARCH_ONLY;SAMPLE_TOO_SMALL_LOCAL_11_MATCHES_NOT_PRODUCTION_READY,True,False
MID,407207,Ennaama El Bellali,443951,Youness Akharraz,99.39598,6.235805,99.39598,4,medium_research_only,SAME_ROLE_ONLY;RESEARCH_ONLY;SAMPLE_TOO_SMALL_LOCAL_11_MATCHES_NOT_PRODUCTION_READY,True,False
MID,407207,Ennaama El Bellali,445163,Ayoub Maamouri,90.436731,11.624489,90.436731,4,medium_research_only,SAME_ROLE_ONLY;RESEARCH_ONLY;SAMPLE_TOO_SMALL_LOCAL_11_MATCHES_NOT_PRODUCTION_READY,True,False
MID,407207,Ennaama El Bellali,446355,Ishak Zidani,99.695883,2.3009,99.695883,4,medium_research_only,SAME_ROLE_ONLY;RESEARCH_ONLY;SAMPLE_TOO_SMALL_LOCAL_11_MATCHES_NOT_PRODUCTION_READY,True,False
MID,407207,Ennaama El Bellali,449373,Marouane Oujeddou,96.006186,7.42275,96.006186,4,medium_research_only,SAME_ROLE_ONLY;RESEARCH_ONLY;SAMPLE_TOO_SMALL_LOCAL_11_MATCHES_NOT_PRODUCTION_READY,True,False
MID,407207,Ennaama El Bellali,449471,Ayman Tarrazi,98.125276,6.364003,98.125276,4,medium_research_only,SAME_ROLE_ONLY;RESEARCH_ONLY;SAMPLE_TOO_SMALL_LOCAL_11_MATCHES_NOT_PRODUCTION_READY,True,False
MID,407207,Ennaama El Bellali,450709,Joseph Bakasu       ,99.622772,2.5329,99.622772,4,medium_research_only,SAME_ROLE_ONLY;RESEARCH_ONLY;SAMPLE_TOO_SMALL_LOCAL_11_MATCHES_NOT_PRODUCTION_READY,True,False
MID,407207,Ennaama El Bellali,460266,Youness Dahmani,76.582684,14.425224,76.582684,4,medium_research_only,SAME_ROLE_ONLY;RESEARCH_ONLY;SAMPLE_TOO_SMALL_LOCAL_11_MATCHES_NOT_PRODUCTION_READY,True,False
MID,407207,Ennaama El Bellali,477679,Redouane Oubidar,94.884664,7.597702,94.884664,4,medium_research_only,SAME_ROLE_ONLY;RESEARCH_ONLY;SAMPLE_TOO_SMALL_LOCAL_11_MATCHES_NOT_PRODUCTION_READY,True,False
MID,407207,Ennaama El Bellali,477680,Hamza Saoud,99.094987,6.329153,99.094987,4,medium_research_only,SAME_ROLE_ONLY;RESEARCH_ONLY;SAMPLE_TOO_SMALL_LOCAL_11_MATCHES_NOT_PRODUCTION_READY,True,False
MID,407207,Ennaama El Bellali,477682,Ayoub Benaadi,95.088658,7.296838,95.088658,4,medium_research_only,SAME_ROLE_ONLY;RESEARCH_ONLY;SAMPLE_TOO_SMALL_LOCAL_11_MATCHES_NOT_PRODUCTION_READY,True,False
MID,407207,Ennaama El Bellali,477688,Ayoub El Khaffi,99.740785,7.829458,99.740785,4,medium_research_only,SAME_ROLE_ONLY;RESEARCH_ONLY;SAMPLE_TOO_SMALL_LOCAL_11_MATCHES_NOT_PRODUCTION_READY,True,False
MID,407207,Ennaama El Bellali,523298,Mohamed Ahayaoui,98.913144,4.286668,98.913144,4,medium_research_only,SAME_ROLE_ONLY;RESEARCH_ONLY;SAMPLE_TOO_SMALL_LOCAL_11_MATCHES_NOT_PRODUCTION_READY,True,False
MID,407207,Ennaama El Bellali,523308,Adil Khalloufi,98.074385,4.920715,98.074385,4,medium_research_only,SAME_ROLE_ONLY;RESEARCH_ONLY;SAMPLE_TOO_SMALL_LOCAL_11_MATCHES_NOT_PRODUCTION_READY,True,False
MID,407207,Ennaama El Bellali,523312,Brahim Mansouri,89.593072,10.517252,89.593072,4,medium_research_only,SAME_ROLE_ONLY;RESEARCH_ONLY;SAMPLE_TOO_SMALL_LOCAL_11_MATCHES_NOT_PRODUCTION_READY,True,False
MID,407207,Ennaama El Bellali,523319,Omar Ouddah,96.953028,6.828589,96.953028,4,medium_research_only,SAME_ROLE_ONLY;RESEARCH_ONLY;SAMPLE_TOO_SMALL_LOCAL_11_MATCHES_NOT_PRODUCTION_READY,True,False
MID,407207,Ennaama El Bellali,523973,Hamza Rafa,99.553694,2.247882,99.553694,4,medium_research_only,SAME_ROLE_ONLY;RESEARCH_ONLY;SAMPLE_TOO_SMALL_LOCAL_11_MATCHES_NOT_PRODUCTION_READY,True,False
MID,407207,Ennaama El Bellali,523996,Fred Duval Ngoma,99.654,1.979392,99.654,4,medium_research_only,SAME_ROLE_ONLY;RESEARCH_ONLY;SAMPLE_TOO_SMALL_LOCAL_11_MATCHES_NOT_PRODUCTION_READY,True,False
MID,407207,Ennaama El Bellali,523997,Karim L'Koucha,99.450066,7.106323,99.450066,4,medium_research_only,SAME_ROLE_ONLY;RESEARCH_ONLY;SAMPLE_TOO_SMALL_LOCAL_11_MATCHES_NOT_PRODUCTION_READY,True,False
MID,407207,Ennaama El Bellali,523999,Zakaria Kessary,99.230179,3.126974,99.230179,4,medium_research_only,SAME_ROLE_ONLY;RESEARCH_ONLY;SAMPLE_TOO_SMALL_LOCAL_11_MATCHES_NOT_PRODUCTION_READY,True,False
MID,407207,Ennaama El Bellali,524000,Ahmed Aboulfath,89.002607,10.669354,89.002607,4,medium_research_only,SAME_ROLE_ONLY;RESEARCH_ONLY;SAMPLE_TOO_SMALL_LOCAL_11_MATCHES_NOT_PRODUCTION_READY,True,False
MID,407207,Ennaama El Bellali,524002,Salim Ghazzani,88.709821,15.009557,88.709821,4,medium_research_only,SAME_ROLE_ONLY;RESEARCH_ONLY;SAMPLE_TOO_SMALL_LOCAL_11_MATCHES_NOT_PRODUCTION_READY,True,False
MID,407207,Ennaama El Bellali,524003,Mohammed Es-Sahel,97.028824,6.022091,97.028824,4,medium_research_only,SAME_ROLE_ONLY;RESEARCH_ONLY;SAMPLE_TOO_SMALL_LOCAL_11_MATCHES_NOT_PRODUCTION_READY,True,False
MID,407207,Ennaama El Bellali,524511,Saad Nassik,99.793018,2.784533,99.793018,4,medium_research_only,SAME_ROLE_ONLY;RESEARCH_ONLY;SAMPLE_TOO_SMALL_LOCAL_11_MATCHES_NOT_PRODUCTION_READY,True,False
MID,407506,Oussama Nourdine,407852,Abdessamad Mahir,99.566849,2.720496,99.566849,4,medium_research_only,SAME_ROLE_ONLY;RESEARCH_ONLY;SAMPLE_TOO_SMALL_LOCAL_11_MATCHES_NOT_PRODUCTION_READY,True,False
MID,407506,Oussama Nourdine,415853,Claude Gnolou,99.594129,2.13141,99.594129,4,medium_research_only,SAME_ROLE_ONLY;RESEARCH_ONLY;SAMPLE_TOO_SMALL_LOCAL_11_MATCHES_NOT_PRODUCTION_READY,True,False
MID,407506,Oussama Nourdine,416303,El Mahdi Akoumi,97.170653,8.002482,97.170653,4,medium_research_only,SAME_ROLE_ONLY;RESEARCH_ONLY;SAMPLE_TOO_SMALL_LOCAL_11_MATCHES_NOT_PRODUCTION_READY,True,False
MID,407506,Oussama Nourdine,424979,Soufiane Tazi,95.877739,7.216058,95.877739,4,medium_research_only,SAME_ROLE_ONLY;RESEARCH_ONLY;SAMPLE_TOO_SMALL_LOCAL_11_MATCHES_NOT_PRODUCTION_READY,True,False
MID,407506,Oussama Nourdine,442288,Adnane Berdad,98.552817,4.873117,98.552817,4,medium_research_only,SAME_ROLE_ONLY;RESEARCH_ONLY;SAMPLE_TOO_SMALL_LOCAL_11_MATCHES_NOT_PRODUCTION_READY,True,False
MID,407506,Oussama Nourdine,442292,Abdellatif El Bajjani,96.192349,6.58591,96.192349,4,medium_research_only,SAME_ROLE_ONLY;RESEARCH_ONLY;SAMPLE_TOO_SMALL_LOCAL_11_MATCHES_NOT_PRODUCTION_READY,True,False
MID,407506,Oussama Nourdine,443951,Youness Akharraz,95.729876,8.04631,95.729876,4,medium_research_only,SAME_ROLE_ONLY;RESEARCH_ONLY;SAMPLE_TOO_SMALL_LOCAL_11_MATCHES_NOT_PRODUCTION_READY,True,False
MID,407506,Oussama Nourdine,445163,Ayoub Maamouri,88.343951,11.988611,88.343951,4,medium_research_only,SAME_ROLE_ONLY;RESEARCH_ONLY;SAMPLE_TOO_SMALL_LOCAL_11_MATCHES_NOT_PRODUCTION_READY,True,False
MID,407506,Oussama Nourdine,446355,Ishak Zidani,95.353958,7.052892,95.353958,4,medium_research_only,SAME_ROLE_ONLY;RESEARCH_ONLY;SAMPLE_TOO_SMALL_LOCAL_11_MATCHES_NOT_PRODUCTION_READY,True,False
MID,407506,Oussama Nourdine,449373,Marouane Oujeddou,91.94476,9.324661,91.94476,4,medium_research_only,SAME_ROLE_ONLY;RESEARCH_ONLY;SAMPLE_TOO_SMALL_LOCAL_11_MATCHES_NOT_PRODUCTION_READY,True,False
MID,407506,Oussama Nourdine,449471,Ayman Tarrazi,99.852346,5.086195,99.852346,4,medium_research_only,SAME_ROLE_ONLY;RESEARCH_ONLY;SAMPLE_TOO_SMALL_LOCAL_11_MATCHES_NOT_PRODUCTION_READY,True,False
MID,407506,Oussama Nourdine,450709,Joseph Bakasu       ,96.650172,6.039254,96.650172,4,medium_research_only,SAME_ROLE_ONLY;RESEARCH_ONLY;SAMPLE_TOO_SMALL_LOCAL_11_MATCHES_NOT_PRODUCTION_READY,True,False
MID,407506,Oussama Nourdine,460266,Youness Dahmani,85.750321,12.802873,85.750321,4,medium_research_only,SAME_ROLE_ONLY;RESEARCH_ONLY;SAMPLE_TOO_SMALL_LOCAL_11_MATCHES_NOT_PRODUCTION_READY,True,False
MID,407506,Oussama Nourdine,477679,Redouane Oubidar,99.271041,2.860076,99.271041,4,medium_research_only,SAME_ROLE_ONLY;RESEARCH_ONLY;SAMPLE_TOO_SMALL_LOCAL_11_MATCHES_NOT_PRODUCTION_READY,True,False
MID,407506,Oussama Nourdine,477680,Hamza Saoud,94.080307,10.717294,94.080307,4,medium_research_only,SAME_ROLE_ONLY;RESEARCH_ONLY;SAMPLE_TOO_SMALL_LOCAL_11_MATCHES_NOT_PRODUCTION_READY,True,False
MID,407506,Oussama Nourdine,477682,Ayoub Benaadi,90.162256,10.050351,90.162256,4,medium_research_only,SAME_ROLE_ONLY;RESEARCH_ONLY;SAMPLE_TOO_SMALL_LOCAL_11_MATCHES_NOT_PRODUCTION_READY,True,False
MID,407506,Oussama Nourdine,477688,Ayoub El Khaffi,97.888483,9.640755,97.888483,4,medium_research_only,SAME_ROLE_ONLY;RESEARCH_ONLY;SAMPLE_TOO_SMALL_LOCAL_11_MATCHES_NOT_PRODUCTION_READY,True,False
MID,407506,Oussama Nourdine,523298,Mohamed Ahayaoui,98.969199,4.240973,98.969199,4,medium_research_only,SAME_ROLE_ONLY;RESEARCH_ONLY;SAMPLE_TOO_SMALL_LOCAL_11_MATCHES_NOT_PRODUCTION_READY,True,False
MID,407506,Oussama Nourdine,523308,Adil Khalloufi,99.585546,2.489916,99.585546,4,medium_research_only,SAME_ROLE_ONLY;RESEARCH_ONLY;SAMPLE_TOO_SMALL_LOCAL_11_MATCHES_NOT_PRODUCTION_READY,True,False
MID,407506,Oussama Nourdine,523312,Brahim Mansouri,84.837629,12.620682,84.837629,4,medium_research_only,SAME_ROLE_ONLY;RESEARCH_ONLY;SAMPLE_TOO_SMALL_LOCAL_11_MATCHES_NOT_PRODUCTION_READY,True,False
MID,407506,Oussama Nourdine,523319,Omar Ouddah,99.943115,2.821925,99.943115,4,medium_research_only,SAME_ROLE_ONLY;RESEARCH_ONLY;SAMPLE_TOO_SMALL_LOCAL_11_MATCHES_NOT_PRODUCTION_READY,True,False
MID,407506,Oussama Nourdine,523973,Hamza Rafa,95.884531,6.762874,95.884531,4,medium_research_only,SAME_ROLE_ONLY;RESEARCH_ONLY;SAMPLE_TOO_SMALL_LOCAL_11_MATCHES_NOT_PRODUCTION_READY,True,False
MID,407506,Oussama Nourdine,523996,Fred Duval Ngoma,96.621369,6.138651,96.621369,4,medium_research_only,SAME_ROLE_ONLY;RESEARCH_ONLY;SAMPLE_TOO_SMALL_LOCAL_11_MATCHES_NOT_PRODUCTION_READY,True,False
MID,407506,Oussama Nourdine,523997,Karim L'Koucha,99.128266,7.168437,99.128266,4,medium_research_only,SAME_ROLE_ONLY;RESEARCH_ONLY;SAMPLE_TOO_SMALL_LOCAL_11_MATCHES_NOT_PRODUCTION_READY,True,False
MID,407506,Oussama Nourdine,523999,Zakaria Kessary,94.594269,8.040906,94.594269,4,medium_research_only,SAME_ROLE_ONLY;RESEARCH_ONLY;SAMPLE_TOO_SMALL_LOCAL_11_MATCHES_NOT_PRODUCTION_READY,True,False
MID,407506,Oussama Nourdine,524000,Ahmed Aboulfath,91.181855,9.780363,91.181855,4,medium_research_only,SAME_ROLE_ONLY;RESEARCH_ONLY;SAMPLE_TOO_SMALL_LOCAL_11_MATCHES_NOT_PRODUCTION_READY,True,False
MID,407506,Oussama Nourdine,524002,Salim Ghazzani,87.084178,15.85141,87.084178,4,medium_research_only,SAME_ROLE_ONLY;RESEARCH_ONLY;SAMPLE_TOO_SMALL_LOCAL_11_MATCHES_NOT_PRODUCTION_READY,True,False
MID,407506,Oussama Nourdine,524003,Mohammed Es-Sahel,99.912214,2.939132,99.912214,4,medium_research_only,SAME_ROLE_ONLY;RESEARCH_ONLY;SAMPLE_TOO_SMALL_LOCAL_11_MATCHES_NOT_PRODUCTION_READY,True,False
MID,407506,Oussama Nourdine,524511,Saad Nassik,98.171567,4.796017,98.171567,4,medium_research_only,SAME_ROLE_ONLY;RESEARCH_ONLY;SAMPLE_TOO_SMALL_LOCAL_11_MATCHES_NOT_PRODUCTION_READY,True,False
MID,407852,Abdessamad Mahir,415853,Claude Gnolou,99.537408,2.740155,99.537408,4,medium_research_only,SAME_ROLE_ONLY;RESEARCH_ONLY;SAMPLE_TOO_SMALL_LOCAL_11_MATCHES_NOT_PRODUCTION_READY,True,False
MID,407852,Abdessamad Mahir,416303,El Mahdi Akoumi,97.231676,6.427486,97.231676,4,medium_research_only,SAME_ROLE_ONLY;RESEARCH_ONLY;SAMPLE_TOO_SMALL_LOCAL_11_MATCHES_NOT_PRODUCTION_READY,True,False
MID,407852,Abdessamad Mahir,424979,Soufiane Tazi,96.33899,7.053679,96.33899,4,medium_research_only,SAME_ROLE_ONLY;RESEARCH_ONLY;SAMPLE_TOO_SMALL_LOCAL_11_MATCHES_NOT_PRODUCTION_READY,True,False
MID,407852,Abdessamad Mahir,442288,Adnane Berdad,98.544436,3.753915,98.544436,4,medium_research_only,SAME_ROLE_ONLY;RESEARCH_ONLY;SAMPLE_TOO_SMALL_LOCAL_11_MATCHES_NOT_PRODUCTION_READY,True,False
MID,407852,Abdessamad Mahir,442292,Abdellatif El Bajjani,96.077492,6.625105,96.077492,4,medium_research_only,SAME_ROLE_ONLY;RESEARCH_ONLY;SAMPLE_TOO_SMALL_LOCAL_11_MATCHES_NOT_PRODUCTION_READY,True,False
MID,407852,Abdessamad Mahir,443951,Youness Akharraz,94.557597,7.216356,94.557597,4,medium_research_only,SAME_ROLE_ONLY;RESEARCH_ONLY;SAMPLE_TOO_SMALL_LOCAL_11_MATCHES_NOT_PRODUCTION_READY,True,False
MID,407852,Abdessamad Mahir,445163,Ayoub Maamouri,91.756215,9.645904,91.756215,4,medium_research_only,SAME_ROLE_ONLY;RESEARCH_ONLY;SAMPLE_TOO_SMALL_LOCAL_11_MATCHES_NOT_PRODUCTION_READY,True,False
MID,407852,Abdessamad Mahir,446355,Ishak Zidani,95.382655,6.538039,95.382655,4,medium_research_only,SAME_ROLE_ONLY;RESEARCH_ONLY;SAMPLE_TOO_SMALL_LOCAL_11_MATCHES_NOT_PRODUCTION_READY,True,False
MID,407852,Abdessamad Mahir,449373,Marouane Oujeddou,94.196016,7.113133,94.196016,4,medium_research_only,SAME_ROLE_ONLY;RESEARCH_ONLY;SAMPLE_TOO_SMALL_LOCAL_11_MATCHES_NOT_PRODUCTION_READY,True,False
MID,407852,Abdessamad Mahir,449471,Ayman Tarrazi,99.45023,3.779455,99.45023,4,medium_research_only,SAME_ROLE_ONLY;RESEARCH_ONLY;SAMPLE_TOO_SMALL_LOCAL_11_MATCHES_NOT_PRODUCTION_READY,True,False
MID,407852,Abdessamad Mahir,450709,Joseph Bakasu       ,95.582674,6.36207,95.582674,4,medium_research_only,SAME_ROLE_ONLY;RESEARCH_ONLY;SAMPLE_TOO_SMALL_LOCAL_11_MATCHES_NOT_PRODUCTION_READY,True,False
MID,407852,Abdessamad Mahir,460266,Youness Dahmani,88.83122,10.624803,88.83122,4,medium_research_only,SAME_ROLE_ONLY;RESEARCH_ONLY;SAMPLE_TOO_SMALL_LOCAL_11_MATCHES_NOT_PRODUCTION_READY,True,False
MID,407852,Abdessamad Mahir,477679,Redouane Oubidar,99.708228,2.446429,99.708228,4,medium_research_only,SAME_ROLE_ONLY;RESEARCH_ONLY;SAMPLE_TOO_SMALL_LOCAL_11_MATCHES_NOT_PRODUCTION_READY,True,False
MID,407852,Abdessamad Mahir,477680,Hamza Saoud,94.096644,11.266774,94.096644,4,medium_research_only,SAME_ROLE_ONLY;RESEARCH_ONLY;SAMPLE_TOO_SMALL_LOCAL_11_MATCHES_NOT_PRODUCTION_READY,True,False
MID,407852,Abdessamad Mahir,477682,Ayoub Benaadi,92.586545,8.085857,92.586545,4,medium_research_only,SAME_ROLE_ONLY;RESEARCH_ONLY;SAMPLE_TOO_SMALL_LOCAL_11_MATCHES_NOT_PRODUCTION_READY,True,False
MID,407852,Abdessamad Mahir,477688,Ayoub El Khaffi,97.005438,11.489624,97.005438,4,medium_research_only,SAME_ROLE_ONLY;RESEARCH_ONLY;SAMPLE_TOO_SMALL_LOCAL_11_MATCHES_NOT_PRODUCTION_READY,True,False
MID,407852,Abdessamad Mahir,523298,Mohamed Ahayaoui,99.365647,4.783297,99.365647,4,medium_research_only,SAME_ROLE_ONLY;RESEARCH_ONLY;SAMPLE_TOO_SMALL_LOCAL_11_MATCHES_NOT_PRODUCTION_READY,True,False
MID,407852,Abdessamad Mahir,523308,Adil Khalloufi,99.501015,3.677532,99.501015,4,medium_research_only,SAME_ROLE_ONLY;RESEARCH_ONLY;SAMPLE_TOO_SMALL_LOCAL_11_MATCHES_NOT_PRODUCTION_READY,True,False
MID,407852,Abdessamad Mahir,523312,Brahim Mansouri,88.37183,10.425721,88.37183,4,medium_research_only,SAME_ROLE_ONLY;RESEARCH_ONLY;SAMPLE_TOO_SMALL_LOCAL_11_MATCHES_NOT_PRODUCTION_READY,True,False
MID,407852,Abdessamad Mahir,523319,Omar Ouddah,99.685532,4.829181,99.685532,4,medium_research_only,SAME_ROLE_ONLY;RESEARCH_ONLY;SAMPLE_TOO_SMALL_LOCAL_11_MATCHES_NOT_PRODUCTION_READY,True,False
MID,407852,Abdessamad Mahir,523973,Hamza Rafa,94.820763,7.348923,94.820763,4,medium_research_only,SAME_ROLE_ONLY;RESEARCH_ONLY;SAMPLE_TOO_SMALL_LOCAL_11_MATCHES_NOT_PRODUCTION_READY,True,False
MID,407852,Abdessamad Mahir,523996,Fred Duval Ngoma,95.579461,6.84417,95.579461,4,medium_research_only,SAME_ROLE_ONLY;RESEARCH_ONLY;SAMPLE_TOO_SMALL_LOCAL_11_MATCHES_NOT_PRODUCTION_READY,True,False
MID,407852,Abdessamad Mahir,523997,Karim L'Koucha,98.785134,5.685213,98.785134,4,medium_research_only,SAME_ROLE_ONLY;RESEARCH_ONLY;SAMPLE_TOO_SMALL_LOCAL_11_MATCHES_NOT_PRODUCTION_READY,True,False
MID,407852,Abdessamad Mahir,523999,Zakaria Kessary,94.903303,7.802159,94.903303,4,medium_research_only,SAME_ROLE_ONLY;RESEARCH_ONLY;SAMPLE_TOO_SMALL_LOCAL_11_MATCHES_NOT_PRODUCTION_READY,True,False
MID,407852,Abdessamad Mahir,524000,Ahmed Aboulfath,92.427038,8.038996,92.427038,4,medium_research_only,SAME_ROLE_ONLY;RESEARCH_ONLY;SAMPLE_TOO_SMALL_LOCAL_11_MATCHES_NOT_PRODUCTION_READY,True,False
MID,407852,Abdessamad Mahir,524002,Salim Ghazzani,90.540373,14.422365,90.540373,4,medium_research_only,SAME_ROLE_ONLY;RESEARCH_ONLY;SAMPLE_TOO_SMALL_LOCAL_11_MATCHES_NOT_PRODUCTION_READY,True,False
MID,407852,Abdessamad Mahir,524003,Mohammed Es-Sahel,99.689795,1.923707,99.689795,4,medium_research_only,SAME_ROLE_ONLY;RESEARCH_ONLY;SAMPLE_TOO_SMALL_LOCAL_11_MATCHES_NOT_PRODUCTION_READY,True,False
MID,407852,Abdessamad Mahir,524511,Saad Nassik,97.533189,4.657807,97.533189,4,medium_research_only,SAME_ROLE_ONLY;RESEARCH_ONLY;SAMPLE_TOO_SMALL_LOCAL_11_MATCHES_NOT_PRODUCTION_READY,True,False
MID,415853,Claude Gnolou,416303,El Mahdi Akoumi,98.609891,7.324829,98.609891,4,medium_research_only,SAME_ROLE_ONLY;RESEARCH_ONLY;SAMPLE_TOO_SMALL_LOCAL_11_MATCHES_NOT_PRODUCTION_READY,True,False
MID,415853,Claude Gnolou,424979,Soufiane Tazi,97.906775,5.241274,97.906775,4,medium_research_only,SAME_ROLE_ONLY;RESEARCH_ONLY;SAMPLE_TOO_SMALL_LOCAL_11_MATCHES_NOT_PRODUCTION_READY,True,False
MID,415853,Claude Gnolou,442288,Adnane Berdad,99.619965,3.710798,99.619965,4,medium_research_only,SAME_ROLE_ONLY;RESEARCH_ONLY;SAMPLE_TOO_SMALL_LOCAL_11_MATCHES_NOT_PRODUCTION_READY,True,False
MID,415853,Claude Gnolou,442292,Abdellatif El Bajjani,98.090971,4.661978,98.090971,4,medium_research_only,SAME_ROLE_ONLY;RESEARCH_ONLY;SAMPLE_TOO_SMALL_LOCAL_11_MATCHES_NOT_PRODUCTION_READY,True,False
MID,415853,Claude Gnolou,443951,Youness Akharraz,97.028227,7.385707,97.028227,4,medium_research_only,SAME_ROLE_ONLY;RESEARCH_ONLY;SAMPLE_TOO_SMALL_LOCAL_11_MATCHES_NOT_PRODUCTION_READY,True,False
MID,415853,Claude Gnolou,445163,Ayoub Maamouri,90.568174,11.463952,90.568174,4,medium_research_only,SAME_ROLE_ONLY;RESEARCH_ONLY;SAMPLE_TOO_SMALL_LOCAL_11_MATCHES_NOT_PRODUCTION_READY,True,False
MID,415853,Claude Gnolou,446355,Ishak Zidani,97.361821,5.370378,97.361821,4,medium_research_only,SAME_ROLE_ONLY;RESEARCH_ONLY;SAMPLE_TOO_SMALL_LOCAL_11_MATCHES_NOT_PRODUCTION_READY,True,False
MID,415853,Claude Gnolou,449373,Marouane Oujeddou,94.672937,8.015766,94.672937,4,medium_research_only,SAME_ROLE_ONLY;RESEARCH_ONLY;SAMPLE_TOO_SMALL_LOCAL_11_MATCHES_NOT_PRODUCTION_READY,True,False
MID,415853,Claude Gnolou,449471,Ayman Tarrazi,99.878195,5.016068,99.878195,4,medium_research_only,SAME_ROLE_ONLY;RESEARCH_ONLY;SAMPLE_TOO_SMALL_LOCAL_11_MATCHES_NOT_PRODUCTION_READY,True,False
MID,415853,Claude Gnolou,450709,Joseph Bakasu       ,97.798674,4.952138,97.798674,4,medium_research_only,SAME_ROLE_ONLY;RESEARCH_ONLY;SAMPLE_TOO_SMALL_LOCAL_11_MATCHES_NOT_PRODUCTION_READY,True,False
MID,415853,Claude Gnolou,460266,Youness Dahmani,84.558283,12.96621,84.558283,4,medium_research_only,SAME_ROLE_ONLY;RESEARCH_ONLY;SAMPLE_TOO_SMALL_LOCAL_11_MATCHES_NOT_PRODUCTION_READY,True,False
MID,415853,Claude Gnolou,477679,Redouane Oubidar,98.642977,3.896726,98.642977,4,medium_research_only,SAME_ROLE_ONLY;RESEARCH_ONLY;SAMPLE_TOO_SMALL_LOCAL_11_MATCHES_NOT_PRODUCTION_READY,True,False
MID,415853,Claude Gnolou,477680,Hamza Saoud,96.130543,9.21965,96.130543,4,medium_research_only,SAME_ROLE_ONLY;RESEARCH_ONLY;SAMPLE_TOO_SMALL_LOCAL_11_MATCHES_NOT_PRODUCTION_READY,True,False
MID,415853,Claude Gnolou,477682,Ayoub Benaadi,93.399374,8.29384,93.399374,4,medium_research_only,SAME_ROLE_ONLY;RESEARCH_ONLY;SAMPLE_TOO_SMALL_LOCAL_11_MATCHES_NOT_PRODUCTION_READY,True,False
MID,415853,Claude Gnolou,477688,Ayoub El Khaffi,98.803849,8.871528,98.803849,4,medium_research_only,SAME_ROLE_ONLY;RESEARCH_ONLY;SAMPLE_TOO_SMALL_LOCAL_11_MATCHES_NOT_PRODUCTION_READY,True,False
MID,415853,Claude Gnolou,523298,Mohamed Ahayaoui,99.721303,2.940833,99.721303,4,medium_research_only,SAME_ROLE_ONLY;RESEARCH_ONLY;SAMPLE_TOO_SMALL_LOCAL_11_MATCHES_NOT_PRODUCTION_READY,True,False
MID,415853,Claude Gnolou,523308,Adil Khalloufi,99.886771,1.645128,99.886771,4,medium_research_only,SAME_ROLE_ONLY;RESEARCH_ONLY;SAMPLE_TOO_SMALL_LOCAL_11_MATCHES_NOT_PRODUCTION_READY,True,False
MID,415853,Claude Gnolou,523312,Brahim Mansouri,87.961605,11.236873,87.961605,4,medium_research_only,SAME_ROLE_ONLY;RESEARCH_ONLY;SAMPLE_TOO_SMALL_LOCAL_11_MATCHES_NOT_PRODUCTION_READY,True,False
MID,415853,Claude Gnolou,523319,Omar Ouddah,99.471027,3.790075,99.471027,4,medium_research_only,SAME_ROLE_ONLY;RESEARCH_ONLY;SAMPLE_TOO_SMALL_LOCAL_11_MATCHES_NOT_PRODUCTION_READY,True,False
MID,415853,Claude Gnolou,523973,Hamza Rafa,97.289322,5.479839,97.289322,4,medium_research_only,SAME_ROLE_ONLY;RESEARCH_ONLY;SAMPLE_TOO_SMALL_LOCAL_11_MATCHES_NOT_PRODUCTION_READY,True,False
MID,415853,Claude Gnolou,523996,Fred Duval Ngoma,97.816495,4.927015,97.816495,4,medium_research_only,SAME_ROLE_ONLY;RESEARCH_ONLY;SAMPLE_TOO_SMALL_LOCAL_11_MATCHES_NOT_PRODUCTION_READY,True,False
MID,415853,Claude Gnolou,523997,Karim L'Koucha,99.752329,6.820463,99.752329,4,medium_research_only,SAME_ROLE_ONLY;RESEARCH_ONLY;SAMPLE_TOO_SMALL_LOCAL_11_MATCHES_NOT_PRODUCTION_READY,True,False
MID,415853,Claude Gnolou,523999,Zakaria Kessary,97.026478,5.992136,97.026478,4,medium_research_only,SAME_ROLE_ONLY;RESEARCH_ONLY;SAMPLE_TOO_SMALL_LOCAL_11_MATCHES_NOT_PRODUCTION_READY,True,False
MID,415853,Claude Gnolou,524000,Ahmed Aboulfath,92.3941,9.253935,92.3941,4,medium_research_only,SAME_ROLE_ONLY;RESEARCH_ONLY;SAMPLE_TOO_SMALL_LOCAL_11_MATCHES_NOT_PRODUCTION_READY,True,False
MID,415853,Claude Gnolou,524002,Salim Ghazzani,89.967328,14.348871,89.967328,4,medium_research_only,SAME_ROLE_ONLY;RESEARCH_ONLY;SAMPLE_TOO_SMALL_LOCAL_11_MATCHES_NOT_PRODUCTION_READY,True,False
MID,415853,Claude Gnolou,524003,Mohammed Es-Sahel,99.46728,3.535729,99.46728,4,medium_research_only,SAME_ROLE_ONLY;RESEARCH_ONLY;SAMPLE_TOO_SMALL_LOCAL_11_MATCHES_NOT_PRODUCTION_READY,True,False
MID,415853,Claude Gnolou,524511,Saad Nassik,99.052994,3.77004,99.052994,4,medium_research_only,SAME_ROLE_ONLY;RESEARCH_ONLY;SAMPLE_TOO_SMALL_LOCAL_11_MATCHES_NOT_PRODUCTION_READY,True,False
MID,416303,El Mahdi Akoumi,424979,Soufiane Tazi,99.729473,8.227937,99.729473,4,medium_research_only,SAME_ROLE_ONLY;RESEARCH_ONLY;SAMPLE_TOO_SMALL_LOCAL_11_MATCHES_NOT_PRODUCTION_READY,True,False
MID,416303,El Mahdi Akoumi,442288,Adnane Berdad,99.604894,3.739234,99.604894,4,medium_research_only,SAME_ROLE_ONLY;RESEARCH_ONLY;SAMPLE_TOO_SMALL_LOCAL_11_MATCHES_NOT_PRODUCTION_READY,True,False
MID,416303,El Mahdi Akoumi,442292,Abdellatif El Bajjani,98.790088,7.513151,98.790088,4,medium_research_only,SAME_ROLE_ONLY;RESEARCH_ONLY;SAMPLE_TOO_SMALL_LOCAL_11_MATCHES_NOT_PRODUCTION_READY,True,False
MID,416303,El Mahdi Akoumi,443951,Youness Akharraz,98.963943,2.331952,98.963943,4,medium_research_only,SAME_ROLE_ONLY;RESEARCH_ONLY;SAMPLE_TOO_SMALL_LOCAL_11_MATCHES_NOT_PRODUCTION_READY,True,False
MID,416303,El Mahdi Akoumi,445163,Ayoub Maamouri,92.410586,5.407227,92.410586,4,medium_research_only,SAME_ROLE_ONLY;RESEARCH_ONLY;SAMPLE_TOO_SMALL_LOCAL_11_MATCHES_NOT_PRODUCTION_READY,True,False
MID,416303,El Mahdi Akoumi,446355,Ishak Zidani,99.710472,5.501467,99.710472,4,medium_research_only,SAME_ROLE_ONLY;RESEARCH_ONLY;SAMPLE_TOO_SMALL_LOCAL_11_MATCHES_NOT_PRODUCTION_READY,True,False
MID,416303,El Mahdi Akoumi,449373,Marouane Oujeddou,96.97986,4.343273,96.97986,4,medium_research_only,SAME_ROLE_ONLY;RESEARCH_ONLY;SAMPLE_TOO_SMALL_LOCAL_11_MATCHES_NOT_PRODUCTION_READY,True,False
MID,416303,El Mahdi Akoumi,449471,Ayman Tarrazi,97.92203,3.584889,97.92203,4,medium_research_only,SAME_ROLE_ONLY;RESEARCH_ONLY;SAMPLE_TOO_SMALL_LOCAL_11_MATCHES_NOT_PRODUCTION_READY,True,False
MID,416303,El Mahdi Akoumi,450709,Joseph Bakasu       ,99.212012,5.651004,99.212012,4,medium_research_only,SAME_ROLE_ONLY;RESEARCH_ONLY;SAMPLE_TOO_SMALL_LOCAL_11_MATCHES_NOT_PRODUCTION_READY,True,False
MID,416303,El Mahdi Akoumi,460266,Youness Dahmani,77.941713,8.409943,77.941713,4,medium_research_only,SAME_ROLE_ONLY;RESEARCH_ONLY;SAMPLE_TOO_SMALL_LOCAL_11_MATCHES_NOT_PRODUCTION_READY,True,False
MID,416303,El Mahdi Akoumi,477679,Redouane Oubidar,95.284543,8.760498,95.284543,4,medium_research_only,SAME_ROLE_ONLY;RESEARCH_ONLY;SAMPLE_TOO_SMALL_LOCAL_11_MATCHES_NOT_PRODUCTION_READY,True,False
MID,416303,El Mahdi Akoumi,477680,Hamza Saoud,99.358876,12.197145,99.358876,4,medium_research_only,SAME_ROLE_ONLY;RESEARCH_ONLY;SAMPLE_TOO_SMALL_LOCAL_11_MATCHES_NOT_PRODUCTION_READY,True,False
MID,416303,El Mahdi Akoumi,477682,Ayoub Benaadi,95.791701,6.800345,95.791701,4,medium_research_only,SAME_ROLE_ONLY;RESEARCH_ONLY;SAMPLE_TOO_SMALL_LOCAL_11_MATCHES_NOT_PRODUCTION_READY,True,False
MID,416303,El Mahdi Akoumi,477688,Ayoub El Khaffi,99.359404,14.570326,99.359404,4,medium_research_only,SAME_ROLE_ONLY;RESEARCH_ONLY;SAMPLE_TOO_SMALL_LOCAL_11_MATCHES_NOT_PRODUCTION_READY,True,False
MID,416303,El Mahdi Akoumi,523298,Mohamed Ahayaoui,99.214763,9.249782,99.214763,4,medium_research_only,SAME_ROLE_ONLY;RESEARCH_ONLY;SAMPLE_TOO_SMALL_LOCAL_11_MATCHES_NOT_PRODUCTION_READY,True,False
MID,416303,El Mahdi Akoumi,523308,Adil Khalloufi,97.851656,8.752245,97.851656,4,medium_research_only,SAME_ROLE_ONLY;RESEARCH_ONLY;SAMPLE_TOO_SMALL_LOCAL_11_MATCHES_NOT_PRODUCTION_READY,True,False
MID,416303,El Mahdi Akoumi,523312,Brahim Mansouri,91.497417,9.124294,91.497417,4,medium_research_only,SAME_ROLE_ONLY;RESEARCH_ONLY;SAMPLE_TOO_SMALL_LOCAL_11_MATCHES_NOT_PRODUCTION_READY,True,False
MID,416303,El Mahdi Akoumi,523319,Omar Ouddah,97.09254,10.534974,97.09254,4,medium_research_only,SAME_ROLE_ONLY;RESEARCH_ONLY;SAMPLE_TOO_SMALL_LOCAL_11_MATCHES_NOT_PRODUCTION_READY,True,False
MID,416303,El Mahdi Akoumi,523973,Hamza Rafa,99.06067,7.000052,99.06067,4,medium_research_only,SAME_ROLE_ONLY;RESEARCH_ONLY;SAMPLE_TOO_SMALL_LOCAL_11_MATCHES_NOT_PRODUCTION_READY,True,False
MID,416303,El Mahdi Akoumi,523996,Fred Duval Ngoma,99.222026,6.986196,99.222026,4,medium_research_only,SAME_ROLE_ONLY;RESEARCH_ONLY;SAMPLE_TOO_SMALL_LOCAL_11_MATCHES_NOT_PRODUCTION_READY,True,False
MID,416303,El Mahdi Akoumi,523997,Karim L'Koucha,99.368633,1.592806,99.368633,4,medium_research_only,SAME_ROLE_ONLY;RESEARCH_ONLY;SAMPLE_TOO_SMALL_LOCAL_11_MATCHES_NOT_PRODUCTION_READY,True,False
MID,416303,El Mahdi Akoumi,523999,Zakaria Kessary,98.95351,8.069282,98.95351,4,medium_research_only,SAME_ROLE_ONLY;RESEARCH_ONLY;SAMPLE_TOO_SMALL_LOCAL_11_MATCHES_NOT_PRODUCTION_READY,True,False
MID,416303,El Mahdi Akoumi,524000,Ahmed Aboulfath,88.080359,7.543169,88.080359,4,medium_research_only,SAME_ROLE_ONLY;RESEARCH_ONLY;SAMPLE_TOO_SMALL_LOCAL_11_MATCHES_NOT_PRODUCTION_READY,True,False
MID,416303,El Mahdi Akoumi,524002,Salim Ghazzani,89.289935,16.898269,89.289935,4,medium_research_only,SAME_ROLE_ONLY;RESEARCH_ONLY;SAMPLE_TOO_SMALL_LOCAL_11_MATCHES_NOT_PRODUCTION_READY,True,False
MID,416303,El Mahdi Akoumi,524003,Mohammed Es-Sahel,97.217378,5.55895,97.217378,4,medium_research_only,SAME_ROLE_ONLY;RESEARCH_ONLY;SAMPLE_TOO_SMALL_LOCAL_11_MATCHES_NOT_PRODUCTION_READY,True,False
MID,416303,El Mahdi Akoumi,524511,Saad Nassik,99.622394,4.647041,99.622394,4,medium_research_only,SAME_ROLE_ONLY;RESEARCH_ONLY;SAMPLE_TOO_SMALL_LOCAL_11_MATCHES_NOT_PRODUCTION_READY,True,False
MID,424979,Soufiane Tazi,442288,Adnane Berdad,99.261136,5.385247,99.261136,4,medium_research_only,SAME_ROLE_ONLY;RESEARCH_ONLY;SAMPLE_TOO_SMALL_LOCAL_11_MATCHES_NOT_PRODUCTION_READY,True,False
MID,424979,Soufiane Tazi,442292,Abdellatif El Bajjani,99.168895,3.406162,99.168895,4,medium_research_only,SAME_ROLE_ONLY;RESEARCH_ONLY;SAMPLE_TOO_SMALL_LOCAL_11_MATCHES_NOT_PRODUCTION_READY,True,False
MID,424979,Soufiane Tazi,443951,Youness Akharraz,98.405241,8.009966,98.405241,4,medium_research_only,SAME_ROLE_ONLY;RESEARCH_ONLY;SAMPLE_TOO_SMALL_LOCAL_11_MATCHES_NOT_PRODUCTION_READY,True,False
MID,424979,Soufiane Tazi,445163,Ayoub Maamouri,93.225324,12.233624,93.225324,4,medium_research_only,SAME_ROLE_ONLY;RESEARCH_ONLY;SAMPLE_TOO_SMALL_LOCAL_11_MATCHES_NOT_PRODUCTION_READY,True,False
MID,424979,Soufiane Tazi,446355,Ishak Zidani,99.827096,3.099485,99.827096,4,medium_research_only,SAME_ROLE_ONLY;RESEARCH_ONLY;SAMPLE_TOO_SMALL_LOCAL_11_MATCHES_NOT_PRODUCTION_READY,True,False
MID,424979,Soufiane Tazi,449373,Marouane Oujeddou,98.02837,7.348167,98.02837,4,medium_research_only,SAME_ROLE_ONLY;RESEARCH_ONLY;SAMPLE_TOO_SMALL_LOCAL_11_MATCHES_NOT_PRODUCTION_READY,True,False
MID,424979,Soufiane Tazi,449471,Ayman Tarrazi,96.953216,8.161422,96.953216,4,medium_research_only,SAME_ROLE_ONLY;RESEARCH_ONLY;SAMPLE_TOO_SMALL_LOCAL_11_MATCHES_NOT_PRODUCTION_READY,True,False
MID,424979,Soufiane Tazi,450709,Joseph Bakasu       ,98.608611,4.879749,98.608611,4,medium_research_only,SAME_ROLE_ONLY;RESEARCH_ONLY;SAMPLE_TOO_SMALL_LOCAL_11_MATCHES_NOT_PRODUCTION_READY,True,False
MID,424979,Soufiane Tazi,460266,Youness Dahmani,77.459542,15.492773,77.459542,4,medium_research_only,SAME_ROLE_ONLY;RESEARCH_ONLY;SAMPLE_TOO_SMALL_LOCAL_11_MATCHES_NOT_PRODUCTION_READY,True,False
MID,424979,Soufiane Tazi,477679,Redouane Oubidar,94.057962,8.613789,94.057962,4,medium_research_only,SAME_ROLE_ONLY;RESEARCH_ONLY;SAMPLE_TOO_SMALL_LOCAL_11_MATCHES_NOT_PRODUCTION_READY,True,False
MID,424979,Soufiane Tazi,477680,Hamza Saoud,99.339844,5.040601,99.339844,4,medium_research_only,SAME_ROLE_ONLY;RESEARCH_ONLY;SAMPLE_TOO_SMALL_LOCAL_11_MATCHES_NOT_PRODUCTION_READY,True,False
MID,424979,Soufiane Tazi,477682,Ayoub Benaadi,97.388981,6.31562,97.388981,4,medium_research_only,SAME_ROLE_ONLY;RESEARCH_ONLY;SAMPLE_TOO_SMALL_LOCAL_11_MATCHES_NOT_PRODUCTION_READY,True,False
MID,424979,Soufiane Tazi,477688,Ayoub El Khaffi,98.70407,7.871484,98.70407,4,medium_research_only,SAME_ROLE_ONLY;RESEARCH_ONLY;SAMPLE_TOO_SMALL_LOCAL_11_MATCHES_NOT_PRODUCTION_READY,True,False
MID,424979,Soufiane Tazi,523298,Mohamed Ahayaoui,98.681593,4.336696,98.681593,4,medium_research_only,SAME_ROLE_ONLY;RESEARCH_ONLY;SAMPLE_TOO_SMALL_LOCAL_11_MATCHES_NOT_PRODUCTION_READY,True,False
MID,424979,Soufiane Tazi,523308,Adil Khalloufi,97.200122,6.031885,97.200122,4,medium_research_only,SAME_ROLE_ONLY;RESEARCH_ONLY;SAMPLE_TOO_SMALL_LOCAL_11_MATCHES_NOT_PRODUCTION_READY,True,False
MID,424979,Soufiane Tazi,523312,Brahim Mansouri,92.907912,9.316448,92.907912,4,medium_research_only,SAME_ROLE_ONLY;RESEARCH_ONLY;SAMPLE_TOO_SMALL_LOCAL_11_MATCHES_NOT_PRODUCTION_READY,True,False
MID,424979,Soufiane Tazi,523319,Omar Ouddah,95.731939,7.86617,95.731939,4,medium_research_only,SAME_ROLE_ONLY;RESEARCH_ONLY;SAMPLE_TOO_SMALL_LOCAL_11_MATCHES_NOT_PRODUCTION_READY,True,False
MID,424979,Soufiane Tazi,523973,Hamza Rafa,98.649108,4.326436,98.649108,4,medium_research_only,SAME_ROLE_ONLY;RESEARCH_ONLY;SAMPLE_TOO_SMALL_LOCAL_11_MATCHES_NOT_PRODUCTION_READY,True,False
MID,424979,Soufiane Tazi,523996,Fred Duval Ngoma,98.669231,4.282293,98.669231,4,medium_research_only,SAME_ROLE_ONLY;RESEARCH_ONLY;SAMPLE_TOO_SMALL_LOCAL_11_MATCHES_NOT_PRODUCTION_READY,True,False
MID,424979,Soufiane Tazi,523997,Karim L'Koucha,98.639058,8.732392,98.639058,4,medium_research_only,SAME_ROLE_ONLY;RESEARCH_ONLY;SAMPLE_TOO_SMALL_LOCAL_11_MATCHES_NOT_PRODUCTION_READY,True,False
MID,424979,Soufiane Tazi,523999,Zakaria Kessary,99.632943,2.227122,99.632943,4,medium_research_only,SAME_ROLE_ONLY;RESEARCH_ONLY;SAMPLE_TOO_SMALL_LOCAL_11_MATCHES_NOT_PRODUCTION_READY,True,False
MID,424979,Soufiane Tazi,524000,Ahmed Aboulfath,89.202814,11.598003,89.202814,4,medium_research_only,SAME_ROLE_ONLY;RESEARCH_ONLY;SAMPLE_TOO_SMALL_LOCAL_11_MATCHES_NOT_PRODUCTION_READY,True,False
MID,424979,Soufiane Tazi,524002,Salim Ghazzani,91.41837,13.297949,91.41837,4,medium_research_only,SAME_ROLE_ONLY;RESEARCH_ONLY;SAMPLE_TOO_SMALL_LOCAL_11_MATCHES_NOT_PRODUCTION_READY,True,False
MID,424979,Soufiane Tazi,524003,Mohammed Es-Sahel,95.85509,7.718287,95.85509,4,medium_research_only,SAME_ROLE_ONLY;RESEARCH_ONLY;SAMPLE_TOO_SMALL_LOCAL_11_MATCHES_NOT_PRODUCTION_READY,True,False
MID,424979,Soufiane Tazi,524511,Saad Nassik,98.932523,4.989872,98.932523,4,medium_research_only,SAME_ROLE_ONLY;RESEARCH_ONLY;SAMPLE_TOO_SMALL_LOCAL_11_MATCHES_NOT_PRODUCTION_READY,True,False
MID,442288,Adnane Berdad,442292,Abdellatif El Bajjani,99.155444,4.471124,99.155444,4,medium_research_only,SAME_ROLE_ONLY;RESEARCH_ONLY;SAMPLE_TOO_SMALL_LOCAL_11_MATCHES_NOT_PRODUCTION_READY,True,False
MID,442288,Adnane Berdad,443951,Youness Akharraz,98.386658,3.979192,98.386658,4,medium_research_only,SAME_ROLE_ONLY;RESEARCH_ONLY;SAMPLE_TOO_SMALL_LOCAL_11_MATCHES_NOT_PRODUCTION_READY,True,False
MID,442288,Adnane Berdad,445163,Ayoub Maamouri,91.424333,8.378384,91.424333,4,medium_research_only,SAME_ROLE_ONLY;RESEARCH_ONLY;SAMPLE_TOO_SMALL_LOCAL_11_MATCHES_NOT_PRODUCTION_READY,True,False
MID,442288,Adnane Berdad,446355,Ishak Zidani,98.960983,3.493803,98.960983,4,medium_research_only,SAME_ROLE_ONLY;RESEARCH_ONLY;SAMPLE_TOO_SMALL_LOCAL_11_MATCHES_NOT_PRODUCTION_READY,True,False
MID,442288,Adnane Berdad,449373,Marouane Oujeddou,96.170839,5.18646,96.170839,4,medium_research_only,SAME_ROLE_ONLY;RESEARCH_ONLY;SAMPLE_TOO_SMALL_LOCAL_11_MATCHES_NOT_PRODUCTION_READY,True,False
MID,442288,Adnane Berdad,449471,Ayman Tarrazi,99.199425,2.825626,99.199425,4,medium_research_only,SAME_ROLE_ONLY;RESEARCH_ONLY;SAMPLE_TOO_SMALL_LOCAL_11_MATCHES_NOT_PRODUCTION_READY,True,False
MID,442288,Adnane Berdad,450709,Joseph Bakasu       ,98.892988,3.495363,98.892988,4,medium_research_only,SAME_ROLE_ONLY;RESEARCH_ONLY;SAMPLE_TOO_SMALL_LOCAL_11_MATCHES_NOT_PRODUCTION_READY,True,False
MID,442288,Adnane Berdad,460266,Youness Dahmani,81.118705,10.671364,81.118705,4,medium_research_only,SAME_ROLE_ONLY;RESEARCH_ONLY;SAMPLE_TOO_SMALL_LOCAL_11_MATCHES_NOT_PRODUCTION_READY,True,False
MID,442288,Adnane Berdad,477679,Redouane Oubidar,97.014991,6.135727,97.014991,4,medium_research_only,SAME_ROLE_ONLY;RESEARCH_ONLY;SAMPLE_TOO_SMALL_LOCAL_11_MATCHES_NOT_PRODUCTION_READY,True,False
MID,442288,Adnane Berdad,477680,Hamza Saoud,98.028605,9.798102,98.028605,4,medium_research_only,SAME_ROLE_ONLY;RESEARCH_ONLY;SAMPLE_TOO_SMALL_LOCAL_11_MATCHES_NOT_PRODUCTION_READY,True,False
MID,442288,Adnane Berdad,477682,Ayoub Benaadi,95.158537,6.302272,95.158537,4,medium_research_only,SAME_ROLE_ONLY;RESEARCH_ONLY;SAMPLE_TOO_SMALL_LOCAL_11_MATCHES_NOT_PRODUCTION_READY,True,False
MID,442288,Adnane Berdad,477688,Ayoub El Khaffi,99.469535,11.227194,99.469535,4,medium_research_only,SAME_ROLE_ONLY;RESEARCH_ONLY;SAMPLE_TOO_SMALL_LOCAL_11_MATCHES_NOT_PRODUCTION_READY,True,False
MID,442288,Adnane Berdad,523298,Mohamed Ahayaoui,99.697833,5.754402,99.697833,4,medium_research_only,SAME_ROLE_ONLY;RESEARCH_ONLY;SAMPLE_TOO_SMALL_LOCAL_11_MATCHES_NOT_PRODUCTION_READY,True,False
MID,442288,Adnane Berdad,523308,Adil Khalloufi,99.260446,5.130086,99.260446,4,medium_research_only,SAME_ROLE_ONLY;RESEARCH_ONLY;SAMPLE_TOO_SMALL_LOCAL_11_MATCHES_NOT_PRODUCTION_READY,True,False
MID,442288,Adnane Berdad,523312,Brahim Mansouri,89.793002,9.472612,89.793002,4,medium_research_only,SAME_ROLE_ONLY;RESEARCH_ONLY;SAMPLE_TOO_SMALL_LOCAL_11_MATCHES_NOT_PRODUCTION_READY,True,False
MID,442288,Adnane Berdad,523319,Omar Ouddah,98.371444,7.24783,98.371444,4,medium_research_only,SAME_ROLE_ONLY;RESEARCH_ONLY;SAMPLE_TOO_SMALL_LOCAL_11_MATCHES_NOT_PRODUCTION_READY,True,False
MID,442288,Adnane Berdad,523973,Hamza Rafa,98.629142,4.673846,98.629142,4,medium_research_only,SAME_ROLE_ONLY;RESEARCH_ONLY;SAMPLE_TOO_SMALL_LOCAL_11_MATCHES_NOT_PRODUCTION_READY,True,False
MID,442288,Adnane Berdad,523996,Fred Duval Ngoma,98.92738,4.430144,98.92738,4,medium_research_only,SAME_ROLE_ONLY;RESEARCH_ONLY;SAMPLE_TOO_SMALL_LOCAL_11_MATCHES_NOT_PRODUCTION_READY,True,False
MID,442288,Adnane Berdad,523997,Karim L'Koucha,99.857761,3.589721,99.857761,4,medium_research_only,SAME_ROLE_ONLY;RESEARCH_ONLY;SAMPLE_TOO_SMALL_LOCAL_11_MATCHES_NOT_PRODUCTION_READY,True,False
MID,442288,Adnane Berdad,523999,Zakaria Kessary,98.66066,5.477194,98.66066,4,medium_research_only,SAME_ROLE_ONLY;RESEARCH_ONLY;SAMPLE_TOO_SMALL_LOCAL_11_MATCHES_NOT_PRODUCTION_READY,True,False
MID,442288,Adnane Berdad,524000,Ahmed Aboulfath,91.290274,7.609887,91.290274,4,medium_research_only,SAME_ROLE_ONLY;RESEARCH_ONLY;SAMPLE_TOO_SMALL_LOCAL_11_MATCHES_NOT_PRODUCTION_READY,True,False
MID,442288,Adnane Berdad,524002,Salim Ghazzani,90.390662,14.993882,90.390662,4,medium_research_only,SAME_ROLE_ONLY;RESEARCH_ONLY;SAMPLE_TOO_SMALL_LOCAL_11_MATCHES_NOT_PRODUCTION_READY,True,False
MID,442288,Adnane Berdad,524003,Mohammed Es-Sahel,98.413843,3.48658,98.413843,4,medium_research_only,SAME_ROLE_ONLY;RESEARCH_ONLY;SAMPLE_TOO_SMALL_LOCAL_11_MATCHES_NOT_PRODUCTION_READY,True,False
MID,442288,Adnane Berdad,524511,Saad Nassik,99.651675,1.908385,99.651675,4,medium_research_only,SAME_ROLE_ONLY;RESEARCH_ONLY;SAMPLE_TOO_SMALL_LOCAL_11_MATCHES_NOT_PRODUCTION_READY,True,False
MID,442292,Abdellatif El Bajjani,443951,Youness Akharraz,98.319697,6.973256,98.319697,4,medium_research_only,SAME_ROLE_ONLY;RESEARCH_ONLY;SAMPLE_TOO_SMALL_LOCAL_11_MATCHES_NOT_PRODUCTION_READY,True,False
MID,442292,Abdellatif El Bajjani,445163,Ayoub Maamouri,89.192285,12.023331,89.192285,4,medium_research_only,SAME_ROLE_ONLY;RESEARCH_ONLY;SAMPLE_TOO_SMALL_LOCAL_11_MATCHES_NOT_PRODUCTION_READY,True,False
MID,442292,Abdellatif El Bajjani,446355,Ishak Zidani,99.001488,3.60665,99.001488,4,medium_research_only,SAME_ROLE_ONLY;RESEARCH_ONLY;SAMPLE_TOO_SMALL_LOCAL_11_MATCHES_NOT_PRODUCTION_READY,True,False
MID,442292,Abdellatif El Bajjani,449373,Marouane Oujeddou,95.747268,7.672137,95.747268,4,medium_research_only,SAME_ROLE_ONLY;RESEARCH_ONLY;SAMPLE_TOO_SMALL_LOCAL_11_MATCHES_NOT_PRODUCTION_READY,True,False
MID,442292,Abdellatif El Bajjani,449471,Ayman Tarrazi,97.499438,6.861899,97.499438,4,medium_research_only,SAME_ROLE_ONLY;RESEARCH_ONLY;SAMPLE_TOO_SMALL_LOCAL_11_MATCHES_NOT_PRODUCTION_READY,True,False
MID,442292,Abdellatif El Bajjani,450709,Joseph Bakasu       ,98.627292,4.150802,98.627292,4,medium_research_only,SAME_ROLE_ONLY;RESEARCH_ONLY;SAMPLE_TOO_SMALL_LOCAL_11_MATCHES_NOT_PRODUCTION_READY,True,False
MID,442292,Abdellatif El Bajjani,460266,Youness Dahmani,76.745606,14.529234,76.745606,4,medium_research_only,SAME_ROLE_ONLY;RESEARCH_ONLY;SAMPLE_TOO_SMALL_LOCAL_11_MATCHES_NOT_PRODUCTION_READY,True,False
MID,442292,Abdellatif El Bajjani,477679,Redouane Oubidar,93.850148,8.368181,93.850148,4,medium_research_only,SAME_ROLE_ONLY;RESEARCH_ONLY;SAMPLE_TOO_SMALL_LOCAL_11_MATCHES_NOT_PRODUCTION_READY,True,False
MID,442292,Abdellatif El Bajjani,477680,Hamza Saoud,97.75217,7.66807,97.75217,4,medium_research_only,SAME_ROLE_ONLY;RESEARCH_ONLY;SAMPLE_TOO_SMALL_LOCAL_11_MATCHES_NOT_PRODUCTION_READY,True,False
MID,442292,Abdellatif El Bajjani,477682,Ayoub Benaadi,95.747352,6.908069,95.747352,4,medium_research_only,SAME_ROLE_ONLY;RESEARCH_ONLY;SAMPLE_TOO_SMALL_LOCAL_11_MATCHES_NOT_PRODUCTION_READY,True,False
MID,442292,Abdellatif El Bajjani,477688,Ayoub El Khaffi,98.911254,8.541871,98.911254,4,medium_research_only,SAME_ROLE_ONLY;RESEARCH_ONLY;SAMPLE_TOO_SMALL_LOCAL_11_MATCHES_NOT_PRODUCTION_READY,True,False
MID,442292,Abdellatif El Bajjani,523298,Mohamed Ahayaoui,97.994666,5.453592,97.994666,4,medium_research_only,SAME_ROLE_ONLY;RESEARCH_ONLY;SAMPLE_TOO_SMALL_LOCAL_11_MATCHES_NOT_PRODUCTION_READY,True,False
MID,442292,Abdellatif El Bajjani,523308,Adil Khalloufi,97.902149,5.121407,97.902149,4,medium_research_only,SAME_ROLE_ONLY;RESEARCH_ONLY;SAMPLE_TOO_SMALL_LOCAL_11_MATCHES_NOT_PRODUCTION_READY,True,False
MID,442292,Abdellatif El Bajjani,523312,Brahim Mansouri,88.674871,11.027562,88.674871,4,medium_research_only,SAME_ROLE_ONLY;RESEARCH_ONLY;SAMPLE_TOO_SMALL_LOCAL_11_MATCHES_NOT_PRODUCTION_READY,True,False
MID,442292,Abdellatif El Bajjani,523319,Omar Ouddah,95.660743,7.956865,95.660743,4,medium_research_only,SAME_ROLE_ONLY;RESEARCH_ONLY;SAMPLE_TOO_SMALL_LOCAL_11_MATCHES_NOT_PRODUCTION_READY,True,False
MID,442292,Abdellatif El Bajjani,523973,Hamza Rafa,98.769175,3.744826,98.769175,4,medium_research_only,SAME_ROLE_ONLY;RESEARCH_ONLY;SAMPLE_TOO_SMALL_LOCAL_11_MATCHES_NOT_PRODUCTION_READY,True,False
MID,442292,Abdellatif El Bajjani,523996,Fred Duval Ngoma,98.744447,3.782774,98.744447,4,medium_research_only,SAME_ROLE_ONLY;RESEARCH_ONLY;SAMPLE_TOO_SMALL_LOCAL_11_MATCHES_NOT_PRODUCTION_READY,True,False
MID,442292,Abdellatif El Bajjani,523997,Karim L'Koucha,98.557104,7.651987,98.557104,4,medium_research_only,SAME_ROLE_ONLY;RESEARCH_ONLY;SAMPLE_TOO_SMALL_LOCAL_11_MATCHES_NOT_PRODUCTION_READY,True,False
MID,442292,Abdellatif El Bajjani,523999,Zakaria Kessary,99.640521,2.175762,99.640521,4,medium_research_only,SAME_ROLE_ONLY;RESEARCH_ONLY;SAMPLE_TOO_SMALL_LOCAL_11_MATCHES_NOT_PRODUCTION_READY,True,False
MID,442292,Abdellatif El Bajjani,524000,Ahmed Aboulfath,92.435576,9.452982,92.435576,4,medium_research_only,SAME_ROLE_ONLY;RESEARCH_ONLY;SAMPLE_TOO_SMALL_LOCAL_11_MATCHES_NOT_PRODUCTION_READY,True,False
MID,442292,Abdellatif El Bajjani,524002,Salim Ghazzani,91.104389,13.656675,91.104389,4,medium_research_only,SAME_ROLE_ONLY;RESEARCH_ONLY;SAMPLE_TOO_SMALL_LOCAL_11_MATCHES_NOT_PRODUCTION_READY,True,False
MID,442292,Abdellatif El Bajjani,524003,Mohammed Es-Sahel,95.654459,7.09673,95.654459,4,medium_research_only,SAME_ROLE_ONLY;RESEARCH_ONLY;SAMPLE_TOO_SMALL_LOCAL_11_MATCHES_NOT_PRODUCTION_READY,True,False
MID,442292,Abdellatif El Bajjani,524511,Saad Nassik,98.738219,4.338025,98.738219,4,medium_research_only,SAME_ROLE_ONLY;RESEARCH_ONLY;SAMPLE_TOO_SMALL_LOCAL_11_MATCHES_NOT_PRODUCTION_READY,True,False
MID,443951,Youness Akharraz,445163,Ayoub Maamouri,86.501546,7.514605,86.501546,4,medium_research_only,SAME_ROLE_ONLY;RESEARCH_ONLY;SAMPLE_TOO_SMALL_LOCAL_11_MATCHES_NOT_PRODUCTION_READY,True,False
MID,443951,Youness Akharraz,446355,Ishak Zidani,99.139311,5.01914,99.139311,4,medium_research_only,SAME_ROLE_ONLY;RESEARCH_ONLY;SAMPLE_TOO_SMALL_LOCAL_11_MATCHES_NOT_PRODUCTION_READY,True,False
MID,443951,Youness Akharraz,449373,Marouane Oujeddou,93.185078,6.116288,93.185078,4,medium_research_only,SAME_ROLE_ONLY;RESEARCH_ONLY;SAMPLE_TOO_SMALL_LOCAL_11_MATCHES_NOT_PRODUCTION_READY,True,False
MID,443951,Youness Akharraz,449471,Ayman Tarrazi,96.686506,4.216425,96.686506,4,medium_research_only,SAME_ROLE_ONLY;RESEARCH_ONLY;SAMPLE_TOO_SMALL_LOCAL_11_MATCHES_NOT_PRODUCTION_READY,True,False
MID,443951,Youness Akharraz,450709,Joseph Bakasu       ,99.938591,4.320544,99.938591,4,medium_research_only,SAME_ROLE_ONLY;RESEARCH_ONLY;SAMPLE_TOO_SMALL_LOCAL_11_MATCHES_NOT_PRODUCTION_READY,True,False
MID,443951,Youness Akharraz,460266,Youness Dahmani,70.550928,10.262041,70.550928,4,medium_research_only,SAME_ROLE_ONLY;RESEARCH_ONLY;SAMPLE_TOO_SMALL_LOCAL_11_MATCHES_NOT_PRODUCTION_READY,True,False
MID,443951,Youness Akharraz,477679,Redouane Oubidar,92.253091,9.503869,92.253091,4,medium_research_only,SAME_ROLE_ONLY;RESEARCH_ONLY;SAMPLE_TOO_SMALL_LOCAL_11_MATCHES_NOT_PRODUCTION_READY,True,False
MID,443951,Youness Akharraz,477680,Hamza Saoud,98.90612,11.497722,98.90612,4,medium_research_only,SAME_ROLE_ONLY;RESEARCH_ONLY;SAMPLE_TOO_SMALL_LOCAL_11_MATCHES_NOT_PRODUCTION_READY,True,False
MID,443951,Youness Akharraz,477682,Ayoub Benaadi,92.055135,8.052038,92.055135,4,medium_research_only,SAME_ROLE_ONLY;RESEARCH_ONLY;SAMPLE_TOO_SMALL_LOCAL_11_MATCHES_NOT_PRODUCTION_READY,True,False
MID,443951,Youness Akharraz,477688,Ayoub El Khaffi,99.574254,13.588225,99.574254,4,medium_research_only,SAME_ROLE_ONLY;RESEARCH_ONLY;SAMPLE_TOO_SMALL_LOCAL_11_MATCHES_NOT_PRODUCTION_READY,True,False
MID,443951,Youness Akharraz,523298,Mohamed Ahayaoui,97.109917,9.372406,97.109917,4,medium_research_only,SAME_ROLE_ONLY;RESEARCH_ONLY;SAMPLE_TOO_SMALL_LOCAL_11_MATCHES_NOT_PRODUCTION_READY,True,False
MID,443951,Youness Akharraz,523308,Adil Khalloufi,96.240112,8.771066,96.240112,4,medium_research_only,SAME_ROLE_ONLY;RESEARCH_ONLY;SAMPLE_TOO_SMALL_LOCAL_11_MATCHES_NOT_PRODUCTION_READY,True,False
MID,443951,Youness Akharraz,523312,Brahim Mansouri,86.061168,10.764077,86.061168,4,medium_research_only,SAME_ROLE_ONLY;RESEARCH_ONLY;SAMPLE_TOO_SMALL_LOCAL_11_MATCHES_NOT_PRODUCTION_READY,True,False
MID,443951,Youness Akharraz,523319,Omar Ouddah,95.322737,10.560146,95.322737,4,medium_research_only,SAME_ROLE_ONLY;RESEARCH_ONLY;SAMPLE_TOO_SMALL_LOCAL_11_MATCHES_NOT_PRODUCTION_READY,True,False
MID,443951,Youness Akharraz,523973,Hamza Rafa,99.961712,5.629007,99.961712,4,medium_research_only,SAME_ROLE_ONLY;RESEARCH_ONLY;SAMPLE_TOO_SMALL_LOCAL_11_MATCHES_NOT_PRODUCTION_READY,True,False
MID,443951,Youness Akharraz,523996,Fred Duval Ngoma,99.932005,5.713281,99.932005,4,medium_research_only,SAME_ROLE_ONLY;RESEARCH_ONLY;SAMPLE_TOO_SMALL_LOCAL_11_MATCHES_NOT_PRODUCTION_READY,True,False
MID,443951,Youness Akharraz,523997,Karim L'Koucha,98.437875,2.793758,98.437875,4,medium_research_only,SAME_ROLE_ONLY;RESEARCH_ONLY;SAMPLE_TOO_SMALL_LOCAL_11_MATCHES_NOT_PRODUCTION_READY,True,False
MID,443951,Youness Akharraz,523999,Zakaria Kessary,98.159423,7.657258,98.159423,4,medium_research_only,SAME_ROLE_ONLY;RESEARCH_ONLY;SAMPLE_TOO_SMALL_LOCAL_11_MATCHES_NOT_PRODUCTION_READY,True,False
MID,443951,Youness Akharraz,524000,Ahmed Aboulfath,84.975625,8.708572,84.975625,4,medium_research_only,SAME_ROLE_ONLY;RESEARCH_ONLY;SAMPLE_TOO_SMALL_LOCAL_11_MATCHES_NOT_PRODUCTION_READY,True,False
MID,443951,Youness Akharraz,524002,Salim Ghazzani,83.641504,18.139881,83.641504,4,medium_research_only,SAME_ROLE_ONLY;RESEARCH_ONLY;SAMPLE_TOO_SMALL_LOCAL_11_MATCHES_NOT_PRODUCTION_READY,True,False
MID,443951,Youness Akharraz,524003,Mohammed Es-Sahel,95.408284,6.082392,95.408284,4,medium_research_only,SAME_ROLE_ONLY;RESEARCH_ONLY;SAMPLE_TOO_SMALL_LOCAL_11_MATCHES_NOT_PRODUCTION_READY,True,False
MID,443951,Youness Akharraz,524511,Saad Nassik,99.395827,3.984907,99.395827,4,medium_research_only,SAME_ROLE_ONLY;RESEARCH_ONLY;SAMPLE_TOO_SMALL_LOCAL_11_MATCHES_NOT_PRODUCTION_READY,True,False
MID,445163,Ayoub Maamouri,446355,Ishak Zidani,91.643314,10.010439,91.643314,4,medium_research_only,SAME_ROLE_ONLY;RESEARCH_ONLY;SAMPLE_TOO_SMALL_LOCAL_11_MATCHES_NOT_PRODUCTION_READY,True,False
MID,445163,Ayoub Maamouri,449373,Marouane Oujeddou,98.076552,5.267671,98.076552,4,medium_research_only,SAME_ROLE_ONLY;RESEARCH_ONLY;SAMPLE_TOO_SMALL_LOCAL_11_MATCHES_NOT_PRODUCTION_READY,True,False
MID,445163,Ayoub Maamouri,449471,Ayman Tarrazi,88.679359,7.628374,88.679359,4,medium_research_only,SAME_ROLE_ONLY;RESEARCH_ONLY;SAMPLE_TOO_SMALL_LOCAL_11_MATCHES_NOT_PRODUCTION_READY,True,False
MID,445163,Ayoub Maamouri,450709,Joseph Bakasu       ,87.101225,10.89657,87.101225,4,medium_research_only,SAME_ROLE_ONLY;RESEARCH_ONLY;SAMPLE_TOO_SMALL_LOCAL_11_MATCHES_NOT_PRODUCTION_READY,True,False
MID,445163,Ayoub Maamouri,460266,Youness Dahmani,86.053124,5.396342,86.053124,4,medium_research_only,SAME_ROLE_ONLY;RESEARCH_ONLY;SAMPLE_TOO_SMALL_LOCAL_11_MATCHES_NOT_PRODUCTION_READY,True,False
MID,445163,Ayoub Maamouri,477679,Redouane Oubidar,90.422155,11.544006,90.422155,4,medium_research_only,SAME_ROLE_ONLY;RESEARCH_ONLY;SAMPLE_TOO_SMALL_LOCAL_11_MATCHES_NOT_PRODUCTION_READY,True,False
MID,445163,Ayoub Maamouri,477680,Hamza Saoud,91.834115,16.231115,91.834115,4,medium_research_only,SAME_ROLE_ONLY;RESEARCH_ONLY;SAMPLE_TOO_SMALL_LOCAL_11_MATCHES_NOT_PRODUCTION_READY,True,False
MID,445163,Ayoub Maamouri,477682,Ayoub Benaadi,96.945283,8.026698,96.945283,4,medium_research_only,SAME_ROLE_ONLY;RESEARCH_ONLY;SAMPLE_TOO_SMALL_LOCAL_11_MATCHES_NOT_PRODUCTION_READY,True,False
MID,445163,Ayoub Maamouri,477688,Ayoub El Khaffi,87.891041,19.318707,87.891041,4,medium_research_only,SAME_ROLE_ONLY;RESEARCH_ONLY;SAMPLE_TOO_SMALL_LOCAL_11_MATCHES_NOT_PRODUCTION_READY,True,False
MID,445163,Ayoub Maamouri,523298,Mohamed Ahayaoui,93.170298,13.021661,93.170298,4,medium_research_only,SAME_ROLE_ONLY;RESEARCH_ONLY;SAMPLE_TOO_SMALL_LOCAL_11_MATCHES_NOT_PRODUCTION_READY,True,False
MID,445163,Ayoub Maamouri,523308,Adil Khalloufi,89.505762,12.772758,89.505762,4,medium_research_only,SAME_ROLE_ONLY;RESEARCH_ONLY;SAMPLE_TOO_SMALL_LOCAL_11_MATCHES_NOT_PRODUCTION_READY,True,False
MID,445163,Ayoub Maamouri,523312,Brahim Mansouri,99.308524,8.200178,99.308524,4,medium_research_only,SAME_ROLE_ONLY;RESEARCH_ONLY;SAMPLE_TOO_SMALL_LOCAL_11_MATCHES_NOT_PRODUCTION_READY,True,False
MID,445163,Ayoub Maamouri,523319,Omar Ouddah,89.236222,14.306813,89.236222,4,medium_research_only,SAME_ROLE_ONLY;RESEARCH_ONLY;SAMPLE_TOO_SMALL_LOCAL_11_MATCHES_NOT_PRODUCTION_READY,True,False
MID,445163,Ayoub Maamouri,523973,Hamza Rafa,86.767706,12.160813,86.767706,4,medium_research_only,SAME_ROLE_ONLY;RESEARCH_ONLY;SAMPLE_TOO_SMALL_LOCAL_11_MATCHES_NOT_PRODUCTION_READY,True,False
MID,445163,Ayoub Maamouri,523996,Fred Duval Ngoma,87.135115,12.144587,87.135115,4,medium_research_only,SAME_ROLE_ONLY;RESEARCH_ONLY;SAMPLE_TOO_SMALL_LOCAL_11_MATCHES_NOT_PRODUCTION_READY,True,False
MID,445163,Ayoub Maamouri,523997,Karim L'Koucha,90.239467,5.957554,90.239467,4,medium_research_only,SAME_ROLE_ONLY;RESEARCH_ONLY;SAMPLE_TOO_SMALL_LOCAL_11_MATCHES_NOT_PRODUCTION_READY,True,False
MID,445163,Ayoub Maamouri,523999,Zakaria Kessary,91.173563,12.204052,91.173563,4,medium_research_only,SAME_ROLE_ONLY;RESEARCH_ONLY;SAMPLE_TOO_SMALL_LOCAL_11_MATCHES_NOT_PRODUCTION_READY,True,False
MID,445163,Ayoub Maamouri,524000,Ahmed Aboulfath,83.708908,8.468675,83.708908,4,medium_research_only,SAME_ROLE_ONLY;RESEARCH_ONLY;SAMPLE_TOO_SMALL_LOCAL_11_MATCHES_NOT_PRODUCTION_READY,True,False
MID,445163,Ayoub Maamouri,524002,Salim Ghazzani,94.426688,17.259656,94.426688,4,medium_research_only,SAME_ROLE_ONLY;RESEARCH_ONLY;SAMPLE_TOO_SMALL_LOCAL_11_MATCHES_NOT_PRODUCTION_READY,True,False
MID,445163,Ayoub Maamouri,524003,Mohammed Es-Sahel,89.549124,9.226672,89.549124,4,medium_research_only,SAME_ROLE_ONLY;RESEARCH_ONLY;SAMPLE_TOO_SMALL_LOCAL_11_MATCHES_NOT_PRODUCTION_READY,True,False
MID,445163,Ayoub Maamouri,524511,Saad Nassik,89.316635,9.708432,89.316635,4,medium_research_only,SAME_ROLE_ONLY;RESEARCH_ONLY;SAMPLE_TOO_SMALL_LOCAL_11_MATCHES_NOT_PRODUCTION_READY,True,False
MID,446355,Ishak Zidani,449373,Marouane Oujeddou,97.043457,5.725957,97.043457,4,medium_research_only,SAME_ROLE_ONLY;RESEARCH_ONLY;SAMPLE_TOO_SMALL_LOCAL_11_MATCHES_NOT_PRODUCTION_READY,True,False
MID,446355,Ishak Zidani,449471,Ayman Tarrazi,96.478018,6.201543,96.478018,4,medium_research_only,SAME_ROLE_ONLY;RESEARCH_ONLY;SAMPLE_TOO_SMALL_LOCAL_11_MATCHES_NOT_PRODUCTION_READY,True,False
MID,446355,Ishak Zidani,450709,Joseph Bakasu       ,99.175749,2.783174,99.175749,4,medium_research_only,SAME_ROLE_ONLY;RESEARCH_ONLY;SAMPLE_TOO_SMALL_LOCAL_11_MATCHES_NOT_PRODUCTION_READY,True,False
MID,446355,Ishak Zidani,460266,Youness Dahmani,74.332972,13.44999,74.332972,4,medium_research_only,SAME_ROLE_ONLY;RESEARCH_ONLY;SAMPLE_TOO_SMALL_LOCAL_11_MATCHES_NOT_PRODUCTION_READY,True,False
MID,446355,Ishak Zidani,477679,Redouane Oubidar,92.910201,8.656006,92.910201,4,medium_research_only,SAME_ROLE_ONLY;RESEARCH_ONLY;SAMPLE_TOO_SMALL_LOCAL_11_MATCHES_NOT_PRODUCTION_READY,True,False
MID,446355,Ishak Zidani,477680,Hamza Saoud,99.741646,6.884923,99.741646,4,medium_research_only,SAME_ROLE_ONLY;RESEARCH_ONLY;SAMPLE_TOO_SMALL_LOCAL_11_MATCHES_NOT_PRODUCTION_READY,True,False
MID,446355,Ishak Zidani,477682,Ayoub Benaadi,96.282653,5.834421,96.282653,4,medium_research_only,SAME_ROLE_ONLY;RESEARCH_ONLY;SAMPLE_TOO_SMALL_LOCAL_11_MATCHES_NOT_PRODUCTION_READY,True,False
MID,446355,Ishak Zidani,477688,Ayoub El Khaffi,98.990382,9.820944,98.990382,4,medium_research_only,SAME_ROLE_ONLY;RESEARCH_ONLY;SAMPLE_TOO_SMALL_LOCAL_11_MATCHES_NOT_PRODUCTION_READY,True,False
MID,446355,Ishak Zidani,523298,Mohamed Ahayaoui,98.101807,5.914607,98.101807,4,medium_research_only,SAME_ROLE_ONLY;RESEARCH_ONLY;SAMPLE_TOO_SMALL_LOCAL_11_MATCHES_NOT_PRODUCTION_READY,True,False
MID,446355,Ishak Zidani,523308,Adil Khalloufi,96.517705,6.666101,96.517705,4,medium_research_only,SAME_ROLE_ONLY;RESEARCH_ONLY;SAMPLE_TOO_SMALL_LOCAL_11_MATCHES_NOT_PRODUCTION_READY,True,False
MID,446355,Ishak Zidani,523312,Brahim Mansouri,91.593774,8.96373,91.593774,4,medium_research_only,SAME_ROLE_ONLY;RESEARCH_ONLY;SAMPLE_TOO_SMALL_LOCAL_11_MATCHES_NOT_PRODUCTION_READY,True,False
MID,446355,Ishak Zidani,523319,Omar Ouddah,95.144319,8.632963,95.144319,4,medium_research_only,SAME_ROLE_ONLY;RESEARCH_ONLY;SAMPLE_TOO_SMALL_LOCAL_11_MATCHES_NOT_PRODUCTION_READY,True,False
MID,446355,Ishak Zidani,523973,Hamza Rafa,99.274927,2.972686,99.274927,4,medium_research_only,SAME_ROLE_ONLY;RESEARCH_ONLY;SAMPLE_TOO_SMALL_LOCAL_11_MATCHES_NOT_PRODUCTION_READY,True,False
MID,446355,Ishak Zidani,523996,Fred Duval Ngoma,99.216149,3.103106,99.216149,4,medium_research_only,SAME_ROLE_ONLY;RESEARCH_ONLY;SAMPLE_TOO_SMALL_LOCAL_11_MATCHES_NOT_PRODUCTION_READY,True,False
MID,446355,Ishak Zidani,523997,Karim L'Koucha,98.461043,6.194431,98.461043,4,medium_research_only,SAME_ROLE_ONLY;RESEARCH_ONLY;SAMPLE_TOO_SMALL_LOCAL_11_MATCHES_NOT_PRODUCTION_READY,True,False
MID,446355,Ishak Zidani,523999,Zakaria Kessary,99.511375,3.22585,99.511375,4,medium_research_only,SAME_ROLE_ONLY;RESEARCH_ONLY;SAMPLE_TOO_SMALL_LOCAL_11_MATCHES_NOT_PRODUCTION_READY,True,False
MID,446355,Ishak Zidani,524000,Ahmed Aboulfath,87.211885,10.270015,87.211885,4,medium_research_only,SAME_ROLE_ONLY;RESEARCH_ONLY;SAMPLE_TOO_SMALL_LOCAL_11_MATCHES_NOT_PRODUCTION_READY,True,False
MID,446355,Ishak Zidani,524002,Salim Ghazzani,89.091407,15.036368,89.091407,4,medium_research_only,SAME_ROLE_ONLY;RESEARCH_ONLY;SAMPLE_TOO_SMALL_LOCAL_11_MATCHES_NOT_PRODUCTION_READY,True,False
MID,446355,Ishak Zidani,524003,Mohammed Es-Sahel,95.279974,6.52163,95.279974,4,medium_research_only,SAME_ROLE_ONLY;RESEARCH_ONLY;SAMPLE_TOO_SMALL_LOCAL_11_MATCHES_NOT_PRODUCTION_READY,True,False
MID,446355,Ishak Zidani,524511,Saad Nassik,99.108622,2.964254,99.108622,4,medium_research_only,SAME_ROLE_ONLY;RESEARCH_ONLY;SAMPLE_TOO_SMALL_LOCAL_11_MATCHES_NOT_PRODUCTION_READY,True,False
MID,449373,Marouane Oujeddou,449471,Ayman Tarrazi,92.999573,6.322112,92.999573,4,medium_research_only,SAME_ROLE_ONLY;RESEARCH_ONLY;SAMPLE_TOO_SMALL_LOCAL_11_MATCHES_NOT_PRODUCTION_READY,True,False
MID,449373,Marouane Oujeddou,450709,Joseph Bakasu       ,93.532711,7.592633,93.532711,4,medium_research_only,SAME_ROLE_ONLY;RESEARCH_ONLY;SAMPLE_TOO_SMALL_LOCAL_11_MATCHES_NOT_PRODUCTION_READY,True,False
MID,449373,Marouane Oujeddou,460266,Youness Dahmani,81.549932,9.415483,81.549932,4,medium_research_only,SAME_ROLE_ONLY;RESEARCH_ONLY;SAMPLE_TOO_SMALL_LOCAL_11_MATCHES_NOT_PRODUCTION_READY,True,False
MID,449373,Marouane Oujeddou,477679,Redouane Oubidar,91.994499,9.303986,91.994499,4,medium_research_only,SAME_ROLE_ONLY;RESEARCH_ONLY;SAMPLE_TOO_SMALL_LOCAL_11_MATCHES_NOT_PRODUCTION_READY,True,False
MID,449373,Marouane Oujeddou,477680,Hamza Saoud,96.751811,11.525049,96.751811,4,medium_research_only,SAME_ROLE_ONLY;RESEARCH_ONLY;SAMPLE_TOO_SMALL_LOCAL_11_MATCHES_NOT_PRODUCTION_READY,True,False
MID,449373,Marouane Oujeddou,477682,Ayoub Benaadi,99.631407,3.046376,99.631407,4,medium_research_only,SAME_ROLE_ONLY;RESEARCH_ONLY;SAMPLE_TOO_SMALL_LOCAL_11_MATCHES_NOT_PRODUCTION_READY,True,False
MID,449373,Marouane Oujeddou,477688,Ayoub El Khaffi,93.901333,14.943865,93.901333,4,medium_research_only,SAME_ROLE_ONLY;RESEARCH_ONLY;SAMPLE_TOO_SMALL_LOCAL_11_MATCHES_NOT_PRODUCTION_READY,True,False
MID,449373,Marouane Oujeddou,523298,Mohamed Ahayaoui,96.501899,8.904172,96.501899,4,medium_research_only,SAME_ROLE_ONLY;RESEARCH_ONLY;SAMPLE_TOO_SMALL_LOCAL_11_MATCHES_NOT_PRODUCTION_READY,True,False
MID,449373,Marouane Oujeddou,523308,Adil Khalloufi,93.824336,9.309592,93.824336,4,medium_research_only,SAME_ROLE_ONLY;RESEARCH_ONLY;SAMPLE_TOO_SMALL_LOCAL_11_MATCHES_NOT_PRODUCTION_READY,True,False
MID,449373,Marouane Oujeddou,523312,Brahim Mansouri,98.155206,5.073066,98.155206,4,medium_research_only,SAME_ROLE_ONLY;RESEARCH_ONLY;SAMPLE_TOO_SMALL_LOCAL_11_MATCHES_NOT_PRODUCTION_READY,True,False
MID,449373,Marouane Oujeddou,523319,Omar Ouddah,92.226588,11.270961,92.226588,4,medium_research_only,SAME_ROLE_ONLY;RESEARCH_ONLY;SAMPLE_TOO_SMALL_LOCAL_11_MATCHES_NOT_PRODUCTION_READY,True,False
MID,449373,Marouane Oujeddou,523973,Hamza Rafa,93.580767,8.462069,93.580767,4,medium_research_only,SAME_ROLE_ONLY;RESEARCH_ONLY;SAMPLE_TOO_SMALL_LOCAL_11_MATCHES_NOT_PRODUCTION_READY,True,False
MID,449373,Marouane Oujeddou,523996,Fred Duval Ngoma,93.629309,8.485916,93.629309,4,medium_research_only,SAME_ROLE_ONLY;RESEARCH_ONLY;SAMPLE_TOO_SMALL_LOCAL_11_MATCHES_NOT_PRODUCTION_READY,True,False
MID,449373,Marouane Oujeddou,523997,Karim L'Koucha,94.901852,5.386973,94.901852,4,medium_research_only,SAME_ROLE_ONLY;RESEARCH_ONLY;SAMPLE_TOO_SMALL_LOCAL_11_MATCHES_NOT_PRODUCTION_READY,True,False
MID,449373,Marouane Oujeddou,523999,Zakaria Kessary,97.238898,7.369568,97.238898,4,medium_research_only,SAME_ROLE_ONLY;RESEARCH_ONLY;SAMPLE_TOO_SMALL_LOCAL_11_MATCHES_NOT_PRODUCTION_READY,True,False
MID,449373,Marouane Oujeddou,524000,Ahmed Aboulfath,88.359465,8.057309,88.359465,4,medium_research_only,SAME_ROLE_ONLY;RESEARCH_ONLY;SAMPLE_TOO_SMALL_LOCAL_11_MATCHES_NOT_PRODUCTION_READY,True,False
MID,449373,Marouane Oujeddou,524002,Salim Ghazzani,95.649649,13.500878,95.649649,4,medium_research_only,SAME_ROLE_ONLY;RESEARCH_ONLY;SAMPLE_TOO_SMALL_LOCAL_11_MATCHES_NOT_PRODUCTION_READY,True,False
MID,449373,Marouane Oujeddou,524003,Mohammed Es-Sahel,92.44228,7.379984,92.44228,4,medium_research_only,SAME_ROLE_ONLY;RESEARCH_ONLY;SAMPLE_TOO_SMALL_LOCAL_11_MATCHES_NOT_PRODUCTION_READY,True,False
MID,449373,Marouane Oujeddou,524511,Saad Nassik,94.671158,6.539906,94.671158,4,medium_research_only,SAME_ROLE_ONLY;RESEARCH_ONLY;SAMPLE_TOO_SMALL_LOCAL_11_MATCHES_NOT_PRODUCTION_READY,True,False
MID,449471,Ayman Tarrazi,450709,Joseph Bakasu       ,97.513696,5.466879,97.513696,4,medium_research_only,SAME_ROLE_ONLY;RESEARCH_ONLY;SAMPLE_TOO_SMALL_LOCAL_11_MATCHES_NOT_PRODUCTION_READY,True,False
MID,449471,Ayman Tarrazi,460266,Youness Dahmani,84.477867,8.632322,84.477867,4,medium_research_only,SAME_ROLE_ONLY;RESEARCH_ONLY;SAMPLE_TOO_SMALL_LOCAL_11_MATCHES_NOT_PRODUCTION_READY,True,False
MID,449471,Ayman Tarrazi,477679,Redouane Oubidar,98.790481,5.853413,98.790481,4,medium_research_only,SAME_ROLE_ONLY;RESEARCH_ONLY;SAMPLE_TOO_SMALL_LOCAL_11_MATCHES_NOT_PRODUCTION_READY,True,False
MID,449471,Ayman Tarrazi,477680,Hamza Saoud,95.126356,12.452004,95.126356,4,medium_research_only,SAME_ROLE_ONLY;RESEARCH_ONLY;SAMPLE_TOO_SMALL_LOCAL_11_MATCHES_NOT_PRODUCTION_READY,True,False
MID,449471,Ayman Tarrazi,477682,Ayoub Benaadi,91.596995,8.151727,91.596995,4,medium_research_only,SAME_ROLE_ONLY;RESEARCH_ONLY;SAMPLE_TOO_SMALL_LOCAL_11_MATCHES_NOT_PRODUCTION_READY,True,False
MID,449471,Ayman Tarrazi,477688,Ayoub El Khaffi,98.607801,13.233774,98.607801,4,medium_research_only,SAME_ROLE_ONLY;RESEARCH_ONLY;SAMPLE_TOO_SMALL_LOCAL_11_MATCHES_NOT_PRODUCTION_READY,True,False
MID,449471,Ayman Tarrazi,523298,Mohamed Ahayaoui,99.282739,7.615161,99.282739,4,medium_research_only,SAME_ROLE_ONLY;RESEARCH_ONLY;SAMPLE_TOO_SMALL_LOCAL_11_MATCHES_NOT_PRODUCTION_READY,True,False
MID,449471,Ayman Tarrazi,523308,Adil Khalloufi,99.880747,6.16584,99.880747,4,medium_research_only,SAME_ROLE_ONLY;RESEARCH_ONLY;SAMPLE_TOO_SMALL_LOCAL_11_MATCHES_NOT_PRODUCTION_READY,True,False
MID,449471,Ayman Tarrazi,523312,Brahim Mansouri,85.685504,10.903695,85.685504,4,medium_research_only,SAME_ROLE_ONLY;RESEARCH_ONLY;SAMPLE_TOO_SMALL_LOCAL_11_MATCHES_NOT_PRODUCTION_READY,True,False
MID,449471,Ayman Tarrazi,523319,Omar Ouddah,99.676034,7.849124,99.676034,4,medium_research_only,SAME_ROLE_ONLY;RESEARCH_ONLY;SAMPLE_TOO_SMALL_LOCAL_11_MATCHES_NOT_PRODUCTION_READY,True,False
MID,449471,Ayman Tarrazi,523973,Hamza Rafa,96.920422,6.862094,96.920422,4,medium_research_only,SAME_ROLE_ONLY;RESEARCH_ONLY;SAMPLE_TOO_SMALL_LOCAL_11_MATCHES_NOT_PRODUCTION_READY,True,False
MID,449471,Ayman Tarrazi,523996,Fred Duval Ngoma,97.518038,6.567321,97.518038,4,medium_research_only,SAME_ROLE_ONLY;RESEARCH_ONLY;SAMPLE_TOO_SMALL_LOCAL_11_MATCHES_NOT_PRODUCTION_READY,True,False
MID,449471,Ayman Tarrazi,523997,Karim L'Koucha,99.550822,2.297637,99.550822,4,medium_research_only,SAME_ROLE_ONLY;RESEARCH_ONLY;SAMPLE_TOO_SMALL_LOCAL_11_MATCHES_NOT_PRODUCTION_READY,True,False
MID,449471,Ayman Tarrazi,523999,Zakaria Kessary,96.057665,8.189475,96.057665,4,medium_research_only,SAME_ROLE_ONLY;RESEARCH_ONLY;SAMPLE_TOO_SMALL_LOCAL_11_MATCHES_NOT_PRODUCTION_READY,True,False
MID,449471,Ayman Tarrazi,524000,Ahmed Aboulfath,92.206421,6.495401,92.206421,4,medium_research_only,SAME_ROLE_ONLY;RESEARCH_ONLY;SAMPLE_TOO_SMALL_LOCAL_11_MATCHES_NOT_PRODUCTION_READY,True,False
MID,449471,Ayman Tarrazi,524002,Salim Ghazzani,88.33907,16.41831,88.33907,4,medium_research_only,SAME_ROLE_ONLY;RESEARCH_ONLY;SAMPLE_TOO_SMALL_LOCAL_11_MATCHES_NOT_PRODUCTION_READY,True,False
MID,449471,Ayman Tarrazi,524003,Mohammed Es-Sahel,99.638994,2.66469,99.638994,4,medium_research_only,SAME_ROLE_ONLY;RESEARCH_ONLY;SAMPLE_TOO_SMALL_LOCAL_11_MATCHES_NOT_PRODUCTION_READY,True,False
MID,449471,Ayman Tarrazi,524511,Saad Nassik,98.779533,3.92631,98.779533,4,medium_research_only,SAME_ROLE_ONLY;RESEARCH_ONLY;SAMPLE_TOO_SMALL_LOCAL_11_MATCHES_NOT_PRODUCTION_READY,True,False
MID,450709,Joseph Bakasu       ,460266,Youness Dahmani,72.642835,13.593806,72.642835,4,medium_research_only,SAME_ROLE_ONLY;RESEARCH_ONLY;SAMPLE_TOO_SMALL_LOCAL_11_MATCHES_NOT_PRODUCTION_READY,True,False
MID,450709,Joseph Bakasu       ,477679,Redouane Oubidar,93.478521,8.299268,93.478521,4,medium_research_only,SAME_ROLE_ONLY;RESEARCH_ONLY;SAMPLE_TOO_SMALL_LOCAL_11_MATCHES_NOT_PRODUCTION_READY,True,False
MID,450709,Joseph Bakasu       ,477680,Hamza Saoud,98.774434,7.879641,98.774434,4,medium_research_only,SAME_ROLE_ONLY;RESEARCH_ONLY;SAMPLE_TOO_SMALL_LOCAL_11_MATCHES_NOT_PRODUCTION_READY,True,False
MID,450709,Joseph Bakasu       ,477682,Ayoub Benaadi,92.377049,8.278609,92.377049,4,medium_research_only,SAME_ROLE_ONLY;RESEARCH_ONLY;SAMPLE_TOO_SMALL_LOCAL_11_MATCHES_NOT_PRODUCTION_READY,True,False
MID,450709,Joseph Bakasu       ,477688,Ayoub El Khaffi,99.835826,9.279264,99.835826,4,medium_research_only,SAME_ROLE_ONLY;RESEARCH_ONLY;SAMPLE_TOO_SMALL_LOCAL_11_MATCHES_NOT_PRODUCTION_READY,True,False
MID,450709,Joseph Bakasu       ,523298,Mohamed Ahayaoui,97.784629,6.277814,97.784629,4,medium_research_only,SAME_ROLE_ONLY;RESEARCH_ONLY;SAMPLE_TOO_SMALL_LOCAL_11_MATCHES_NOT_PRODUCTION_READY,True,False
MID,450709,Joseph Bakasu       ,523308,Adil Khalloufi,97.119948,6.181901,97.119948,4,medium_research_only,SAME_ROLE_ONLY;RESEARCH_ONLY;SAMPLE_TOO_SMALL_LOCAL_11_MATCHES_NOT_PRODUCTION_READY,True,False
MID,450709,Joseph Bakasu       ,523312,Brahim Mansouri,86.317591,11.389359,86.317591,4,medium_research_only,SAME_ROLE_ONLY;RESEARCH_ONLY;SAMPLE_TOO_SMALL_LOCAL_11_MATCHES_NOT_PRODUCTION_READY,True,False
MID,450709,Joseph Bakasu       ,523319,Omar Ouddah,96.266593,7.861718,96.266593,4,medium_research_only,SAME_ROLE_ONLY;RESEARCH_ONLY;SAMPLE_TOO_SMALL_LOCAL_11_MATCHES_NOT_PRODUCTION_READY,True,False
MID,450709,Joseph Bakasu       ,523973,Hamza Rafa,99.944012,1.529342,99.944012,4,medium_research_only,SAME_ROLE_ONLY;RESEARCH_ONLY;SAMPLE_TOO_SMALL_LOCAL_11_MATCHES_NOT_PRODUCTION_READY,True,False
MID,450709,Joseph Bakasu       ,523996,Fred Duval Ngoma,99.996864,1.408269,99.996864,4,medium_research_only,SAME_ROLE_ONLY;RESEARCH_ONLY;SAMPLE_TOO_SMALL_LOCAL_11_MATCHES_NOT_PRODUCTION_READY,True,False
MID,450709,Joseph Bakasu       ,523997,Karim L'Koucha,98.975088,5.811771,98.975088,4,medium_research_only,SAME_ROLE_ONLY;RESEARCH_ONLY;SAMPLE_TOO_SMALL_LOCAL_11_MATCHES_NOT_PRODUCTION_READY,True,False
MID,450709,Joseph Bakasu       ,523999,Zakaria Kessary,98.289361,4.910012,98.289361,4,medium_research_only,SAME_ROLE_ONLY;RESEARCH_ONLY;SAMPLE_TOO_SMALL_LOCAL_11_MATCHES_NOT_PRODUCTION_READY,True,False
MID,450709,Joseph Bakasu       ,524000,Ahmed Aboulfath,86.335582,10.48039,86.335582,4,medium_research_only,SAME_ROLE_ONLY;RESEARCH_ONLY;SAMPLE_TOO_SMALL_LOCAL_11_MATCHES_NOT_PRODUCTION_READY,True,False
MID,450709,Joseph Bakasu       ,524002,Salim Ghazzani,84.638343,17.059136,84.638343,4,medium_research_only,SAME_ROLE_ONLY;RESEARCH_ONLY;SAMPLE_TOO_SMALL_LOCAL_11_MATCHES_NOT_PRODUCTION_READY,True,False
MID,450709,Joseph Bakasu       ,524003,Mohammed Es-Sahel,96.33466,5.732569,96.33466,4,medium_research_only,SAME_ROLE_ONLY;RESEARCH_ONLY;SAMPLE_TOO_SMALL_LOCAL_11_MATCHES_NOT_PRODUCTION_READY,True,False
MID,450709,Joseph Bakasu       ,524511,Saad Nassik,99.700363,1.811658,99.700363,4,medium_research_only,SAME_ROLE_ONLY;RESEARCH_ONLY;SAMPLE_TOO_SMALL_LOCAL_11_MATCHES_NOT_PRODUCTION_READY,True,False
MID,460266,Youness Dahmani,477679,Redouane Oubidar,91.061187,11.821889,91.061187,4,medium_research_only,SAME_ROLE_ONLY;RESEARCH_ONLY;SAMPLE_TOO_SMALL_LOCAL_11_MATCHES_NOT_PRODUCTION_READY,True,False
MID,460266,Youness Dahmani,477680,Hamza Saoud,72.091097,19.953686,72.091097,4,medium_research_only,SAME_ROLE_ONLY;RESEARCH_ONLY;SAMPLE_TOO_SMALL_LOCAL_11_MATCHES_NOT_PRODUCTION_READY,True,False
MID,460266,Youness Dahmani,477682,Ayoub Benaadi,80.279264,11.860055,80.279264,4,medium_research_only,SAME_ROLE_ONLY;RESEARCH_ONLY;SAMPLE_TOO_SMALL_LOCAL_11_MATCHES_NOT_PRODUCTION_READY,True,False
MID,460266,Youness Dahmani,477688,Ayoub El Khaffi,75.933177,21.661553,75.933177,4,medium_research_only,SAME_ROLE_ONLY;RESEARCH_ONLY;SAMPLE_TOO_SMALL_LOCAL_11_MATCHES_NOT_PRODUCTION_READY,True,False
MID,460266,Youness Dahmani,523298,Mohamed Ahayaoui,84.498541,15.094645,84.498541,4,medium_research_only,SAME_ROLE_ONLY;RESEARCH_ONLY;SAMPLE_TOO_SMALL_LOCAL_11_MATCHES_NOT_PRODUCTION_READY,True,False
MID,460266,Youness Dahmani,523308,Adil Khalloufi,85.502451,13.886473,85.502451,4,medium_research_only,SAME_ROLE_ONLY;RESEARCH_ONLY;SAMPLE_TOO_SMALL_LOCAL_11_MATCHES_NOT_PRODUCTION_READY,True,False
MID,460266,Youness Dahmani,523312,Brahim Mansouri,80.484692,12.601169,80.484692,4,medium_research_only,SAME_ROLE_ONLY;RESEARCH_ONLY;SAMPLE_TOO_SMALL_LOCAL_11_MATCHES_NOT_PRODUCTION_READY,True,False
MID,460266,Youness Dahmani,523319,Omar Ouddah,86.579998,15.187152,86.579998,4,medium_research_only,SAME_ROLE_ONLY;RESEARCH_ONLY;SAMPLE_TOO_SMALL_LOCAL_11_MATCHES_NOT_PRODUCTION_READY,True,False
MID,460266,Youness Dahmani,523973,Hamza Rafa,71.245034,15.008933,71.245034,4,medium_research_only,SAME_ROLE_ONLY;RESEARCH_ONLY;SAMPLE_TOO_SMALL_LOCAL_11_MATCHES_NOT_PRODUCTION_READY,True,False
MID,460266,Youness Dahmani,523996,Fred Duval Ngoma,72.685722,14.850728,72.685722,4,medium_research_only,SAME_ROLE_ONLY;RESEARCH_ONLY;SAMPLE_TOO_SMALL_LOCAL_11_MATCHES_NOT_PRODUCTION_READY,True,False
MID,460266,Youness Dahmani,523997,Karim L'Koucha,81.114853,7.848735,81.114853,4,medium_research_only,SAME_ROLE_ONLY;RESEARCH_ONLY;SAMPLE_TOO_SMALL_LOCAL_11_MATCHES_NOT_PRODUCTION_READY,True,False
MID,460266,Youness Dahmani,523999,Zakaria Kessary,75.114996,15.388214,75.114996,4,medium_research_only,SAME_ROLE_ONLY;RESEARCH_ONLY;SAMPLE_TOO_SMALL_LOCAL_11_MATCHES_NOT_PRODUCTION_READY,True,False
MID,460266,Youness Dahmani,524000,Ahmed Aboulfath,88.03396,7.685429,88.03396,4,medium_research_only,SAME_ROLE_ONLY;RESEARCH_ONLY;SAMPLE_TOO_SMALL_LOCAL_11_MATCHES_NOT_PRODUCTION_READY,True,False
MID,460266,Youness Dahmani,524002,Salim Ghazzani,88.029474,18.955845,88.029474,4,medium_research_only,SAME_ROLE_ONLY;RESEARCH_ONLY;SAMPLE_TOO_SMALL_LOCAL_11_MATCHES_NOT_PRODUCTION_READY,True,False
MID,460266,Youness Dahmani,524003,Mohammed Es-Sahel,86.500786,10.119515,86.500786,4,medium_research_only,SAME_ROLE_ONLY;RESEARCH_ONLY;SAMPLE_TOO_SMALL_LOCAL_11_MATCHES_NOT_PRODUCTION_READY,True,False
MID,460266,Youness Dahmani,524511,Saad Nassik,77.315866,12.147941,77.315866,4,medium_research_only,SAME_ROLE_ONLY;RESEARCH_ONLY;SAMPLE_TOO_SMALL_LOCAL_11_MATCHES_NOT_PRODUCTION_READY,True,False
MID,477679,Redouane Oubidar,477680,Hamza Saoud,91.488518,12.371752,91.488518,4,medium_research_only,SAME_ROLE_ONLY;RESEARCH_ONLY;SAMPLE_TOO_SMALL_LOCAL_11_MATCHES_NOT_PRODUCTION_READY,True,False
MID,477679,Redouane Oubidar,477682,Ayoub Benaadi,90.089986,10.086291,90.089986,4,medium_research_only,SAME_ROLE_ONLY;RESEARCH_ONLY;SAMPLE_TOO_SMALL_LOCAL_11_MATCHES_NOT_PRODUCTION_READY,True,False
MID,477679,Redouane Oubidar,477688,Ayoub El Khaffi,95.229269,11.678473,95.229269,4,medium_research_only,SAME_ROLE_ONLY;RESEARCH_ONLY;SAMPLE_TOO_SMALL_LOCAL_11_MATCHES_NOT_PRODUCTION_READY,True,False
MID,477679,Redouane Oubidar,523298,Mohamed Ahayaoui,98.258648,5.196866,98.258648,4,medium_research_only,SAME_ROLE_ONLY;RESEARCH_ONLY;SAMPLE_TOO_SMALL_LOCAL_11_MATCHES_NOT_PRODUCTION_READY,True,False
MID,477679,Redouane Oubidar,523308,Adil Khalloufi,98.761815,4.006893,98.761815,4,medium_research_only,SAME_ROLE_ONLY;RESEARCH_ONLY;SAMPLE_TOO_SMALL_LOCAL_11_MATCHES_NOT_PRODUCTION_READY,True,False
MID,477679,Redouane Oubidar,523312,Brahim Mansouri,86.249221,12.025159,86.249221,4,medium_research_only,SAME_ROLE_ONLY;RESEARCH_ONLY;SAMPLE_TOO_SMALL_LOCAL_11_MATCHES_NOT_PRODUCTION_READY,True,False
MID,477679,Redouane Oubidar,523319,Omar Ouddah,99.490249,3.722013,99.490249,4,medium_research_only,SAME_ROLE_ONLY;RESEARCH_ONLY;SAMPLE_TOO_SMALL_LOCAL_11_MATCHES_NOT_PRODUCTION_READY,True,False
MID,477679,Redouane Oubidar,523973,Hamza Rafa,92.495211,9.131601,92.495211,4,medium_research_only,SAME_ROLE_ONLY;RESEARCH_ONLY;SAMPLE_TOO_SMALL_LOCAL_11_MATCHES_NOT_PRODUCTION_READY,True,False
MID,477679,Redouane Oubidar,523996,Fred Duval Ngoma,93.451542,8.545931,93.451542,4,medium_research_only,SAME_ROLE_ONLY;RESEARCH_ONLY;SAMPLE_TOO_SMALL_LOCAL_11_MATCHES_NOT_PRODUCTION_READY,True,False
MID,477679,Redouane Oubidar,523997,Karim L'Koucha,97.507447,7.890774,97.507447,4,medium_research_only,SAME_ROLE_ONLY;RESEARCH_ONLY;SAMPLE_TOO_SMALL_LOCAL_11_MATCHES_NOT_PRODUCTION_READY,True,False
MID,477679,Redouane Oubidar,523999,Zakaria Kessary,92.28608,9.58814,92.28608,4,medium_research_only,SAME_ROLE_ONLY;RESEARCH_ONLY;SAMPLE_TOO_SMALL_LOCAL_11_MATCHES_NOT_PRODUCTION_READY,True,False
MID,477679,Redouane Oubidar,524000,Ahmed Aboulfath,91.911295,9.490665,91.911295,4,medium_research_only,SAME_ROLE_ONLY;RESEARCH_ONLY;SAMPLE_TOO_SMALL_LOCAL_11_MATCHES_NOT_PRODUCTION_READY,True,False
MID,477679,Redouane Oubidar,524002,Salim Ghazzani,89.109768,14.806401,89.109768,4,medium_research_only,SAME_ROLE_ONLY;RESEARCH_ONLY;SAMPLE_TOO_SMALL_LOCAL_11_MATCHES_NOT_PRODUCTION_READY,True,False
MID,477679,Redouane Oubidar,524003,Mohammed Es-Sahel,99.469294,3.575832,99.469294,4,medium_research_only,SAME_ROLE_ONLY;RESEARCH_ONLY;SAMPLE_TOO_SMALL_LOCAL_11_MATCHES_NOT_PRODUCTION_READY,True,False
MID,477679,Redouane Oubidar,524511,Saad Nassik,95.855967,6.739411,95.855967,4,medium_research_only,SAME_ROLE_ONLY;RESEARCH_ONLY;SAMPLE_TOO_SMALL_LOCAL_11_MATCHES_NOT_PRODUCTION_READY,True,False
MID,477680,Hamza Saoud,477682,Ayoub Benaadi,95.641518,10.489203,95.641518,4,medium_research_only,SAME_ROLE_ONLY;RESEARCH_ONLY;SAMPLE_TOO_SMALL_LOCAL_11_MATCHES_NOT_PRODUCTION_READY,True,False
MID,477680,Hamza Saoud,477688,Ayoub El Khaffi,98.304895,6.488936,98.304895,4,medium_research_only,SAME_ROLE_ONLY;RESEARCH_ONLY;SAMPLE_TOO_SMALL_LOCAL_11_MATCHES_NOT_PRODUCTION_READY,True,False
MID,477680,Hamza Saoud,523298,Mohamed Ahayaoui,97.253143,7.422271,97.253143,4,medium_research_only,SAME_ROLE_ONLY;RESEARCH_ONLY;SAMPLE_TOO_SMALL_LOCAL_11_MATCHES_NOT_PRODUCTION_READY,True,False
MID,477680,Hamza Saoud,523308,Adil Khalloufi,94.961858,9.815437,94.961858,4,medium_research_only,SAME_ROLE_ONLY;RESEARCH_ONLY;SAMPLE_TOO_SMALL_LOCAL_11_MATCHES_NOT_PRODUCTION_READY,True,False
MID,477680,Hamza Saoud,523312,Brahim Mansouri,92.093401,12.244345,92.093401,4,medium_research_only,SAME_ROLE_ONLY;RESEARCH_ONLY;SAMPLE_TOO_SMALL_LOCAL_11_MATCHES_NOT_PRODUCTION_READY,True,False
MID,477680,Hamza Saoud,523319,Omar Ouddah,94.0082,10.444094,94.0082,4,medium_research_only,SAME_ROLE_ONLY;RESEARCH_ONLY;SAMPLE_TOO_SMALL_LOCAL_11_MATCHES_NOT_PRODUCTION_READY,True,False
MID,477680,Hamza Saoud,523973,Hamza Rafa,98.873892,6.771674,98.873892,4,medium_research_only,SAME_ROLE_ONLY;RESEARCH_ONLY;SAMPLE_TOO_SMALL_LOCAL_11_MATCHES_NOT_PRODUCTION_READY,True,False
MID,477680,Hamza Saoud,523996,Fred Duval Ngoma,98.77575,6.83025,98.77575,4,medium_research_only,SAME_ROLE_ONLY;RESEARCH_ONLY;SAMPLE_TOO_SMALL_LOCAL_11_MATCHES_NOT_PRODUCTION_READY,True,False
MID,477680,Hamza Saoud,523997,Karim L'Koucha,97.592899,12.85481,97.592899,4,medium_research_only,SAME_ROLE_ONLY;RESEARCH_ONLY;SAMPLE_TOO_SMALL_LOCAL_11_MATCHES_NOT_PRODUCTION_READY,True,False
MID,477680,Hamza Saoud,523999,Zakaria Kessary,98.687967,6.279389,98.687967,4,medium_research_only,SAME_ROLE_ONLY;RESEARCH_ONLY;SAMPLE_TOO_SMALL_LOCAL_11_MATCHES_NOT_PRODUCTION_READY,True,False
MID,477680,Hamza Saoud,524000,Ahmed Aboulfath,83.774894,16.575983,83.774894,4,medium_research_only,SAME_ROLE_ONLY;RESEARCH_ONLY;SAMPLE_TOO_SMALL_LOCAL_11_MATCHES_NOT_PRODUCTION_READY,True,False
MID,477680,Hamza Saoud,524002,Salim Ghazzani,87.10854,16.443466,87.10854,4,medium_research_only,SAME_ROLE_ONLY;RESEARCH_ONLY;SAMPLE_TOO_SMALL_LOCAL_11_MATCHES_NOT_PRODUCTION_READY,True,False
MID,477680,Hamza Saoud,524003,Mohammed Es-Sahel,94.211415,11.656794,94.211415,4,medium_research_only,SAME_ROLE_ONLY;RESEARCH_ONLY;SAMPLE_TOO_SMALL_LOCAL_11_MATCHES_NOT_PRODUCTION_READY,True,False
MID,477680,Hamza Saoud,524511,Saad Nassik,98.532152,8.705047,98.532152,4,medium_research_only,SAME_ROLE_ONLY;RESEARCH_ONLY;SAMPLE_TOO_SMALL_LOCAL_11_MATCHES_NOT_PRODUCTION_READY,True,False
MID,477682,Ayoub Benaadi,477688,Ayoub El Khaffi,92.732417,14.090805,92.732417,4,medium_research_only,SAME_ROLE_ONLY;RESEARCH_ONLY;SAMPLE_TOO_SMALL_LOCAL_11_MATCHES_NOT_PRODUCTION_READY,True,False
MID,477682,Ayoub Benaadi,523298,Mohamed Ahayaoui,95.108394,8.533819,95.108394,4,medium_research_only,SAME_ROLE_ONLY;RESEARCH_ONLY;SAMPLE_TOO_SMALL_LOCAL_11_MATCHES_NOT_PRODUCTION_READY,True,False
MID,477682,Ayoub Benaadi,523308,Adil Khalloufi,92.762932,9.275997,92.762932,4,medium_research_only,SAME_ROLE_ONLY;RESEARCH_ONLY;SAMPLE_TOO_SMALL_LOCAL_11_MATCHES_NOT_PRODUCTION_READY,True,False
MID,477682,Ayoub Benaadi,523312,Brahim Mansouri,97.567511,4.787954,97.567511,4,medium_research_only,SAME_ROLE_ONLY;RESEARCH_ONLY;SAMPLE_TOO_SMALL_LOCAL_11_MATCHES_NOT_PRODUCTION_READY,True,False
MID,477682,Ayoub Benaadi,523319,Omar Ouddah,90.253722,11.570243,90.253722,4,medium_research_only,SAME_ROLE_ONLY;RESEARCH_ONLY;SAMPLE_TOO_SMALL_LOCAL_11_MATCHES_NOT_PRODUCTION_READY,True,False
MID,477682,Ayoub Benaadi,523973,Hamza Rafa,92.648458,8.66925,92.648458,4,medium_research_only,SAME_ROLE_ONLY;RESEARCH_ONLY;SAMPLE_TOO_SMALL_LOCAL_11_MATCHES_NOT_PRODUCTION_READY,True,False
MID,477682,Ayoub Benaadi,523996,Fred Duval Ngoma,92.538697,8.76151,92.538697,4,medium_research_only,SAME_ROLE_ONLY;RESEARCH_ONLY;SAMPLE_TOO_SMALL_LOCAL_11_MATCHES_NOT_PRODUCTION_READY,True,False
MID,477682,Ayoub Benaadi,523997,Karim L'Koucha,93.536288,7.730001,93.536288,4,medium_research_only,SAME_ROLE_ONLY;RESEARCH_ONLY;SAMPLE_TOO_SMALL_LOCAL_11_MATCHES_NOT_PRODUCTION_READY,True,False
MID,477682,Ayoub Benaadi,523999,Zakaria Kessary,97.271673,6.084932,97.271673,4,medium_research_only,SAME_ROLE_ONLY;RESEARCH_ONLY;SAMPLE_TOO_SMALL_LOCAL_11_MATCHES_NOT_PRODUCTION_READY,True,False
MID,477682,Ayoub Benaadi,524000,Ahmed Aboulfath,89.834714,8.869846,89.834714,4,medium_research_only,SAME_ROLE_ONLY;RESEARCH_ONLY;SAMPLE_TOO_SMALL_LOCAL_11_MATCHES_NOT_PRODUCTION_READY,True,False
MID,477682,Ayoub Benaadi,524002,Salim Ghazzani,96.941478,11.053817,96.941478,4,medium_research_only,SAME_ROLE_ONLY;RESEARCH_ONLY;SAMPLE_TOO_SMALL_LOCAL_11_MATCHES_NOT_PRODUCTION_READY,True,False
MID,477682,Ayoub Benaadi,524003,Mohammed Es-Sahel,90.426426,8.882839,90.426426,4,medium_research_only,SAME_ROLE_ONLY;RESEARCH_ONLY;SAMPLE_TOO_SMALL_LOCAL_11_MATCHES_NOT_PRODUCTION_READY,True,False
MID,477682,Ayoub Benaadi,524511,Saad Nassik,93.33128,7.522035,93.33128,4,medium_research_only,SAME_ROLE_ONLY;RESEARCH_ONLY;SAMPLE_TOO_SMALL_LOCAL_11_MATCHES_NOT_PRODUCTION_READY,True,False
MID,477688,Ayoub El Khaffi,523298,Mohamed Ahayaoui,98.631006,7.405409,98.631006,4,medium_research_only,SAME_ROLE_ONLY;RESEARCH_ONLY;SAMPLE_TOO_SMALL_LOCAL_11_MATCHES_NOT_PRODUCTION_READY,True,False
MID,477688,Ayoub El Khaffi,523308,Adil Khalloufi,98.313651,8.487818,98.313651,4,medium_research_only,SAME_ROLE_ONLY;RESEARCH_ONLY;SAMPLE_TOO_SMALL_LOCAL_11_MATCHES_NOT_PRODUCTION_READY,True,False
MID,477688,Ayoub El Khaffi,523312,Brahim Mansouri,86.566847,16.795236,86.566847,4,medium_research_only,SAME_ROLE_ONLY;RESEARCH_ONLY;SAMPLE_TOO_SMALL_LOCAL_11_MATCHES_NOT_PRODUCTION_READY,True,False
MID,477688,Ayoub El Khaffi,523319,Omar Ouddah,97.539794,8.439642,97.539794,4,medium_research_only,SAME_ROLE_ONLY;RESEARCH_ONLY;SAMPLE_TOO_SMALL_LOCAL_11_MATCHES_NOT_PRODUCTION_READY,True,False
MID,477688,Ayoub El Khaffi,523973,Hamza Rafa,99.657684,8.161799,99.657684,4,medium_research_only,SAME_ROLE_ONLY;RESEARCH_ONLY;SAMPLE_TOO_SMALL_LOCAL_11_MATCHES_NOT_PRODUCTION_READY,True,False
MID,477688,Ayoub El Khaffi,523996,Fred Duval Ngoma,99.840465,7.915179,99.840465,4,medium_research_only,SAME_ROLE_ONLY;RESEARCH_ONLY;SAMPLE_TOO_SMALL_LOCAL_11_MATCHES_NOT_PRODUCTION_READY,True,False
MID,477688,Ayoub El Khaffi,523997,Karim L'Koucha,99.589638,14.531698,99.589638,4,medium_research_only,SAME_ROLE_ONLY;RESEARCH_ONLY;SAMPLE_TOO_SMALL_LOCAL_11_MATCHES_NOT_PRODUCTION_READY,True,False
MID,477688,Ayoub El Khaffi,523999,Zakaria Kessary,98.286656,8.668478,98.286656,4,medium_research_only,SAME_ROLE_ONLY;RESEARCH_ONLY;SAMPLE_TOO_SMALL_LOCAL_11_MATCHES_NOT_PRODUCTION_READY,True,False
MID,477688,Ayoub El Khaffi,524000,Ahmed Aboulfath,88.44684,17.216274,88.44684,4,medium_research_only,SAME_ROLE_ONLY;RESEARCH_ONLY;SAMPLE_TOO_SMALL_LOCAL_11_MATCHES_NOT_PRODUCTION_READY,True,False
MID,477688,Ayoub El Khaffi,524002,Salim Ghazzani,86.164795,17.868285,86.164795,4,medium_research_only,SAME_ROLE_ONLY;RESEARCH_ONLY;SAMPLE_TOO_SMALL_LOCAL_11_MATCHES_NOT_PRODUCTION_READY,True,False
MID,477688,Ayoub El Khaffi,524003,Mohammed Es-Sahel,97.577731,11.915565,97.577731,4,medium_research_only,SAME_ROLE_ONLY;RESEARCH_ONLY;SAMPLE_TOO_SMALL_LOCAL_11_MATCHES_NOT_PRODUCTION_READY,True,False
MID,477688,Ayoub El Khaffi,524511,Saad Nassik,99.930882,9.997148,99.930882,4,medium_research_only,SAME_ROLE_ONLY;RESEARCH_ONLY;SAMPLE_TOO_SMALL_LOCAL_11_MATCHES_NOT_PRODUCTION_READY,True,False
MID,523298,Mohamed Ahayaoui,523308,Adil Khalloufi,99.327253,3.212451,99.327253,4,medium_research_only,SAME_ROLE_ONLY;RESEARCH_ONLY;SAMPLE_TOO_SMALL_LOCAL_11_MATCHES_NOT_PRODUCTION_READY,True,False
MID,523298,Mohamed Ahayaoui,523312,Brahim Mansouri,90.97359,10.866592,90.97359,4,medium_research_only,SAME_ROLE_ONLY;RESEARCH_ONLY;SAMPLE_TOO_SMALL_LOCAL_11_MATCHES_NOT_PRODUCTION_READY,True,False
MID,523298,Mohamed Ahayaoui,523319,Omar Ouddah,99.020478,3.829498,99.020478,4,medium_research_only,SAME_ROLE_ONLY;RESEARCH_ONLY;SAMPLE_TOO_SMALL_LOCAL_11_MATCHES_NOT_PRODUCTION_READY,True,False
MID,523298,Mohamed Ahayaoui,523973,Hamza Rafa,97.313261,6.281474,97.313261,4,medium_research_only,SAME_ROLE_ONLY;RESEARCH_ONLY;SAMPLE_TOO_SMALL_LOCAL_11_MATCHES_NOT_PRODUCTION_READY,True,False
MID,523298,Mohamed Ahayaoui,523996,Fred Duval Ngoma,97.792228,5.765147,97.792228,4,medium_research_only,SAME_ROLE_ONLY;RESEARCH_ONLY;SAMPLE_TOO_SMALL_LOCAL_11_MATCHES_NOT_PRODUCTION_READY,True,False
MID,523298,Mohamed Ahayaoui,523997,Karim L'Koucha,99.652863,9.106357,99.652863,4,medium_research_only,SAME_ROLE_ONLY;RESEARCH_ONLY;SAMPLE_TOO_SMALL_LOCAL_11_MATCHES_NOT_PRODUCTION_READY,True,False
MID,523298,Mohamed Ahayaoui,523999,Zakaria Kessary,97.528428,5.90022,97.528428,4,medium_research_only,SAME_ROLE_ONLY;RESEARCH_ONLY;SAMPLE_TOO_SMALL_LOCAL_11_MATCHES_NOT_PRODUCTION_READY,True,False
MID,523298,Mohamed Ahayaoui,524000,Ahmed Aboulfath,91.062832,11.571772,91.062832,4,medium_research_only,SAME_ROLE_ONLY;RESEARCH_ONLY;SAMPLE_TOO_SMALL_LOCAL_11_MATCHES_NOT_PRODUCTION_READY,True,False
MID,523298,Mohamed Ahayaoui,524002,Salim Ghazzani,91.022353,13.501777,91.022353,4,medium_research_only,SAME_ROLE_ONLY;RESEARCH_ONLY;SAMPLE_TOO_SMALL_LOCAL_11_MATCHES_NOT_PRODUCTION_READY,True,False
MID,523298,Mohamed Ahayaoui,524003,Mohammed Es-Sahel,99.089331,5.89198,99.089331,4,medium_research_only,SAME_ROLE_ONLY;RESEARCH_ONLY;SAMPLE_TOO_SMALL_LOCAL_11_MATCHES_NOT_PRODUCTION_READY,True,False
MID,523298,Mohamed Ahayaoui,524511,Saad Nassik,99.07463,5.525293,99.07463,4,medium_research_only,SAME_ROLE_ONLY;RESEARCH_ONLY;SAMPLE_TOO_SMALL_LOCAL_11_MATCHES_NOT_PRODUCTION_READY,True,False
MID,523308,Adil Khalloufi,523312,Brahim Mansouri,86.666252,12.38619,86.666252,4,medium_research_only,SAME_ROLE_ONLY;RESEARCH_ONLY;SAMPLE_TOO_SMALL_LOCAL_11_MATCHES_NOT_PRODUCTION_READY,True,False
MID,523308,Adil Khalloufi,523319,Omar Ouddah,99.377445,3.335042,99.377445,4,medium_research_only,SAME_ROLE_ONLY;RESEARCH_ONLY;SAMPLE_TOO_SMALL_LOCAL_11_MATCHES_NOT_PRODUCTION_READY,True,False
MID,523308,Adil Khalloufi,523973,Hamza Rafa,96.598538,6.476006,96.598538,4,medium_research_only,SAME_ROLE_ONLY;RESEARCH_ONLY;SAMPLE_TOO_SMALL_LOCAL_11_MATCHES_NOT_PRODUCTION_READY,True,False
MID,523308,Adil Khalloufi,523996,Fred Duval Ngoma,97.159414,5.938374,97.159414,4,medium_research_only,SAME_ROLE_ONLY;RESEARCH_ONLY;SAMPLE_TOO_SMALL_LOCAL_11_MATCHES_NOT_PRODUCTION_READY,True,False
MID,523308,Adil Khalloufi,523997,Karim L'Koucha,99.386449,8.136387,99.386449,4,medium_research_only,SAME_ROLE_ONLY;RESEARCH_ONLY;SAMPLE_TOO_SMALL_LOCAL_11_MATCHES_NOT_PRODUCTION_READY,True,False
MID,523308,Adil Khalloufi,523999,Zakaria Kessary,96.527051,6.619097,96.527051,4,medium_research_only,SAME_ROLE_ONLY;RESEARCH_ONLY;SAMPLE_TOO_SMALL_LOCAL_11_MATCHES_NOT_PRODUCTION_READY,True,False
MID,523308,Adil Khalloufi,524000,Ahmed Aboulfath,93.807688,9.574057,93.807688,4,medium_research_only,SAME_ROLE_ONLY;RESEARCH_ONLY;SAMPLE_TOO_SMALL_LOCAL_11_MATCHES_NOT_PRODUCTION_READY,True,False
MID,523308,Adil Khalloufi,524002,Salim Ghazzani,90.305648,14.017296,90.305648,4,medium_research_only,SAME_ROLE_ONLY;RESEARCH_ONLY;SAMPLE_TOO_SMALL_LOCAL_11_MATCHES_NOT_PRODUCTION_READY,True,False
MID,523308,Adil Khalloufi,524003,Mohammed Es-Sahel,99.3264,4.690444,99.3264,4,medium_research_only,SAME_ROLE_ONLY;RESEARCH_ONLY;SAMPLE_TOO_SMALL_LOCAL_11_MATCHES_NOT_PRODUCTION_READY,True,False
MID,523308,Adil Khalloufi,524511,Saad Nassik,98.486914,5.224434,98.486914,4,medium_research_only,SAME_ROLE_ONLY;RESEARCH_ONLY;SAMPLE_TOO_SMALL_LOCAL_11_MATCHES_NOT_PRODUCTION_READY,True,False
MID,523312,Brahim Mansouri,523319,Omar Ouddah,85.621909,13.743118,85.621909,4,medium_research_only,SAME_ROLE_ONLY;RESEARCH_ONLY;SAMPLE_TOO_SMALL_LOCAL_11_MATCHES_NOT_PRODUCTION_READY,True,False
MID,523312,Brahim Mansouri,523973,Hamza Rafa,86.347974,11.904956,86.347974,4,medium_research_only,SAME_ROLE_ONLY;RESEARCH_ONLY;SAMPLE_TOO_SMALL_LOCAL_11_MATCHES_NOT_PRODUCTION_READY,True,False
MID,523312,Brahim Mansouri,523996,Fred Duval Ngoma,86.387264,11.917108,86.387264,4,medium_research_only,SAME_ROLE_ONLY;RESEARCH_ONLY;SAMPLE_TOO_SMALL_LOCAL_11_MATCHES_NOT_PRODUCTION_READY,True,False
MID,523312,Brahim Mansouri,523997,Karim L'Koucha,88.183743,10.201655,88.183743,4,medium_research_only,SAME_ROLE_ONLY;RESEARCH_ONLY;SAMPLE_TOO_SMALL_LOCAL_11_MATCHES_NOT_PRODUCTION_READY,True,False
MID,523312,Brahim Mansouri,523999,Zakaria Kessary,91.383459,9.941976,91.383459,4,medium_research_only,SAME_ROLE_ONLY;RESEARCH_ONLY;SAMPLE_TOO_SMALL_LOCAL_11_MATCHES_NOT_PRODUCTION_READY,True,False
MID,523312,Brahim Mansouri,524000,Ahmed Aboulfath,81.250728,12.253436,81.250728,4,medium_research_only,SAME_ROLE_ONLY;RESEARCH_ONLY;SAMPLE_TOO_SMALL_LOCAL_11_MATCHES_NOT_PRODUCTION_READY,True,False
MID,523312,Brahim Mansouri,524002,Salim Ghazzani,93.858394,12.458297,93.858394,4,medium_research_only,SAME_ROLE_ONLY;RESEARCH_ONLY;SAMPLE_TOO_SMALL_LOCAL_11_MATCHES_NOT_PRODUCTION_READY,True,False
MID,523312,Brahim Mansouri,524003,Mohammed Es-Sahel,85.979232,11.138812,85.979232,4,medium_research_only,SAME_ROLE_ONLY;RESEARCH_ONLY;SAMPLE_TOO_SMALL_LOCAL_11_MATCHES_NOT_PRODUCTION_READY,True,False
MID,523312,Brahim Mansouri,524511,Saad Nassik,87.866919,10.4929,87.866919,4,medium_research_only,SAME_ROLE_ONLY;RESEARCH_ONLY;SAMPLE_TOO_SMALL_LOCAL_11_MATCHES_NOT_PRODUCTION_READY,True,False
MID,523319,Omar Ouddah,523973,Hamza Rafa,95.434816,8.185792,95.434816,4,medium_research_only,SAME_ROLE_ONLY;RESEARCH_ONLY;SAMPLE_TOO_SMALL_LOCAL_11_MATCHES_NOT_PRODUCTION_READY,True,False
MID,523319,Omar Ouddah,523996,Fred Duval Ngoma,96.222238,7.528681,96.222238,4,medium_research_only,SAME_ROLE_ONLY;RESEARCH_ONLY;SAMPLE_TOO_SMALL_LOCAL_11_MATCHES_NOT_PRODUCTION_READY,True,False
MID,523319,Omar Ouddah,523997,Karim L'Koucha,98.972229,9.850575,98.972229,4,medium_research_only,SAME_ROLE_ONLY;RESEARCH_ONLY;SAMPLE_TOO_SMALL_LOCAL_11_MATCHES_NOT_PRODUCTION_READY,True,False
MID,523319,Omar Ouddah,523999,Zakaria Kessary,94.188914,9.105818,94.188914,4,medium_research_only,SAME_ROLE_ONLY;RESEARCH_ONLY;SAMPLE_TOO_SMALL_LOCAL_11_MATCHES_NOT_PRODUCTION_READY,True,False
MID,523319,Omar Ouddah,524000,Ahmed Aboulfath,90.523137,12.166481,90.523137,4,medium_research_only,SAME_ROLE_ONLY;RESEARCH_ONLY;SAMPLE_TOO_SMALL_LOCAL_11_MATCHES_NOT_PRODUCTION_READY,True,False
MID,523319,Omar Ouddah,524002,Salim Ghazzani,87.143911,15.915834,87.143911,4,medium_research_only,SAME_ROLE_ONLY;RESEARCH_ONLY;SAMPLE_TOO_SMALL_LOCAL_11_MATCHES_NOT_PRODUCTION_READY,True,False
MID,523319,Omar Ouddah,524003,Mohammed Es-Sahel,99.994516,5.488957,99.994516,4,medium_research_only,SAME_ROLE_ONLY;RESEARCH_ONLY;SAMPLE_TOO_SMALL_LOCAL_11_MATCHES_NOT_PRODUCTION_READY,True,False
MID,523319,Omar Ouddah,524511,Saad Nassik,97.944362,6.928067,97.944362,4,medium_research_only,SAME_ROLE_ONLY;RESEARCH_ONLY;SAMPLE_TOO_SMALL_LOCAL_11_MATCHES_NOT_PRODUCTION_READY,True,False
MID,523973,Hamza Rafa,523996,Fred Duval Ngoma,99.958066,0.683436,99.958066,4,medium_research_only,SAME_ROLE_ONLY;RESEARCH_ONLY;SAMPLE_TOO_SMALL_LOCAL_11_MATCHES_NOT_PRODUCTION_READY,True,False
MID,523973,Hamza Rafa,523997,Karim L'Koucha,98.58204,7.257623,98.58204,4,medium_research_only,SAME_ROLE_ONLY;RESEARCH_ONLY;SAMPLE_TOO_SMALL_LOCAL_11_MATCHES_NOT_PRODUCTION_READY,True,False
MID,523973,Hamza Rafa,523999,Zakaria Kessary,98.559922,4.237986,98.559922,4,medium_research_only,SAME_ROLE_ONLY;RESEARCH_ONLY;SAMPLE_TOO_SMALL_LOCAL_11_MATCHES_NOT_PRODUCTION_READY,True,False
MID,523973,Hamza Rafa,524000,Ahmed Aboulfath,86.209209,11.445024,86.209209,4,medium_research_only,SAME_ROLE_ONLY;RESEARCH_ONLY;SAMPLE_TOO_SMALL_LOCAL_11_MATCHES_NOT_PRODUCTION_READY,True,False
MID,523973,Hamza Rafa,524002,Salim Ghazzani,84.736966,16.979294,84.736966,4,medium_research_only,SAME_ROLE_ONLY;RESEARCH_ONLY;SAMPLE_TOO_SMALL_LOCAL_11_MATCHES_NOT_PRODUCTION_READY,True,False
MID,523973,Hamza Rafa,524003,Mohammed Es-Sahel,95.50286,6.964207,95.50286,4,medium_research_only,SAME_ROLE_ONLY;RESEARCH_ONLY;SAMPLE_TOO_SMALL_LOCAL_11_MATCHES_NOT_PRODUCTION_READY,True,False
MID,523973,Hamza Rafa,524511,Saad Nassik,99.453493,3.128054,99.453493,4,medium_research_only,SAME_ROLE_ONLY;RESEARCH_ONLY;SAMPLE_TOO_SMALL_LOCAL_11_MATCHES_NOT_PRODUCTION_READY,True,False
MID,523996,Fred Duval Ngoma,523997,Karim L'Koucha,98.975575,7.138317,98.975575,4,medium_research_only,SAME_ROLE_ONLY;RESEARCH_ONLY;SAMPLE_TOO_SMALL_LOCAL_11_MATCHES_NOT_PRODUCTION_READY,True,False
MID,523996,Fred Duval Ngoma,523999,Zakaria Kessary,98.406056,4.43839,98.406056,4,medium_research_only,SAME_ROLE_ONLY;RESEARCH_ONLY;SAMPLE_TOO_SMALL_LOCAL_11_MATCHES_NOT_PRODUCTION_READY,True,False
MID,523996,Fred Duval Ngoma,524000,Ahmed Aboulfath,86.612492,11.357745,86.612492,4,medium_research_only,SAME_ROLE_ONLY;RESEARCH_ONLY;SAMPLE_TOO_SMALL_LOCAL_11_MATCHES_NOT_PRODUCTION_READY,True,False
MID,523996,Fred Duval Ngoma,524002,Salim Ghazzani,84.902214,16.903467,84.902214,4,medium_research_only,SAME_ROLE_ONLY;RESEARCH_ONLY;SAMPLE_TOO_SMALL_LOCAL_11_MATCHES_NOT_PRODUCTION_READY,True,False
MID,523996,Fred Duval Ngoma,524003,Mohammed Es-Sahel,96.286225,6.460333,96.286225,4,medium_research_only,SAME_ROLE_ONLY;RESEARCH_ONLY;SAMPLE_TOO_SMALL_LOCAL_11_MATCHES_NOT_PRODUCTION_READY,True,False
MID,523996,Fred Duval Ngoma,524511,Saad Nassik,99.693147,2.790026,99.693147,4,medium_research_only,SAME_ROLE_ONLY;RESEARCH_ONLY;SAMPLE_TOO_SMALL_LOCAL_11_MATCHES_NOT_PRODUCTION_READY,True,False
MID,523997,Karim L'Koucha,523999,Zakaria Kessary,97.799602,8.592533,97.799602,4,medium_research_only,SAME_ROLE_ONLY;RESEARCH_ONLY;SAMPLE_TOO_SMALL_LOCAL_11_MATCHES_NOT_PRODUCTION_READY,True,False
MID,523997,Karim L'Koucha,524000,Ahmed Aboulfath,90.31617,6.822372,90.31617,4,medium_research_only,SAME_ROLE_ONLY;RESEARCH_ONLY;SAMPLE_TOO_SMALL_LOCAL_11_MATCHES_NOT_PRODUCTION_READY,True,False
MID,523997,Karim L'Koucha,524002,Salim Ghazzani,88.471963,17.145129,88.471963,4,medium_research_only,SAME_ROLE_ONLY;RESEARCH_ONLY;SAMPLE_TOO_SMALL_LOCAL_11_MATCHES_NOT_PRODUCTION_READY,True,False
MID,523997,Karim L'Koucha,524003,Mohammed Es-Sahel,99.007951,4.60009,99.007951,4,medium_research_only,SAME_ROLE_ONLY;RESEARCH_ONLY;SAMPLE_TOO_SMALL_LOCAL_11_MATCHES_NOT_PRODUCTION_READY,True,False
MID,523997,Karim L'Koucha,524511,Saad Nassik,99.768336,4.593064,99.768336,4,medium_research_only,SAME_ROLE_ONLY;RESEARCH_ONLY;SAMPLE_TOO_SMALL_LOCAL_11_MATCHES_NOT_PRODUCTION_READY,True,False
MID,523999,Zakaria Kessary,524000,Ahmed Aboulfath,90.467403,10.7325,90.467403,4,medium_research_only,SAME_ROLE_ONLY;RESEARCH_ONLY;SAMPLE_TOO_SMALL_LOCAL_11_MATCHES_NOT_PRODUCTION_READY,True,False
MID,523999,Zakaria Kessary,524002,Salim Ghazzani,91.731414,13.165178,91.731414,4,medium_research_only,SAME_ROLE_ONLY;RESEARCH_ONLY;SAMPLE_TOO_SMALL_LOCAL_11_MATCHES_NOT_PRODUCTION_READY,True,False
MID,523999,Zakaria Kessary,524003,Mohammed Es-Sahel,94.258539,8.371245,94.258539,4,medium_research_only,SAME_ROLE_ONLY;RESEARCH_ONLY;SAMPLE_TOO_SMALL_LOCAL_11_MATCHES_NOT_PRODUCTION_READY,True,False
MID,523999,Zakaria Kessary,524511,Saad Nassik,98.251201,5.291796,98.251201,4,medium_research_only,SAME_ROLE_ONLY;RESEARCH_ONLY;SAMPLE_TOO_SMALL_LOCAL_11_MATCHES_NOT_PRODUCTION_READY,True,False
MID,524000,Ahmed Aboulfath,524002,Salim Ghazzani,94.78054,14.280068,94.78054,4,medium_research_only,SAME_ROLE_ONLY;RESEARCH_ONLY;SAMPLE_TOO_SMALL_LOCAL_11_MATCHES_NOT_PRODUCTION_READY,True,False
MID,524000,Ahmed Aboulfath,524003,Mohammed Es-Sahel,90.243931,8.283278,90.243931,4,medium_research_only,SAME_ROLE_ONLY;RESEARCH_ONLY;SAMPLE_TOO_SMALL_LOCAL_11_MATCHES_NOT_PRODUCTION_READY,True,False
MID,524000,Ahmed Aboulfath,524511,Saad Nassik,88.297675,9.295058,88.297675,4,medium_research_only,SAME_ROLE_ONLY;RESEARCH_ONLY;SAMPLE_TOO_SMALL_LOCAL_11_MATCHES_NOT_PRODUCTION_READY,True,False
MID,524002,Salim Ghazzani,524003,Mohammed Es-Sahel,87.157789,16.197529,87.157789,4,medium_research_only,SAME_ROLE_ONLY;RESEARCH_ONLY;SAMPLE_TOO_SMALL_LOCAL_11_MATCHES_NOT_PRODUCTION_READY,True,False
MID,524002,Salim Ghazzani,524511,Saad Nassik,86.840652,16.229409,86.840652,4,medium_research_only,SAME_ROLE_ONLY;RESEARCH_ONLY;SAMPLE_TOO_SMALL_LOCAL_11_MATCHES_NOT_PRODUCTION_READY,True,False
MID,524003,Mohammed Es-Sahel,524511,Saad Nassik,98.007964,4.037494,98.007964,4,medium_research_only,SAME_ROLE_ONLY;RESEARCH_ONLY;SAMPLE_TOO_SMALL_LOCAL_11_MATCHES_NOT_PRODUCTION_READY,True,False
WINGER,3302,Nordin Amrabat,7242,Ange-Freddy Plumain,99.431759,15.868902,99.431759,4,medium_research_only,SAME_ROLE_ONLY;RESEARCH_ONLY;SAMPLE_TOO_SMALL_LOCAL_11_MATCHES_NOT_PRODUCTION_READY,True,False
WINGER,3302,Nordin Amrabat,16208,Arthur Kevin Yamga,92.831829,46.701676,92.831829,4,medium_research_only,SAME_ROLE_ONLY;RESEARCH_ONLY;SAMPLE_TOO_SMALL_LOCAL_11_MATCHES_NOT_PRODUCTION_READY,True,False
WINGER,3302,Nordin Amrabat,21573,Mohamed Rayhi,89.154003,37.493761,89.154003,4,medium_research_only,SAME_ROLE_ONLY;RESEARCH_ONLY;SAMPLE_TOO_SMALL_LOCAL_11_MATCHES_NOT_PRODUCTION_READY,True,False
WINGER,3302,Nordin Amrabat,34952,Soufyan Ahannach,98.462334,29.011155,98.462334,4,medium_research_only,SAME_ROLE_ONLY;RESEARCH_ONLY;SAMPLE_TOO_SMALL_LOCAL_11_MATCHES_NOT_PRODUCTION_READY,True,False
WINGER,3302,Nordin Amrabat,46648,Marwane Elaz,99.561712,24.168165,99.561712,4,medium_research_only,SAME_ROLE_ONLY;RESEARCH_ONLY;SAMPLE_TOO_SMALL_LOCAL_11_MATCHES_NOT_PRODUCTION_READY,True,False
WINGER,3302,Nordin Amrabat,64615,Thembinkosi Lorch,94.974971,29.224013,94.974971,4,medium_research_only,SAME_ROLE_ONLY;RESEARCH_ONLY;SAMPLE_TOO_SMALL_LOCAL_11_MATCHES_NOT_PRODUCTION_READY,True,False
WINGER,3302,Nordin Amrabat,126527,Kabelo Seakanyeng,92.175934,46.772791,92.175934,4,medium_research_only,SAME_ROLE_ONLY;RESEARCH_ONLY;SAMPLE_TOO_SMALL_LOCAL_11_MATCHES_NOT_PRODUCTION_READY,True,False
WINGER,3302,Nordin Amrabat,132614,Walid Nassi Ouled Bentle,85.494877,58.951734,85.494877,4,medium_research_only,SAME_ROLE_ONLY;RESEARCH_ONLY;SAMPLE_TOO_SMALL_LOCAL_11_MATCHES_NOT_PRODUCTION_READY,True,False
WINGER,3302,Nordin Amrabat,139001,Youssef Anouar,99.226659,18.321434,99.226659,4,medium_research_only,SAME_ROLE_ONLY;RESEARCH_ONLY;SAMPLE_TOO_SMALL_LOCAL_11_MATCHES_NOT_PRODUCTION_READY,True,False
WINGER,3302,Nordin Amrabat,139008,Amine Souane,96.789686,24.626441,96.789686,4,medium_research_only,SAME_ROLE_ONLY;RESEARCH_ONLY;SAMPLE_TOO_SMALL_LOCAL_11_MATCHES_NOT_PRODUCTION_READY,True,False
WINGER,3302,Nordin Amrabat,139017,Salah-eddine Benyachou,83.672589,44.297462,83.672589,4,medium_research_only,SAME_ROLE_ONLY;RESEARCH_ONLY;SAMPLE_TOO_SMALL_LOCAL_11_MATCHES_NOT_PRODUCTION_READY,True,False
WINGER,3302,Nordin Amrabat,140874,Reda Slim,95.369435,25.860713,95.369435,4,medium_research_only,SAME_ROLE_ONLY;RESEARCH_ONLY;SAMPLE_TOO_SMALL_LOCAL_11_MATCHES_NOT_PRODUCTION_READY,True,False
WINGER,3302,Nordin Amrabat,179311,Imad Riahi,82.85488,48.636702,82.85488,4,medium_research_only,SAME_ROLE_ONLY;RESEARCH_ONLY;SAMPLE_TOO_SMALL_LOCAL_11_MATCHES_NOT_PRODUCTION_READY,True,False
WINGER,3302,Nordin Amrabat,194914,Chouaib Faidi,89.758485,37.619766,89.758485,4,medium_research_only,SAME_ROLE_ONLY;RESEARCH_ONLY;SAMPLE_TOO_SMALL_LOCAL_11_MATCHES_NOT_PRODUCTION_READY,True,False
WINGER,3302,Nordin Amrabat,195301,Fahd Bendahmane,98.32964,28.07714,98.32964,4,medium_research_only,SAME_ROLE_ONLY;RESEARCH_ONLY;SAMPLE_TOO_SMALL_LOCAL_11_MATCHES_NOT_PRODUCTION_READY,True,False
WINGER,3302,Nordin Amrabat,312938,Yassine Lamine,96.690269,37.915201,96.690269,4,medium_research_only,SAME_ROLE_ONLY;RESEARCH_ONLY;SAMPLE_TOO_SMALL_LOCAL_11_MATCHES_NOT_PRODUCTION_READY,True,False
WINGER,3302,Nordin Amrabat,358748,Abdellah Ait Brahim,99.389597,16.906691,99.389597,4,medium_research_only,SAME_ROLE_ONLY;RESEARCH_ONLY;SAMPLE_TOO_SMALL_LOCAL_11_MATCHES_NOT_PRODUCTION_READY,True,False
WINGER,3302,Nordin Amrabat,387245,Anass Eddaou,84.770765,50.092528,84.770765,4,medium_research_only,SAME_ROLE_ONLY;RESEARCH_ONLY;SAMPLE_TOO_SMALL_LOCAL_11_MATCHES_NOT_PRODUCTION_READY,True,False
WINGER,3302,Nordin Amrabat,399624,Mohamed Zinaf,85.698536,42.428578,85.698536,4,medium_research_only,SAME_ROLE_ONLY;RESEARCH_ONLY;SAMPLE_TOO_SMALL_LOCAL_11_MATCHES_NOT_PRODUCTION_READY,True,False
WINGER,3302,Nordin Amrabat,407663,Mohamed Habbali,91.542999,39.401487,91.542999,4,medium_research_only,SAME_ROLE_ONLY;RESEARCH_ONLY;SAMPLE_TOO_SMALL_LOCAL_11_MATCHES_NOT_PRODUCTION_READY,True,False
WINGER,3302,Nordin Amrabat,407665,Soufiane Jazouli,94.601329,27.405106,94.601329,4,medium_research_only,SAME_ROLE_ONLY;RESEARCH_ONLY;SAMPLE_TOO_SMALL_LOCAL_11_MATCHES_NOT_PRODUCTION_READY,True,False
WINGER,3302,Nordin Amrabat,409131,Abdellatif Benkassou,93.412142,41.253118,93.412142,4,medium_research_only,SAME_ROLE_ONLY;RESEARCH_ONLY;SAMPLE_TOO_SMALL_LOCAL_11_MATCHES_NOT_PRODUCTION_READY,True,False
WINGER,3302,Nordin Amrabat,435547,Abdallah Ziani,99.495195,19.48376,99.495195,4,medium_research_only,SAME_ROLE_ONLY;RESEARCH_ONLY;SAMPLE_TOO_SMALL_LOCAL_11_MATCHES_NOT_PRODUCTION_READY,True,False
WINGER,3302,Nordin Amrabat,442098,Khalid Baba,98.613804,25.859182,98.613804,4,medium_research_only,SAME_ROLE_ONLY;RESEARCH_ONLY;SAMPLE_TOO_SMALL_LOCAL_11_MATCHES_NOT_PRODUCTION_READY,True,False
WINGER,3302,Nordin Amrabat,477555,Adam Brika,80.557782,52.867777,80.557782,4,medium_research_only,SAME_ROLE_ONLY;RESEARCH_ONLY;SAMPLE_TOO_SMALL_LOCAL_11_MATCHES_NOT_PRODUCTION_READY,True,False
WINGER,3302,Nordin Amrabat,477681,Brahim Ait Hammou,91.817842,42.340829,91.817842,4,medium_research_only,SAME_ROLE_ONLY;RESEARCH_ONLY;SAMPLE_TOO_SMALL_LOCAL_11_MATCHES_NOT_PRODUCTION_READY,True,False
WINGER,3302,Nordin Amrabat,523309,Jalal-Eddine El Khfiyef,97.004328,30.13366,97.004328,4,medium_research_only,SAME_ROLE_ONLY;RESEARCH_ONLY;SAMPLE_TOO_SMALL_LOCAL_11_MATCHES_NOT_PRODUCTION_READY,True,False
WINGER,3302,Nordin Amrabat,523314,Mouhcine Boussanane,97.3325,33.312367,97.3325,4,medium_research_only,SAME_ROLE_ONLY;RESEARCH_ONLY;SAMPLE_TOO_SMALL_LOCAL_11_MATCHES_NOT_PRODUCTION_READY,True,False
WINGER,3302,Nordin Amrabat,523338,Salah Eddine Essalehy,89.130368,43.155319,89.130368,4,medium_research_only,SAME_ROLE_ONLY;RESEARCH_ONLY;SAMPLE_TOO_SMALL_LOCAL_11_MATCHES_NOT_PRODUCTION_READY,True,False
WINGER,3302,Nordin Amrabat,524395,Amine Dghoughi,87.482778,50.912369,87.482778,4,medium_research_only,SAME_ROLE_ONLY;RESEARCH_ONLY;SAMPLE_TOO_SMALL_LOCAL_11_MATCHES_NOT_PRODUCTION_READY,True,False
WINGER,7242,Ange-Freddy Plumain,16208,Arthur Kevin Yamga,93.572563,32.936995,93.572563,4,medium_research_only,SAME_ROLE_ONLY;RESEARCH_ONLY;SAMPLE_TOO_SMALL_LOCAL_11_MATCHES_NOT_PRODUCTION_READY,True,False
WINGER,7242,Ange-Freddy Plumain,21573,Mohamed Rayhi,92.852992,26.411736,92.852992,4,medium_research_only,SAME_ROLE_ONLY;RESEARCH_ONLY;SAMPLE_TOO_SMALL_LOCAL_11_MATCHES_NOT_PRODUCTION_READY,True,False
WINGER,7242,Ange-Freddy Plumain,34952,Soufyan Ahannach,99.633086,13.912422,99.633086,4,medium_research_only,SAME_ROLE_ONLY;RESEARCH_ONLY;SAMPLE_TOO_SMALL_LOCAL_11_MATCHES_NOT_PRODUCTION_READY,True,False
WINGER,7242,Ange-Freddy Plumain,46648,Marwane Elaz,99.117525,12.330417,99.117525,4,medium_research_only,SAME_ROLE_ONLY;RESEARCH_ONLY;SAMPLE_TOO_SMALL_LOCAL_11_MATCHES_NOT_PRODUCTION_READY,True,False
WINGER,7242,Ange-Freddy Plumain,64615,Thembinkosi Lorch,96.783097,28.744003,96.783097,4,medium_research_only,SAME_ROLE_ONLY;RESEARCH_ONLY;SAMPLE_TOO_SMALL_LOCAL_11_MATCHES_NOT_PRODUCTION_READY,True,False
WINGER,7242,Ange-Freddy Plumain,126527,Kabelo Seakanyeng,92.376686,33.290475,92.376686,4,medium_research_only,SAME_ROLE_ONLY;RESEARCH_ONLY;SAMPLE_TOO_SMALL_LOCAL_11_MATCHES_NOT_PRODUCTION_READY,True,False
WINGER,7242,Ange-Freddy Plumain,132614,Walid Nassi Ouled Bentle,88.867546,55.937387,88.867546,4,medium_research_only,SAME_ROLE_ONLY;RESEARCH_ONLY;SAMPLE_TOO_SMALL_LOCAL_11_MATCHES_NOT_PRODUCTION_READY,True,False
WINGER,7242,Ange-Freddy Plumain,139001,Youssef Anouar,99.5108,6.675736,99.5108,4,medium_research_only,SAME_ROLE_ONLY;RESEARCH_ONLY;SAMPLE_TOO_SMALL_LOCAL_11_MATCHES_NOT_PRODUCTION_READY,True,False
WINGER,7242,Ange-Freddy Plumain,139008,Amine Souane,98.746817,10.39751,98.746817,4,medium_research_only,SAME_ROLE_ONLY;RESEARCH_ONLY;SAMPLE_TOO_SMALL_LOCAL_11_MATCHES_NOT_PRODUCTION_READY,True,False
WINGER,7242,Ange-Freddy Plumain,139017,Salah-eddine Benyachou,86.693469,32.108324,86.693469,4,medium_research_only,SAME_ROLE_ONLY;RESEARCH_ONLY;SAMPLE_TOO_SMALL_LOCAL_11_MATCHES_NOT_PRODUCTION_READY,True,False
WINGER,7242,Ange-Freddy Plumain,140874,Reda Slim,96.477193,24.290101,96.477193,4,medium_research_only,SAME_ROLE_ONLY;RESEARCH_ONLY;SAMPLE_TOO_SMALL_LOCAL_11_MATCHES_NOT_PRODUCTION_READY,True,False
WINGER,7242,Ange-Freddy Plumain,179311,Imad Riahi,84.578265,41.970194,84.578265,4,medium_research_only,SAME_ROLE_ONLY;RESEARCH_ONLY;SAMPLE_TOO_SMALL_LOCAL_11_MATCHES_NOT_PRODUCTION_READY,True,False
WINGER,7242,Ange-Freddy Plumain,194914,Chouaib Faidi,92.240681,30.795661,92.240681,4,medium_research_only,SAME_ROLE_ONLY;RESEARCH_ONLY;SAMPLE_TOO_SMALL_LOCAL_11_MATCHES_NOT_PRODUCTION_READY,True,False
WINGER,7242,Ange-Freddy Plumain,195301,Fahd Bendahmane,98.368654,15.556629,98.368654,4,medium_research_only,SAME_ROLE_ONLY;RESEARCH_ONLY;SAMPLE_TOO_SMALL_LOCAL_11_MATCHES_NOT_PRODUCTION_READY,True,False
WINGER,7242,Ange-Freddy Plumain,312938,Yassine Lamine,98.251199,23.27428,98.251199,4,medium_research_only,SAME_ROLE_ONLY;RESEARCH_ONLY;SAMPLE_TOO_SMALL_LOCAL_11_MATCHES_NOT_PRODUCTION_READY,True,False
WINGER,7242,Ange-Freddy Plumain,358748,Abdellah Ait Brahim,99.5867,5.966205,99.5867,4,medium_research_only,SAME_ROLE_ONLY;RESEARCH_ONLY;SAMPLE_TOO_SMALL_LOCAL_11_MATCHES_NOT_PRODUCTION_READY,True,False
WINGER,7242,Ange-Freddy Plumain,387245,Anass Eddaou,89.589453,41.691394,89.589453,4,medium_research_only,SAME_ROLE_ONLY;RESEARCH_ONLY;SAMPLE_TOO_SMALL_LOCAL_11_MATCHES_NOT_PRODUCTION_READY,True,False
WINGER,7242,Ange-Freddy Plumain,399624,Mohamed Zinaf,87.370084,30.740153,87.370084,4,medium_research_only,SAME_ROLE_ONLY;RESEARCH_ONLY;SAMPLE_TOO_SMALL_LOCAL_11_MATCHES_NOT_PRODUCTION_READY,True,False
WINGER,7242,Ange-Freddy Plumain,407663,Mohamed Habbali,94.405291,24.487383,94.405291,4,medium_research_only,SAME_ROLE_ONLY;RESEARCH_ONLY;SAMPLE_TOO_SMALL_LOCAL_11_MATCHES_NOT_PRODUCTION_READY,True,False
WINGER,7242,Ange-Freddy Plumain,407665,Soufiane Jazouli,95.173027,21.184114,95.173027,4,medium_research_only,SAME_ROLE_ONLY;RESEARCH_ONLY;SAMPLE_TOO_SMALL_LOCAL_11_MATCHES_NOT_PRODUCTION_READY,True,False
WINGER,7242,Ange-Freddy Plumain,409131,Abdellatif Benkassou,94.68554,27.340919,94.68554,4,medium_research_only,SAME_ROLE_ONLY;RESEARCH_ONLY;SAMPLE_TOO_SMALL_LOCAL_11_MATCHES_NOT_PRODUCTION_READY,True,False
WINGER,7242,Ange-Freddy Plumain,435547,Abdallah Ziani,99.919659,5.051274,99.919659,4,medium_research_only,SAME_ROLE_ONLY;RESEARCH_ONLY;SAMPLE_TOO_SMALL_LOCAL_11_MATCHES_NOT_PRODUCTION_READY,True,False
WINGER,7242,Ange-Freddy Plumain,442098,Khalid Baba,98.954775,12.7922,98.954775,4,medium_research_only,SAME_ROLE_ONLY;RESEARCH_ONLY;SAMPLE_TOO_SMALL_LOCAL_11_MATCHES_NOT_PRODUCTION_READY,True,False
WINGER,7242,Ange-Freddy Plumain,477555,Adam Brika,80.760747,39.427766,80.760747,4,medium_research_only,SAME_ROLE_ONLY;RESEARCH_ONLY;SAMPLE_TOO_SMALL_LOCAL_11_MATCHES_NOT_PRODUCTION_READY,True,False
WINGER,7242,Ange-Freddy Plumain,477681,Brahim Ait Hammou,94.315858,27.648608,94.315858,4,medium_research_only,SAME_ROLE_ONLY;RESEARCH_ONLY;SAMPLE_TOO_SMALL_LOCAL_11_MATCHES_NOT_PRODUCTION_READY,True,False
WINGER,7242,Ange-Freddy Plumain,523309,Jalal-Eddine El Khfiyef,98.594821,15.251888,98.594821,4,medium_research_only,SAME_ROLE_ONLY;RESEARCH_ONLY;SAMPLE_TOO_SMALL_LOCAL_11_MATCHES_NOT_PRODUCTION_READY,True,False
WINGER,7242,Ange-Freddy Plumain,523314,Mouhcine Boussanane,97.278343,20.594367,97.278343,4,medium_research_only,SAME_ROLE_ONLY;RESEARCH_ONLY;SAMPLE_TOO_SMALL_LOCAL_11_MATCHES_NOT_PRODUCTION_READY,True,False
WINGER,7242,Ange-Freddy Plumain,523338,Salah Eddine Essalehy,90.012324,30.083715,90.012324,4,medium_research_only,SAME_ROLE_ONLY;RESEARCH_ONLY;SAMPLE_TOO_SMALL_LOCAL_11_MATCHES_NOT_PRODUCTION_READY,True,False
WINGER,7242,Ange-Freddy Plumain,524395,Amine Dghoughi,91.830861,45.828665,91.830861,4,medium_research_only,SAME_ROLE_ONLY;RESEARCH_ONLY;SAMPLE_TOO_SMALL_LOCAL_11_MATCHES_NOT_PRODUCTION_READY,True,False
WINGER,16208,Arthur Kevin Yamga,21573,Mohamed Rayhi,94.36591,37.327345,94.36591,4,medium_research_only,SAME_ROLE_ONLY;RESEARCH_ONLY;SAMPLE_TOO_SMALL_LOCAL_11_MATCHES_NOT_PRODUCTION_READY,True,False
WINGER,16208,Arthur Kevin Yamga,34952,Soufyan Ahannach,95.155941,19.643665,95.155941,4,medium_research_only,SAME_ROLE_ONLY;RESEARCH_ONLY;SAMPLE_TOO_SMALL_LOCAL_11_MATCHES_NOT_PRODUCTION_READY,True,False
WINGER,16208,Arthur Kevin Yamga,46648,Marwane Elaz,95.782189,22.586914,95.782189,4,medium_research_only,SAME_ROLE_ONLY;RESEARCH_ONLY;SAMPLE_TOO_SMALL_LOCAL_11_MATCHES_NOT_PRODUCTION_READY,True,False
WINGER,16208,Arthur Kevin Yamga,64615,Thembinkosi Lorch,94.048719,53.066271,94.048719,4,medium_research_only,SAME_ROLE_ONLY;RESEARCH_ONLY;SAMPLE_TOO_SMALL_LOCAL_11_MATCHES_NOT_PRODUCTION_READY,True,False
WINGER,16208,Arthur Kevin Yamga,126527,Kabelo Seakanyeng,98.070528,4.582659,98.070528,4,medium_research_only,SAME_ROLE_ONLY;RESEARCH_ONLY;SAMPLE_TOO_SMALL_LOCAL_11_MATCHES_NOT_PRODUCTION_READY,True,False
WINGER,16208,Arthur Kevin Yamga,132614,Walid Nassi Ouled Bentle,85.986918,72.835739,85.986918,4,medium_research_only,SAME_ROLE_ONLY;RESEARCH_ONLY;SAMPLE_TOO_SMALL_LOCAL_11_MATCHES_NOT_PRODUCTION_READY,True,False
WINGER,16208,Arthur Kevin Yamga,139001,Youssef Anouar,94.688867,30.285724,94.688867,4,medium_research_only,SAME_ROLE_ONLY;RESEARCH_ONLY;SAMPLE_TOO_SMALL_LOCAL_11_MATCHES_NOT_PRODUCTION_READY,True,False
WINGER,16208,Arthur Kevin Yamga,139008,Amine Souane,94.502544,29.829723,94.502544,4,medium_research_only,SAME_ROLE_ONLY;RESEARCH_ONLY;SAMPLE_TOO_SMALL_LOCAL_11_MATCHES_NOT_PRODUCTION_READY,True,False
WINGER,16208,Arthur Kevin Yamga,139017,Salah-eddine Benyachou,91.295389,28.775029,91.295389,4,medium_research_only,SAME_ROLE_ONLY;RESEARCH_ONLY;SAMPLE_TOO_SMALL_LOCAL_11_MATCHES_NOT_PRODUCTION_READY,True,False
WINGER,16208,Arthur Kevin Yamga,140874,Reda Slim,88.807281,48.67677,88.807281,4,medium_research_only,SAME_ROLE_ONLY;RESEARCH_ONLY;SAMPLE_TOO_SMALL_LOCAL_11_MATCHES_NOT_PRODUCTION_READY,True,False
WINGER,16208,Arthur Kevin Yamga,179311,Imad Riahi,81.742264,48.707108,81.742264,4,medium_research_only,SAME_ROLE_ONLY;RESEARCH_ONLY;SAMPLE_TOO_SMALL_LOCAL_11_MATCHES_NOT_PRODUCTION_READY,True,False
WINGER,16208,Arthur Kevin Yamga,194914,Chouaib Faidi,98.59183,41.704805,98.59183,4,medium_research_only,SAME_ROLE_ONLY;RESEARCH_ONLY;SAMPLE_TOO_SMALL_LOCAL_11_MATCHES_NOT_PRODUCTION_READY,True,False
WINGER,16208,Arthur Kevin Yamga,195301,Fahd Bendahmane,92.386421,22.323715,92.386421,4,medium_research_only,SAME_ROLE_ONLY;RESEARCH_ONLY;SAMPLE_TOO_SMALL_LOCAL_11_MATCHES_NOT_PRODUCTION_READY,True,False
WINGER,16208,Arthur Kevin Yamga,312938,Yassine Lamine,97.523755,10.476122,97.523755,4,medium_research_only,SAME_ROLE_ONLY;RESEARCH_ONLY;SAMPLE_TOO_SMALL_LOCAL_11_MATCHES_NOT_PRODUCTION_READY,True,False
WINGER,16208,Arthur Kevin Yamga,358748,Abdellah Ait Brahim,93.078099,32.11552,93.078099,4,medium_research_only,SAME_ROLE_ONLY;RESEARCH_ONLY;SAMPLE_TOO_SMALL_LOCAL_11_MATCHES_NOT_PRODUCTION_READY,True,False
WINGER,16208,Arthur Kevin Yamga,387245,Anass Eddaou,88.308479,55.752712,88.308479,4,medium_research_only,SAME_ROLE_ONLY;RESEARCH_ONLY;SAMPLE_TOO_SMALL_LOCAL_11_MATCHES_NOT_PRODUCTION_READY,True,False
WINGER,16208,Arthur Kevin Yamga,399624,Mohamed Zinaf,86.671488,26.886799,86.671488,4,medium_research_only,SAME_ROLE_ONLY;RESEARCH_ONLY;SAMPLE_TOO_SMALL_LOCAL_11_MATCHES_NOT_PRODUCTION_READY,True,False
WINGER,16208,Arthur Kevin Yamga,407663,Mohamed Habbali,97.404346,14.293944,97.404346,4,medium_research_only,SAME_ROLE_ONLY;RESEARCH_ONLY;SAMPLE_TOO_SMALL_LOCAL_11_MATCHES_NOT_PRODUCTION_READY,True,False
WINGER,16208,Arthur Kevin Yamga,407665,Soufiane Jazouli,91.312921,36.938316,91.312921,4,medium_research_only,SAME_ROLE_ONLY;RESEARCH_ONLY;SAMPLE_TOO_SMALL_LOCAL_11_MATCHES_NOT_PRODUCTION_READY,True,False
WINGER,16208,Arthur Kevin Yamga,409131,Abdellatif Benkassou,95.835723,10.682313,95.835723,4,medium_research_only,SAME_ROLE_ONLY;RESEARCH_ONLY;SAMPLE_TOO_SMALL_LOCAL_11_MATCHES_NOT_PRODUCTION_READY,True,False
WINGER,16208,Arthur Kevin Yamga,435547,Abdallah Ziani,92.443834,29.225569,92.443834,4,medium_research_only,SAME_ROLE_ONLY;RESEARCH_ONLY;SAMPLE_TOO_SMALL_LOCAL_11_MATCHES_NOT_PRODUCTION_READY,True,False
WINGER,16208,Arthur Kevin Yamga,442098,Khalid Baba,96.661603,22.083265,96.661603,4,medium_research_only,SAME_ROLE_ONLY;RESEARCH_ONLY;SAMPLE_TOO_SMALL_LOCAL_11_MATCHES_NOT_PRODUCTION_READY,True,False
WINGER,16208,Arthur Kevin Yamga,477555,Adam Brika,94.719276,7.424092,94.719276,4,medium_research_only,SAME_ROLE_ONLY;RESEARCH_ONLY;SAMPLE_TOO_SMALL_LOCAL_11_MATCHES_NOT_PRODUCTION_READY,True,False
WINGER,16208,Arthur Kevin Yamga,477681,Brahim Ait Hammou,96.289774,10.330919,96.289774,4,medium_research_only,SAME_ROLE_ONLY;RESEARCH_ONLY;SAMPLE_TOO_SMALL_LOCAL_11_MATCHES_NOT_PRODUCTION_READY,True,False
WINGER,16208,Arthur Kevin Yamga,523309,Jalal-Eddine El Khfiyef,94.445333,21.041545,94.445333,4,medium_research_only,SAME_ROLE_ONLY;RESEARCH_ONLY;SAMPLE_TOO_SMALL_LOCAL_11_MATCHES_NOT_PRODUCTION_READY,True,False
WINGER,16208,Arthur Kevin Yamga,523314,Mouhcine Boussanane,92.958694,17.654661,92.958694,4,medium_research_only,SAME_ROLE_ONLY;RESEARCH_ONLY;SAMPLE_TOO_SMALL_LOCAL_11_MATCHES_NOT_PRODUCTION_READY,True,False
WINGER,16208,Arthur Kevin Yamga,523338,Salah Eddine Essalehy,90.333222,15.416756,90.333222,4,medium_research_only,SAME_ROLE_ONLY;RESEARCH_ONLY;SAMPLE_TOO_SMALL_LOCAL_11_MATCHES_NOT_PRODUCTION_READY,True,False
WINGER,16208,Arthur Kevin Yamga,524395,Amine Dghoughi,90.353165,64.396941,90.353165,4,medium_research_only,SAME_ROLE_ONLY;RESEARCH_ONLY;SAMPLE_TOO_SMALL_LOCAL_11_MATCHES_NOT_PRODUCTION_READY,True,False
WINGER,21573,Mohamed Rayhi,34952,Soufyan Ahannach,95.537766,24.976162,95.537766,4,medium_research_only,SAME_ROLE_ONLY;RESEARCH_ONLY;SAMPLE_TOO_SMALL_LOCAL_11_MATCHES_NOT_PRODUCTION_READY,True,False
WINGER,21573,Mohamed Rayhi,46648,Marwane Elaz,91.010257,29.680583,91.010257,4,medium_research_only,SAME_ROLE_ONLY;RESEARCH_ONLY;SAMPLE_TOO_SMALL_LOCAL_11_MATCHES_NOT_PRODUCTION_READY,True,False
WINGER,21573,Mohamed Rayhi,64615,Thembinkosi Lorch,93.5095,33.722566,93.5095,4,medium_research_only,SAME_ROLE_ONLY;RESEARCH_ONLY;SAMPLE_TOO_SMALL_LOCAL_11_MATCHES_NOT_PRODUCTION_READY,True,False
WINGER,21573,Mohamed Rayhi,126527,Kabelo Seakanyeng,93.12191,37.675197,93.12191,4,medium_research_only,SAME_ROLE_ONLY;RESEARCH_ONLY;SAMPLE_TOO_SMALL_LOCAL_11_MATCHES_NOT_PRODUCTION_READY,True,False
WINGER,21573,Mohamed Rayhi,132614,Walid Nassi Ouled Bentle,89.318457,53.774262,89.318457,4,medium_research_only,SAME_ROLE_ONLY;RESEARCH_ONLY;SAMPLE_TOO_SMALL_LOCAL_11_MATCHES_NOT_PRODUCTION_READY,True,False
WINGER,21573,Mohamed Rayhi,139001,Youssef Anouar,93.233294,25.64362,93.233294,4,medium_research_only,SAME_ROLE_ONLY;RESEARCH_ONLY;SAMPLE_TOO_SMALL_LOCAL_11_MATCHES_NOT_PRODUCTION_READY,True,False
WINGER,21573,Mohamed Rayhi,139008,Amine Souane,97.299152,17.252282,97.299152,4,medium_research_only,SAME_ROLE_ONLY;RESEARCH_ONLY;SAMPLE_TOO_SMALL_LOCAL_11_MATCHES_NOT_PRODUCTION_READY,True,False
WINGER,21573,Mohamed Rayhi,139017,Salah-eddine Benyachou,96.40029,20.138972,96.40029,4,medium_research_only,SAME_ROLE_ONLY;RESEARCH_ONLY;SAMPLE_TOO_SMALL_LOCAL_11_MATCHES_NOT_PRODUCTION_READY,True,False
WINGER,21573,Mohamed Rayhi,140874,Reda Slim,88.283287,39.064041,88.283287,4,medium_research_only,SAME_ROLE_ONLY;RESEARCH_ONLY;SAMPLE_TOO_SMALL_LOCAL_11_MATCHES_NOT_PRODUCTION_READY,True,False
WINGER,21573,Mohamed Rayhi,179311,Imad Riahi,79.688875,49.207984,79.688875,4,medium_research_only,SAME_ROLE_ONLY;RESEARCH_ONLY;SAMPLE_TOO_SMALL_LOCAL_11_MATCHES_NOT_PRODUCTION_READY,True,False
WINGER,21573,Mohamed Rayhi,194914,Chouaib Faidi,98.002678,16.563346,98.002678,4,medium_research_only,SAME_ROLE_ONLY;RESEARCH_ONLY;SAMPLE_TOO_SMALL_LOCAL_11_MATCHES_NOT_PRODUCTION_READY,True,False
WINGER,21573,Mohamed Rayhi,195301,Fahd Bendahmane,91.730579,29.28647,91.730579,4,medium_research_only,SAME_ROLE_ONLY;RESEARCH_ONLY;SAMPLE_TOO_SMALL_LOCAL_11_MATCHES_NOT_PRODUCTION_READY,True,False
WINGER,21573,Mohamed Rayhi,312938,Yassine Lamine,97.430578,28.714914,97.430578,4,medium_research_only,SAME_ROLE_ONLY;RESEARCH_ONLY;SAMPLE_TOO_SMALL_LOCAL_11_MATCHES_NOT_PRODUCTION_READY,True,False
WINGER,21573,Mohamed Rayhi,358748,Abdellah Ait Brahim,92.180457,27.484951,92.180457,4,medium_research_only,SAME_ROLE_ONLY;RESEARCH_ONLY;SAMPLE_TOO_SMALL_LOCAL_11_MATCHES_NOT_PRODUCTION_READY,True,False
WINGER,21573,Mohamed Rayhi,387245,Anass Eddaou,98.789896,20.718233,98.789896,4,medium_research_only,SAME_ROLE_ONLY;RESEARCH_ONLY;SAMPLE_TOO_SMALL_LOCAL_11_MATCHES_NOT_PRODUCTION_READY,True,False
WINGER,21573,Mohamed Rayhi,399624,Mohamed Zinaf,83.642532,37.82245,83.642532,4,medium_research_only,SAME_ROLE_ONLY;RESEARCH_ONLY;SAMPLE_TOO_SMALL_LOCAL_11_MATCHES_NOT_PRODUCTION_READY,True,False
WINGER,21573,Mohamed Rayhi,407663,Mohamed Habbali,99.25794,23.210127,99.25794,4,medium_research_only,SAME_ROLE_ONLY;RESEARCH_ONLY;SAMPLE_TOO_SMALL_LOCAL_11_MATCHES_NOT_PRODUCTION_READY,True,False
WINGER,21573,Mohamed Rayhi,407665,Soufiane Jazouli,87.233194,35.880539,87.233194,4,medium_research_only,SAME_ROLE_ONLY;RESEARCH_ONLY;SAMPLE_TOO_SMALL_LOCAL_11_MATCHES_NOT_PRODUCTION_READY,True,False
WINGER,21573,Mohamed Rayhi,409131,Abdellatif Benkassou,91.874848,33.93453,91.874848,4,medium_research_only,SAME_ROLE_ONLY;RESEARCH_ONLY;SAMPLE_TOO_SMALL_LOCAL_11_MATCHES_NOT_PRODUCTION_READY,True,False
WINGER,21573,Mohamed Rayhi,435547,Abdallah Ziani,92.044252,27.65076,92.044252,4,medium_research_only,SAME_ROLE_ONLY;RESEARCH_ONLY;SAMPLE_TOO_SMALL_LOCAL_11_MATCHES_NOT_PRODUCTION_READY,True,False
WINGER,21573,Mohamed Rayhi,442098,Khalid Baba,92.753627,27.40966,92.753627,4,medium_research_only,SAME_ROLE_ONLY;RESEARCH_ONLY;SAMPLE_TOO_SMALL_LOCAL_11_MATCHES_NOT_PRODUCTION_READY,True,False
WINGER,21573,Mohamed Rayhi,477555,Adam Brika,87.252619,42.104097,87.252619,4,medium_research_only,SAME_ROLE_ONLY;RESEARCH_ONLY;SAMPLE_TOO_SMALL_LOCAL_11_MATCHES_NOT_PRODUCTION_READY,True,False
WINGER,21573,Mohamed Rayhi,477681,Brahim Ait Hammou,95.964471,30.938273,95.964471,4,medium_research_only,SAME_ROLE_ONLY;RESEARCH_ONLY;SAMPLE_TOO_SMALL_LOCAL_11_MATCHES_NOT_PRODUCTION_READY,True,False
WINGER,21573,Mohamed Rayhi,523309,Jalal-Eddine El Khfiyef,94.4814,25.877234,94.4814,4,medium_research_only,SAME_ROLE_ONLY;RESEARCH_ONLY;SAMPLE_TOO_SMALL_LOCAL_11_MATCHES_NOT_PRODUCTION_READY,True,False
WINGER,21573,Mohamed Rayhi,523314,Mouhcine Boussanane,91.776162,30.943788,91.776162,4,medium_research_only,SAME_ROLE_ONLY;RESEARCH_ONLY;SAMPLE_TOO_SMALL_LOCAL_11_MATCHES_NOT_PRODUCTION_READY,True,False
WINGER,21573,Mohamed Rayhi,523338,Salah Eddine Essalehy,91.862372,32.969555,91.862372,4,medium_research_only,SAME_ROLE_ONLY;RESEARCH_ONLY;SAMPLE_TOO_SMALL_LOCAL_11_MATCHES_NOT_PRODUCTION_READY,True,False
WINGER,21573,Mohamed Rayhi,524395,Amine Dghoughi,99.348056,27.712529,99.348056,4,medium_research_only,SAME_ROLE_ONLY;RESEARCH_ONLY;SAMPLE_TOO_SMALL_LOCAL_11_MATCHES_NOT_PRODUCTION_READY,True,False
WINGER,34952,Soufyan Ahannach,46648,Marwane Elaz,98.72336,8.591066,98.72336,4,medium_research_only,SAME_ROLE_ONLY;RESEARCH_ONLY;SAMPLE_TOO_SMALL_LOCAL_11_MATCHES_NOT_PRODUCTION_READY,True,False
WINGER,34952,Soufyan Ahannach,64615,Thembinkosi Lorch,96.808657,37.739572,96.808657,4,medium_research_only,SAME_ROLE_ONLY;RESEARCH_ONLY;SAMPLE_TOO_SMALL_LOCAL_11_MATCHES_NOT_PRODUCTION_READY,True,False
WINGER,34952,Soufyan Ahannach,126527,Kabelo Seakanyeng,94.283971,19.938656,94.283971,4,medium_research_only,SAME_ROLE_ONLY;RESEARCH_ONLY;SAMPLE_TOO_SMALL_LOCAL_11_MATCHES_NOT_PRODUCTION_READY,True,False
WINGER,34952,Soufyan Ahannach,132614,Walid Nassi Ouled Bentle,89.062634,61.421931,89.062634,4,medium_research_only,SAME_ROLE_ONLY;RESEARCH_ONLY;SAMPLE_TOO_SMALL_LOCAL_11_MATCHES_NOT_PRODUCTION_READY,True,False
WINGER,34952,Soufyan Ahannach,139001,Youssef Anouar,99.549722,12.028579,99.549722,4,medium_research_only,SAME_ROLE_ONLY;RESEARCH_ONLY;SAMPLE_TOO_SMALL_LOCAL_11_MATCHES_NOT_PRODUCTION_READY,True,False
WINGER,34952,Soufyan Ahannach,139008,Amine Souane,99.660545,11.228138,99.660545,4,medium_research_only,SAME_ROLE_ONLY;RESEARCH_ONLY;SAMPLE_TOO_SMALL_LOCAL_11_MATCHES_NOT_PRODUCTION_READY,True,False
WINGER,34952,Soufyan Ahannach,139017,Salah-eddine Benyachou,90.354141,24.059435,90.354141,4,medium_research_only,SAME_ROLE_ONLY;RESEARCH_ONLY;SAMPLE_TOO_SMALL_LOCAL_11_MATCHES_NOT_PRODUCTION_READY,True,False
WINGER,34952,Soufyan Ahannach,140874,Reda Slim,95.233139,33.428125,95.233139,4,medium_research_only,SAME_ROLE_ONLY;RESEARCH_ONLY;SAMPLE_TOO_SMALL_LOCAL_11_MATCHES_NOT_PRODUCTION_READY,True,False
WINGER,34952,Soufyan Ahannach,179311,Imad Riahi,83.364265,43.075752,83.364265,4,medium_research_only,SAME_ROLE_ONLY;RESEARCH_ONLY;SAMPLE_TOO_SMALL_LOCAL_11_MATCHES_NOT_PRODUCTION_READY,True,False
WINGER,34952,Soufyan Ahannach,194914,Chouaib Faidi,94.733518,31.473039,94.733518,4,medium_research_only,SAME_ROLE_ONLY;RESEARCH_ONLY;SAMPLE_TOO_SMALL_LOCAL_11_MATCHES_NOT_PRODUCTION_READY,True,False
WINGER,34952,Soufyan Ahannach,195301,Fahd Bendahmane,98.443298,8.52449,98.443298,4,medium_research_only,SAME_ROLE_ONLY;RESEARCH_ONLY;SAMPLE_TOO_SMALL_LOCAL_11_MATCHES_NOT_PRODUCTION_READY,True,False
WINGER,34952,Soufyan Ahannach,312938,Yassine Lamine,99.396875,9.511315,99.396875,4,medium_research_only,SAME_ROLE_ONLY;RESEARCH_ONLY;SAMPLE_TOO_SMALL_LOCAL_11_MATCHES_NOT_PRODUCTION_READY,True,False
WINGER,34952,Soufyan Ahannach,358748,Abdellah Ait Brahim,99.335782,13.550872,99.335782,4,medium_research_only,SAME_ROLE_ONLY;RESEARCH_ONLY;SAMPLE_TOO_SMALL_LOCAL_11_MATCHES_NOT_PRODUCTION_READY,True,False
WINGER,34952,Soufyan Ahannach,387245,Anass Eddaou,92.461039,42.882767,92.461039,4,medium_research_only,SAME_ROLE_ONLY;RESEARCH_ONLY;SAMPLE_TOO_SMALL_LOCAL_11_MATCHES_NOT_PRODUCTION_READY,True,False
WINGER,34952,Soufyan Ahannach,399624,Mohamed Zinaf,86.661505,25.596814,86.661505,4,medium_research_only,SAME_ROLE_ONLY;RESEARCH_ONLY;SAMPLE_TOO_SMALL_LOCAL_11_MATCHES_NOT_PRODUCTION_READY,True,False
WINGER,34952,Soufyan Ahannach,407663,Mohamed Habbali,96.629648,12.122437,96.629648,4,medium_research_only,SAME_ROLE_ONLY;RESEARCH_ONLY;SAMPLE_TOO_SMALL_LOCAL_11_MATCHES_NOT_PRODUCTION_READY,True,False
WINGER,34952,Soufyan Ahannach,407665,Soufiane Jazouli,94.030862,25.509958,94.030862,4,medium_research_only,SAME_ROLE_ONLY;RESEARCH_ONLY;SAMPLE_TOO_SMALL_LOCAL_11_MATCHES_NOT_PRODUCTION_READY,True,False
WINGER,34952,Soufyan Ahannach,409131,Abdellatif Benkassou,94.854474,15.907587,94.854474,4,medium_research_only,SAME_ROLE_ONLY;RESEARCH_ONLY;SAMPLE_TOO_SMALL_LOCAL_11_MATCHES_NOT_PRODUCTION_READY,True,False
WINGER,34952,Soufyan Ahannach,435547,Abdallah Ziani,99.412878,10.388983,99.412878,4,medium_research_only,SAME_ROLE_ONLY;RESEARCH_ONLY;SAMPLE_TOO_SMALL_LOCAL_11_MATCHES_NOT_PRODUCTION_READY,True,False
WINGER,34952,Soufyan Ahannach,442098,Khalid Baba,98.770767,8.438699,98.770767,4,medium_research_only,SAME_ROLE_ONLY;RESEARCH_ONLY;SAMPLE_TOO_SMALL_LOCAL_11_MATCHES_NOT_PRODUCTION_READY,True,False
WINGER,34952,Soufyan Ahannach,477555,Adam Brika,83.883615,26.004426,83.883615,4,medium_research_only,SAME_ROLE_ONLY;RESEARCH_ONLY;SAMPLE_TOO_SMALL_LOCAL_11_MATCHES_NOT_PRODUCTION_READY,True,False
WINGER,34952,Soufyan Ahannach,477681,Brahim Ait Hammou,95.494974,15.282097,95.494974,4,medium_research_only,SAME_ROLE_ONLY;RESEARCH_ONLY;SAMPLE_TOO_SMALL_LOCAL_11_MATCHES_NOT_PRODUCTION_READY,True,False
WINGER,34952,Soufyan Ahannach,523309,Jalal-Eddine El Khfiyef,98.604875,8.018917,98.604875,4,medium_research_only,SAME_ROLE_ONLY;RESEARCH_ONLY;SAMPLE_TOO_SMALL_LOCAL_11_MATCHES_NOT_PRODUCTION_READY,True,False
WINGER,34952,Soufyan Ahannach,523314,Mouhcine Boussanane,97.712906,10.094985,97.712906,4,medium_research_only,SAME_ROLE_ONLY;RESEARCH_ONLY;SAMPLE_TOO_SMALL_LOCAL_11_MATCHES_NOT_PRODUCTION_READY,True,False
WINGER,34952,Soufyan Ahannach,523338,Salah Eddine Essalehy,92.229226,17.932858,92.229226,4,medium_research_only,SAME_ROLE_ONLY;RESEARCH_ONLY;SAMPLE_TOO_SMALL_LOCAL_11_MATCHES_NOT_PRODUCTION_READY,True,False
WINGER,34952,Soufyan Ahannach,524395,Amine Dghoughi,94.424625,49.814627,94.424625,4,medium_research_only,SAME_ROLE_ONLY;RESEARCH_ONLY;SAMPLE_TOO_SMALL_LOCAL_11_MATCHES_NOT_PRODUCTION_READY,True,False
WINGER,46648,Marwane Elaz,64615,Thembinkosi Lorch,95.458713,36.927783,95.458713,4,medium_research_only,SAME_ROLE_ONLY;RESEARCH_ONLY;SAMPLE_TOO_SMALL_LOCAL_11_MATCHES_NOT_PRODUCTION_READY,True,False
WINGER,46648,Marwane Elaz,126527,Kabelo Seakanyeng,95.025113,22.78289,95.025113,4,medium_research_only,SAME_ROLE_ONLY;RESEARCH_ONLY;SAMPLE_TOO_SMALL_LOCAL_11_MATCHES_NOT_PRODUCTION_READY,True,False
WINGER,46648,Marwane Elaz,132614,Walid Nassi Ouled Bentle,85.686973,63.039306,85.686973,4,medium_research_only,SAME_ROLE_ONLY;RESEARCH_ONLY;SAMPLE_TOO_SMALL_LOCAL_11_MATCHES_NOT_PRODUCTION_READY,True,False
WINGER,46648,Marwane Elaz,139001,Youssef Anouar,99.381364,9.73717,99.381364,4,medium_research_only,SAME_ROLE_ONLY;RESEARCH_ONLY;SAMPLE_TOO_SMALL_LOCAL_11_MATCHES_NOT_PRODUCTION_READY,True,False
WINGER,46648,Marwane Elaz,139008,Amine Souane,97.158417,15.080954,97.158417,4,medium_research_only,SAME_ROLE_ONLY;RESEARCH_ONLY;SAMPLE_TOO_SMALL_LOCAL_11_MATCHES_NOT_PRODUCTION_READY,True,False
WINGER,46648,Marwane Elaz,139017,Salah-eddine Benyachou,86.345368,28.830609,86.345368,4,medium_research_only,SAME_ROLE_ONLY;RESEARCH_ONLY;SAMPLE_TOO_SMALL_LOCAL_11_MATCHES_NOT_PRODUCTION_READY,True,False
WINGER,46648,Marwane Elaz,140874,Reda Slim,94.448265,32.406417,94.448265,4,medium_research_only,SAME_ROLE_ONLY;RESEARCH_ONLY;SAMPLE_TOO_SMALL_LOCAL_11_MATCHES_NOT_PRODUCTION_READY,True,False
WINGER,46648,Marwane Elaz,179311,Imad Riahi,82.727701,43.41465,82.727701,4,medium_research_only,SAME_ROLE_ONLY;RESEARCH_ONLY;SAMPLE_TOO_SMALL_LOCAL_11_MATCHES_NOT_PRODUCTION_READY,True,False
WINGER,46648,Marwane Elaz,194914,Chouaib Faidi,92.758619,32.276529,92.758619,4,medium_research_only,SAME_ROLE_ONLY;RESEARCH_ONLY;SAMPLE_TOO_SMALL_LOCAL_11_MATCHES_NOT_PRODUCTION_READY,True,False
WINGER,46648,Marwane Elaz,195301,Fahd Bendahmane,98.204393,9.745707,98.204393,4,medium_research_only,SAME_ROLE_ONLY;RESEARCH_ONLY;SAMPLE_TOO_SMALL_LOCAL_11_MATCHES_NOT_PRODUCTION_READY,True,False
WINGER,46648,Marwane Elaz,312938,Yassine Lamine,97.943551,14.674163,97.943551,4,medium_research_only,SAME_ROLE_ONLY;RESEARCH_ONLY;SAMPLE_TOO_SMALL_LOCAL_11_MATCHES_NOT_PRODUCTION_READY,True,False
WINGER,46648,Marwane Elaz,358748,Abdellah Ait Brahim,99.092078,11.518468,99.092078,4,medium_research_only,SAME_ROLE_ONLY;RESEARCH_ONLY;SAMPLE_TOO_SMALL_LOCAL_11_MATCHES_NOT_PRODUCTION_READY,True,False
WINGER,46648,Marwane Elaz,387245,Anass Eddaou,85.86533,48.303047,85.86533,4,medium_research_only,SAME_ROLE_ONLY;RESEARCH_ONLY;SAMPLE_TOO_SMALL_LOCAL_11_MATCHES_NOT_PRODUCTION_READY,True,False
WINGER,46648,Marwane Elaz,399624,Mohamed Zinaf,86.259399,27.069229,86.259399,4,medium_research_only,SAME_ROLE_ONLY;RESEARCH_ONLY;SAMPLE_TOO_SMALL_LOCAL_11_MATCHES_NOT_PRODUCTION_READY,True,False
WINGER,46648,Marwane Elaz,407663,Mohamed Habbali,93.733578,18.005399,93.733578,4,medium_research_only,SAME_ROLE_ONLY;RESEARCH_ONLY;SAMPLE_TOO_SMALL_LOCAL_11_MATCHES_NOT_PRODUCTION_READY,True,False
WINGER,46648,Marwane Elaz,407665,Soufiane Jazouli,94.591455,23.474456,94.591455,4,medium_research_only,SAME_ROLE_ONLY;RESEARCH_ONLY;SAMPLE_TOO_SMALL_LOCAL_11_MATCHES_NOT_PRODUCTION_READY,True,False
WINGER,46648,Marwane Elaz,409131,Abdellatif Benkassou,94.813067,18.714706,94.813067,4,medium_research_only,SAME_ROLE_ONLY;RESEARCH_ONLY;SAMPLE_TOO_SMALL_LOCAL_11_MATCHES_NOT_PRODUCTION_READY,True,False
WINGER,46648,Marwane Elaz,435547,Abdallah Ziani,98.910488,9.686079,98.910488,4,medium_research_only,SAME_ROLE_ONLY;RESEARCH_ONLY;SAMPLE_TOO_SMALL_LOCAL_11_MATCHES_NOT_PRODUCTION_READY,True,False
WINGER,46648,Marwane Elaz,442098,Khalid Baba,99.294097,6.140756,99.294097,4,medium_research_only,SAME_ROLE_ONLY;RESEARCH_ONLY;SAMPLE_TOO_SMALL_LOCAL_11_MATCHES_NOT_PRODUCTION_READY,True,False
WINGER,46648,Marwane Elaz,477555,Adam Brika,85.308251,28.770612,85.308251,4,medium_research_only,SAME_ROLE_ONLY;RESEARCH_ONLY;SAMPLE_TOO_SMALL_LOCAL_11_MATCHES_NOT_PRODUCTION_READY,True,False
WINGER,46648,Marwane Elaz,477681,Brahim Ait Hammou,93.555883,19.843271,93.555883,4,medium_research_only,SAME_ROLE_ONLY;RESEARCH_ONLY;SAMPLE_TOO_SMALL_LOCAL_11_MATCHES_NOT_PRODUCTION_READY,True,False
WINGER,46648,Marwane Elaz,523309,Jalal-Eddine El Khfiyef,97.212643,12.041637,97.212643,4,medium_research_only,SAME_ROLE_ONLY;RESEARCH_ONLY;SAMPLE_TOO_SMALL_LOCAL_11_MATCHES_NOT_PRODUCTION_READY,True,False
WINGER,46648,Marwane Elaz,523314,Mouhcine Boussanane,97.652985,12.258362,97.652985,4,medium_research_only,SAME_ROLE_ONLY;RESEARCH_ONLY;SAMPLE_TOO_SMALL_LOCAL_11_MATCHES_NOT_PRODUCTION_READY,True,False
WINGER,46648,Marwane Elaz,523338,Salah Eddine Essalehy,90.688878,21.732163,90.688878,4,medium_research_only,SAME_ROLE_ONLY;RESEARCH_ONLY;SAMPLE_TOO_SMALL_LOCAL_11_MATCHES_NOT_PRODUCTION_READY,True,False
WINGER,46648,Marwane Elaz,524395,Amine Dghoughi,88.554994,53.937314,88.554994,4,medium_research_only,SAME_ROLE_ONLY;RESEARCH_ONLY;SAMPLE_TOO_SMALL_LOCAL_11_MATCHES_NOT_PRODUCTION_READY,True,False
WINGER,64615,Thembinkosi Lorch,126527,Kabelo Seakanyeng,88.365778,55.17968,88.365778,4,medium_research_only,SAME_ROLE_ONLY;RESEARCH_ONLY;SAMPLE_TOO_SMALL_LOCAL_11_MATCHES_NOT_PRODUCTION_READY,True,False
WINGER,64615,Thembinkosi Lorch,132614,Walid Nassi Ouled Bentle,97.005002,30.877178,97.005002,4,medium_research_only,SAME_ROLE_ONLY;RESEARCH_ONLY;SAMPLE_TOO_SMALL_LOCAL_11_MATCHES_NOT_PRODUCTION_READY,True,False
WINGER,64615,Thembinkosi Lorch,139001,Youssef Anouar,94.744199,33.808643,94.744199,4,medium_research_only,SAME_ROLE_ONLY;RESEARCH_ONLY;SAMPLE_TOO_SMALL_LOCAL_11_MATCHES_NOT_PRODUCTION_READY,True,False
WINGER,64615,Thembinkosi Lorch,139008,Amine Souane,96.225396,31.450282,96.225396,4,medium_research_only,SAME_ROLE_ONLY;RESEARCH_ONLY;SAMPLE_TOO_SMALL_LOCAL_11_MATCHES_NOT_PRODUCTION_READY,True,False
WINGER,64615,Thembinkosi Lorch,139017,Salah-eddine Benyachou,82.907711,50.461979,82.907711,4,medium_research_only,SAME_ROLE_ONLY;RESEARCH_ONLY;SAMPLE_TOO_SMALL_LOCAL_11_MATCHES_NOT_PRODUCTION_READY,True,False
WINGER,64615,Thembinkosi Lorch,140874,Reda Slim,98.69441,15.952553,98.69441,4,medium_research_only,SAME_ROLE_ONLY;RESEARCH_ONLY;SAMPLE_TOO_SMALL_LOCAL_11_MATCHES_NOT_PRODUCTION_READY,True,False
WINGER,64615,Thembinkosi Lorch,179311,Imad Riahi,94.101343,31.555366,94.101343,4,medium_research_only,SAME_ROLE_ONLY;RESEARCH_ONLY;SAMPLE_TOO_SMALL_LOCAL_11_MATCHES_NOT_PRODUCTION_READY,True,False
WINGER,64615,Thembinkosi Lorch,194914,Chouaib Faidi,94.365605,30.906593,94.365605,4,medium_research_only,SAME_ROLE_ONLY;RESEARCH_ONLY;SAMPLE_TOO_SMALL_LOCAL_11_MATCHES_NOT_PRODUCTION_READY,True,False
WINGER,64615,Thembinkosi Lorch,195301,Fahd Bendahmane,91.306842,43.065035,91.306842,4,medium_research_only,SAME_ROLE_ONLY;RESEARCH_ONLY;SAMPLE_TOO_SMALL_LOCAL_11_MATCHES_NOT_PRODUCTION_READY,True,False
WINGER,64615,Thembinkosi Lorch,312938,Yassine Lamine,96.65983,44.738108,96.65983,4,medium_research_only,SAME_ROLE_ONLY;RESEARCH_ONLY;SAMPLE_TOO_SMALL_LOCAL_11_MATCHES_NOT_PRODUCTION_READY,True,False
WINGER,64615,Thembinkosi Lorch,358748,Abdellah Ait Brahim,94.283766,34.123737,94.283766,4,medium_research_only,SAME_ROLE_ONLY;RESEARCH_ONLY;SAMPLE_TOO_SMALL_LOCAL_11_MATCHES_NOT_PRODUCTION_READY,True,False
WINGER,64615,Thembinkosi Lorch,387245,Anass Eddaou,90.606098,41.117569,90.606098,4,medium_research_only,SAME_ROLE_ONLY;RESEARCH_ONLY;SAMPLE_TOO_SMALL_LOCAL_11_MATCHES_NOT_PRODUCTION_READY,True,False
WINGER,64615,Thembinkosi Lorch,399624,Mohamed Zinaf,96.195129,36.00793,96.195129,4,medium_research_only,SAME_ROLE_ONLY;RESEARCH_ONLY;SAMPLE_TOO_SMALL_LOCAL_11_MATCHES_NOT_PRODUCTION_READY,True,False
WINGER,64615,Thembinkosi Lorch,407663,Mohamed Habbali,95.882526,42.046127,95.882526,4,medium_research_only,SAME_ROLE_ONLY;RESEARCH_ONLY;SAMPLE_TOO_SMALL_LOCAL_11_MATCHES_NOT_PRODUCTION_READY,True,False
WINGER,64615,Thembinkosi Lorch,407665,Soufiane Jazouli,98.798857,21.65048,98.798857,4,medium_research_only,SAME_ROLE_ONLY;RESEARCH_ONLY;SAMPLE_TOO_SMALL_LOCAL_11_MATCHES_NOT_PRODUCTION_READY,True,False
WINGER,64615,Thembinkosi Lorch,409131,Abdellatif Benkassou,99.183641,44.042747,99.183641,4,medium_research_only,SAME_ROLE_ONLY;RESEARCH_ONLY;SAMPLE_TOO_SMALL_LOCAL_11_MATCHES_NOT_PRODUCTION_READY,True,False
WINGER,64615,Thembinkosi Lorch,435547,Abdallah Ziani,95.820983,33.125078,95.820983,4,medium_research_only,SAME_ROLE_ONLY;RESEARCH_ONLY;SAMPLE_TOO_SMALL_LOCAL_11_MATCHES_NOT_PRODUCTION_READY,True,False
WINGER,64615,Thembinkosi Lorch,442098,Khalid Baba,98.207781,33.116934,98.207781,4,medium_research_only,SAME_ROLE_ONLY;RESEARCH_ONLY;SAMPLE_TOO_SMALL_LOCAL_11_MATCHES_NOT_PRODUCTION_READY,True,False
WINGER,64615,Thembinkosi Lorch,477555,Adam Brika,79.015622,60.164167,79.015622,4,medium_research_only,SAME_ROLE_ONLY;RESEARCH_ONLY;SAMPLE_TOO_SMALL_LOCAL_11_MATCHES_NOT_PRODUCTION_READY,True,False
WINGER,64615,Thembinkosi Lorch,477681,Brahim Ait Hammou,98.908937,44.262812,98.908937,4,medium_research_only,SAME_ROLE_ONLY;RESEARCH_ONLY;SAMPLE_TOO_SMALL_LOCAL_11_MATCHES_NOT_PRODUCTION_READY,True,False
WINGER,64615,Thembinkosi Lorch,523309,Jalal-Eddine El Khfiyef,99.589643,33.272653,99.589643,4,medium_research_only,SAME_ROLE_ONLY;RESEARCH_ONLY;SAMPLE_TOO_SMALL_LOCAL_11_MATCHES_NOT_PRODUCTION_READY,True,False
WINGER,64615,Thembinkosi Lorch,523314,Mouhcine Boussanane,89.693334,46.980958,89.693334,4,medium_research_only,SAME_ROLE_ONLY;RESEARCH_ONLY;SAMPLE_TOO_SMALL_LOCAL_11_MATCHES_NOT_PRODUCTION_READY,True,False
WINGER,64615,Thembinkosi Lorch,523338,Salah Eddine Essalehy,81.38461,54.70637,81.38461,4,medium_research_only,SAME_ROLE_ONLY;RESEARCH_ONLY;SAMPLE_TOO_SMALL_LOCAL_11_MATCHES_NOT_PRODUCTION_READY,True,False
WINGER,64615,Thembinkosi Lorch,524395,Amine Dghoughi,92.322821,40.959224,92.322821,4,medium_research_only,SAME_ROLE_ONLY;RESEARCH_ONLY;SAMPLE_TOO_SMALL_LOCAL_11_MATCHES_NOT_PRODUCTION_READY,True,False
WINGER,126527,Kabelo Seakanyeng,132614,Walid Nassi Ouled Bentle,77.08281,75.997519,77.08281,4,medium_research_only,SAME_ROLE_ONLY;RESEARCH_ONLY;SAMPLE_TOO_SMALL_LOCAL_11_MATCHES_NOT_PRODUCTION_READY,True,False
WINGER,126527,Kabelo Seakanyeng,139001,Youssef Anouar,95.093186,29.877536,95.093186,4,medium_research_only,SAME_ROLE_ONLY;RESEARCH_ONLY;SAMPLE_TOO_SMALL_LOCAL_11_MATCHES_NOT_PRODUCTION_READY,True,False
WINGER,126527,Kabelo Seakanyeng,139008,Amine Souane,93.883603,29.921306,93.883603,4,medium_research_only,SAME_ROLE_ONLY;RESEARCH_ONLY;SAMPLE_TOO_SMALL_LOCAL_11_MATCHES_NOT_PRODUCTION_READY,True,False
WINGER,126527,Kabelo Seakanyeng,139017,Salah-eddine Benyachou,94.782764,26.907754,94.782764,4,medium_research_only,SAME_ROLE_ONLY;RESEARCH_ONLY;SAMPLE_TOO_SMALL_LOCAL_11_MATCHES_NOT_PRODUCTION_READY,True,False
WINGER,126527,Kabelo Seakanyeng,140874,Reda Slim,82.852774,50.899895,82.852774,4,medium_research_only,SAME_ROLE_ONLY;RESEARCH_ONLY;SAMPLE_TOO_SMALL_LOCAL_11_MATCHES_NOT_PRODUCTION_READY,True,False
WINGER,126527,Kabelo Seakanyeng,179311,Imad Riahi,70.927428,52.665186,70.927428,4,medium_research_only,SAME_ROLE_ONLY;RESEARCH_ONLY;SAMPLE_TOO_SMALL_LOCAL_11_MATCHES_NOT_PRODUCTION_READY,True,False
WINGER,126527,Kabelo Seakanyeng,194914,Chouaib Faidi,96.163185,42.543324,96.163185,4,medium_research_only,SAME_ROLE_ONLY;RESEARCH_ONLY;SAMPLE_TOO_SMALL_LOCAL_11_MATCHES_NOT_PRODUCTION_READY,True,False
WINGER,126527,Kabelo Seakanyeng,195301,Fahd Bendahmane,94.684675,20.945635,94.684675,4,medium_research_only,SAME_ROLE_ONLY;RESEARCH_ONLY;SAMPLE_TOO_SMALL_LOCAL_11_MATCHES_NOT_PRODUCTION_READY,True,False
WINGER,126527,Kabelo Seakanyeng,312938,Yassine Lamine,96.44667,11.113225,96.44667,4,medium_research_only,SAME_ROLE_ONLY;RESEARCH_ONLY;SAMPLE_TOO_SMALL_LOCAL_11_MATCHES_NOT_PRODUCTION_READY,True,False
WINGER,126527,Kabelo Seakanyeng,358748,Abdellah Ait Brahim,93.644048,31.653801,93.644048,4,medium_research_only,SAME_ROLE_ONLY;RESEARCH_ONLY;SAMPLE_TOO_SMALL_LOCAL_11_MATCHES_NOT_PRODUCTION_READY,True,False
WINGER,126527,Kabelo Seakanyeng,387245,Anass Eddaou,87.096881,56.061791,87.096881,4,medium_research_only,SAME_ROLE_ONLY;RESEARCH_ONLY;SAMPLE_TOO_SMALL_LOCAL_11_MATCHES_NOT_PRODUCTION_READY,True,False
WINGER,126527,Kabelo Seakanyeng,399624,Mohamed Zinaf,76.653767,30.980411,76.653767,4,medium_research_only,SAME_ROLE_ONLY;RESEARCH_ONLY;SAMPLE_TOO_SMALL_LOCAL_11_MATCHES_NOT_PRODUCTION_READY,True,False
WINGER,126527,Kabelo Seakanyeng,407663,Mohamed Habbali,95.074089,15.583312,95.074089,4,medium_research_only,SAME_ROLE_ONLY;RESEARCH_ONLY;SAMPLE_TOO_SMALL_LOCAL_11_MATCHES_NOT_PRODUCTION_READY,True,False
WINGER,126527,Kabelo Seakanyeng,407665,Soufiane Jazouli,84.479894,39.679985,84.479894,4,medium_research_only,SAME_ROLE_ONLY;RESEARCH_ONLY;SAMPLE_TOO_SMALL_LOCAL_11_MATCHES_NOT_PRODUCTION_READY,True,False
WINGER,126527,Kabelo Seakanyeng,409131,Abdellatif Benkassou,89.461444,14.508519,89.461444,4,medium_research_only,SAME_ROLE_ONLY;RESEARCH_ONLY;SAMPLE_TOO_SMALL_LOCAL_11_MATCHES_NOT_PRODUCTION_READY,True,False
WINGER,126527,Kabelo Seakanyeng,435547,Abdallah Ziani,91.820899,29.339683,91.820899,4,medium_research_only,SAME_ROLE_ONLY;RESEARCH_ONLY;SAMPLE_TOO_SMALL_LOCAL_11_MATCHES_NOT_PRODUCTION_READY,True,False
WINGER,126527,Kabelo Seakanyeng,442098,Khalid Baba,93.802273,23.392435,93.802273,4,medium_research_only,SAME_ROLE_ONLY;RESEARCH_ONLY;SAMPLE_TOO_SMALL_LOCAL_11_MATCHES_NOT_PRODUCTION_READY,True,False
WINGER,126527,Kabelo Seakanyeng,477555,Adam Brika,96.731732,6.321035,96.731732,4,medium_research_only,SAME_ROLE_ONLY;RESEARCH_ONLY;SAMPLE_TOO_SMALL_LOCAL_11_MATCHES_NOT_PRODUCTION_READY,True,False
WINGER,126527,Kabelo Seakanyeng,477681,Brahim Ait Hammou,90.671595,13.825524,90.671595,4,medium_research_only,SAME_ROLE_ONLY;RESEARCH_ONLY;SAMPLE_TOO_SMALL_LOCAL_11_MATCHES_NOT_PRODUCTION_READY,True,False
WINGER,126527,Kabelo Seakanyeng,523309,Jalal-Eddine El Khfiyef,90.357144,22.973721,90.357144,4,medium_research_only,SAME_ROLE_ONLY;RESEARCH_ONLY;SAMPLE_TOO_SMALL_LOCAL_11_MATCHES_NOT_PRODUCTION_READY,True,False
WINGER,126527,Kabelo Seakanyeng,523314,Mouhcine Boussanane,96.052877,15.681225,96.052877,4,medium_research_only,SAME_ROLE_ONLY;RESEARCH_ONLY;SAMPLE_TOO_SMALL_LOCAL_11_MATCHES_NOT_PRODUCTION_READY,True,False
WINGER,126527,Kabelo Seakanyeng,523338,Salah Eddine Essalehy,96.211266,11.71163,96.211266,4,medium_research_only,SAME_ROLE_ONLY;RESEARCH_ONLY;SAMPLE_TOO_SMALL_LOCAL_11_MATCHES_NOT_PRODUCTION_READY,True,False
WINGER,126527,Kabelo Seakanyeng,524395,Amine Dghoughi,89.184518,64.662151,89.184518,4,medium_research_only,SAME_ROLE_ONLY;RESEARCH_ONLY;SAMPLE_TOO_SMALL_LOCAL_11_MATCHES_NOT_PRODUCTION_READY,True,False
WINGER,132614,Walid Nassi Ouled Bentle,139001,Youssef Anouar,85.084389,61.431621,85.084389,4,medium_research_only,SAME_ROLE_ONLY;RESEARCH_ONLY;SAMPLE_TOO_SMALL_LOCAL_11_MATCHES_NOT_PRODUCTION_READY,True,False
WINGER,132614,Walid Nassi Ouled Bentle,139008,Amine Souane,89.328471,56.336593,89.328471,4,medium_research_only,SAME_ROLE_ONLY;RESEARCH_ONLY;SAMPLE_TOO_SMALL_LOCAL_11_MATCHES_NOT_PRODUCTION_READY,True,False
WINGER,132614,Walid Nassi Ouled Bentle,139017,Salah-eddine Benyachou,75.039955,72.456194,75.039955,4,medium_research_only,SAME_ROLE_ONLY;RESEARCH_ONLY;SAMPLE_TOO_SMALL_LOCAL_11_MATCHES_NOT_PRODUCTION_READY,True,False
WINGER,132614,Walid Nassi Ouled Bentle,140874,Reda Slim,96.04961,36.698767,96.04961,4,medium_research_only,SAME_ROLE_ONLY;RESEARCH_ONLY;SAMPLE_TOO_SMALL_LOCAL_11_MATCHES_NOT_PRODUCTION_READY,True,False
WINGER,132614,Walid Nassi Ouled Bentle,179311,Imad Riahi,97.596953,33.955772,97.596953,4,medium_research_only,SAME_ROLE_ONLY;RESEARCH_ONLY;SAMPLE_TOO_SMALL_LOCAL_11_MATCHES_NOT_PRODUCTION_READY,True,False
WINGER,132614,Walid Nassi Ouled Bentle,194914,Chouaib Faidi,88.975566,53.012608,88.975566,4,medium_research_only,SAME_ROLE_ONLY;RESEARCH_ONLY;SAMPLE_TOO_SMALL_LOCAL_11_MATCHES_NOT_PRODUCTION_READY,True,False
WINGER,132614,Walid Nassi Ouled Bentle,195301,Fahd Bendahmane,80.34866,68.50629,80.34866,4,medium_research_only,SAME_ROLE_ONLY;RESEARCH_ONLY;SAMPLE_TOO_SMALL_LOCAL_11_MATCHES_NOT_PRODUCTION_READY,True,False
WINGER,132614,Walid Nassi Ouled Bentle,312938,Yassine Lamine,89.147547,66.179452,89.147547,4,medium_research_only,SAME_ROLE_ONLY;RESEARCH_ONLY;SAMPLE_TOO_SMALL_LOCAL_11_MATCHES_NOT_PRODUCTION_READY,True,False
WINGER,132614,Walid Nassi Ouled Bentle,358748,Abdellah Ait Brahim,84.682118,61.66795,84.682118,4,medium_research_only,SAME_ROLE_ONLY;RESEARCH_ONLY;SAMPLE_TOO_SMALL_LOCAL_11_MATCHES_NOT_PRODUCTION_READY,True,False
WINGER,132614,Walid Nassi Ouled Bentle,387245,Anass Eddaou,88.85734,52.720077,88.85734,4,medium_research_only,SAME_ROLE_ONLY;RESEARCH_ONLY;SAMPLE_TOO_SMALL_LOCAL_11_MATCHES_NOT_PRODUCTION_READY,True,False
WINGER,132614,Walid Nassi Ouled Bentle,399624,Mohamed Zinaf,98.041923,49.701323,98.041923,4,medium_research_only,SAME_ROLE_ONLY;RESEARCH_ONLY;SAMPLE_TOO_SMALL_LOCAL_11_MATCHES_NOT_PRODUCTION_READY,True,False
WINGER,132614,Walid Nassi Ouled Bentle,407663,Mohamed Habbali,90.98409,62.317879,90.98409,4,medium_research_only,SAME_ROLE_ONLY;RESEARCH_ONLY;SAMPLE_TOO_SMALL_LOCAL_11_MATCHES_NOT_PRODUCTION_READY,True,False
WINGER,132614,Walid Nassi Ouled Bentle,407665,Soufiane Jazouli,95.824565,43.29426,95.824565,4,medium_research_only,SAME_ROLE_ONLY;RESEARCH_ONLY;SAMPLE_TOO_SMALL_LOCAL_11_MATCHES_NOT_PRODUCTION_READY,True,False
WINGER,132614,Walid Nassi Ouled Bentle,409131,Abdellatif Benkassou,95.871119,62.902083,95.871119,4,medium_research_only,SAME_ROLE_ONLY;RESEARCH_ONLY;SAMPLE_TOO_SMALL_LOCAL_11_MATCHES_NOT_PRODUCTION_READY,True,False
WINGER,132614,Walid Nassi Ouled Bentle,435547,Abdallah Ziani,87.500357,59.207836,87.500357,4,medium_research_only,SAME_ROLE_ONLY;RESEARCH_ONLY;SAMPLE_TOO_SMALL_LOCAL_11_MATCHES_NOT_PRODUCTION_READY,True,False
WINGER,132614,Walid Nassi Ouled Bentle,442098,Khalid Baba,90.810733,57.870678,90.810733,4,medium_research_only,SAME_ROLE_ONLY;RESEARCH_ONLY;SAMPLE_TOO_SMALL_LOCAL_11_MATCHES_NOT_PRODUCTION_READY,True,False
WINGER,132614,Walid Nassi Ouled Bentle,477555,Adam Brika,68.675895,79.700019,68.675895,4,medium_research_only,SAME_ROLE_ONLY;RESEARCH_ONLY;SAMPLE_TOO_SMALL_LOCAL_11_MATCHES_NOT_PRODUCTION_READY,True,False
WINGER,132614,Walid Nassi Ouled Bentle,477681,Brahim Ait Hammou,96.341761,62.630807,96.341761,4,medium_research_only,SAME_ROLE_ONLY;RESEARCH_ONLY;SAMPLE_TOO_SMALL_LOCAL_11_MATCHES_NOT_PRODUCTION_READY,True,False
WINGER,132614,Walid Nassi Ouled Bentle,523309,Jalal-Eddine El Khfiyef,94.976576,55.017964,94.976576,4,medium_research_only,SAME_ROLE_ONLY;RESEARCH_ONLY;SAMPLE_TOO_SMALL_LOCAL_11_MATCHES_NOT_PRODUCTION_READY,True,False
WINGER,132614,Walid Nassi Ouled Bentle,523314,Mouhcine Boussanane,77.949496,71.502272,77.949496,4,medium_research_only,SAME_ROLE_ONLY;RESEARCH_ONLY;SAMPLE_TOO_SMALL_LOCAL_11_MATCHES_NOT_PRODUCTION_READY,True,False
WINGER,132614,Walid Nassi Ouled Bentle,523338,Salah Eddine Essalehy,69.275935,77.552311,69.275935,4,medium_research_only,SAME_ROLE_ONLY;RESEARCH_ONLY;SAMPLE_TOO_SMALL_LOCAL_11_MATCHES_NOT_PRODUCTION_READY,True,False
WINGER,132614,Walid Nassi Ouled Bentle,524395,Amine Dghoughi,89.561796,52.27338,89.561796,4,medium_research_only,SAME_ROLE_ONLY;RESEARCH_ONLY;SAMPLE_TOO_SMALL_LOCAL_11_MATCHES_NOT_PRODUCTION_READY,True,False
WINGER,139001,Youssef Anouar,139008,Amine Souane,98.733411,9.851668,98.733411,4,medium_research_only,SAME_ROLE_ONLY;RESEARCH_ONLY;SAMPLE_TOO_SMALL_LOCAL_11_MATCHES_NOT_PRODUCTION_READY,True,False
WINGER,139001,Youssef Anouar,139017,Salah-eddine Benyachou,89.578945,27.521495,89.578945,4,medium_research_only,SAME_ROLE_ONLY;RESEARCH_ONLY;SAMPLE_TOO_SMALL_LOCAL_11_MATCHES_NOT_PRODUCTION_READY,True,False
WINGER,139001,Youssef Anouar,140874,Reda Slim,93.563082,30.771166,93.563082,4,medium_research_only,SAME_ROLE_ONLY;RESEARCH_ONLY;SAMPLE_TOO_SMALL_LOCAL_11_MATCHES_NOT_PRODUCTION_READY,True,False
WINGER,139001,Youssef Anouar,179311,Imad Riahi,79.986628,46.921251,79.986628,4,medium_research_only,SAME_ROLE_ONLY;RESEARCH_ONLY;SAMPLE_TOO_SMALL_LOCAL_11_MATCHES_NOT_PRODUCTION_READY,True,False
WINGER,139001,Youssef Anouar,194914,Chouaib Faidi,92.961786,29.842027,92.961786,4,medium_research_only,SAME_ROLE_ONLY;RESEARCH_ONLY;SAMPLE_TOO_SMALL_LOCAL_11_MATCHES_NOT_PRODUCTION_READY,True,False
WINGER,139001,Youssef Anouar,195301,Fahd Bendahmane,99.499243,11.035204,99.499243,4,medium_research_only,SAME_ROLE_ONLY;RESEARCH_ONLY;SAMPLE_TOO_SMALL_LOCAL_11_MATCHES_NOT_PRODUCTION_READY,True,False
WINGER,139001,Youssef Anouar,312938,Yassine Lamine,98.625369,20.785433,98.625369,4,medium_research_only,SAME_ROLE_ONLY;RESEARCH_ONLY;SAMPLE_TOO_SMALL_LOCAL_11_MATCHES_NOT_PRODUCTION_READY,True,False
WINGER,139001,Youssef Anouar,358748,Abdellah Ait Brahim,99.881739,3.259361,99.881739,4,medium_research_only,SAME_ROLE_ONLY;RESEARCH_ONLY;SAMPLE_TOO_SMALL_LOCAL_11_MATCHES_NOT_PRODUCTION_READY,True,False
WINGER,139001,Youssef Anouar,387245,Anass Eddaou,89.371839,42.424951,89.371839,4,medium_research_only,SAME_ROLE_ONLY;RESEARCH_ONLY;SAMPLE_TOO_SMALL_LOCAL_11_MATCHES_NOT_PRODUCTION_READY,True,False
WINGER,139001,Youssef Anouar,399624,Mohamed Zinaf,83.544608,33.346954,83.544608,4,medium_research_only,SAME_ROLE_ONLY;RESEARCH_ONLY;SAMPLE_TOO_SMALL_LOCAL_11_MATCHES_NOT_PRODUCTION_READY,True,False
WINGER,139001,Youssef Anouar,407663,Mohamed Habbali,94.64541,22.400161,94.64541,4,medium_research_only,SAME_ROLE_ONLY;RESEARCH_ONLY;SAMPLE_TOO_SMALL_LOCAL_11_MATCHES_NOT_PRODUCTION_READY,True,False
WINGER,139001,Youssef Anouar,407665,Soufiane Jazouli,92.500715,26.035792,92.500715,4,medium_research_only,SAME_ROLE_ONLY;RESEARCH_ONLY;SAMPLE_TOO_SMALL_LOCAL_11_MATCHES_NOT_PRODUCTION_READY,True,False
WINGER,139001,Youssef Anouar,409131,Abdellatif Benkassou,92.965325,26.689582,92.965325,4,medium_research_only,SAME_ROLE_ONLY;RESEARCH_ONLY;SAMPLE_TOO_SMALL_LOCAL_11_MATCHES_NOT_PRODUCTION_READY,True,False
WINGER,139001,Youssef Anouar,435547,Abdallah Ziani,99.522497,6.31878,99.522497,4,medium_research_only,SAME_ROLE_ONLY;RESEARCH_ONLY;SAMPLE_TOO_SMALL_LOCAL_11_MATCHES_NOT_PRODUCTION_READY,True,False
WINGER,139001,Youssef Anouar,442098,Khalid Baba,98.395589,12.595206,98.395589,4,medium_research_only,SAME_ROLE_ONLY;RESEARCH_ONLY;SAMPLE_TOO_SMALL_LOCAL_11_MATCHES_NOT_PRODUCTION_READY,True,False
WINGER,139001,Youssef Anouar,477555,Adam Brika,84.594247,36.095413,84.594247,4,medium_research_only,SAME_ROLE_ONLY;RESEARCH_ONLY;SAMPLE_TOO_SMALL_LOCAL_11_MATCHES_NOT_PRODUCTION_READY,True,False
WINGER,139001,Youssef Anouar,477681,Brahim Ait Hammou,92.96222,26.706184,92.96222,4,medium_research_only,SAME_ROLE_ONLY;RESEARCH_ONLY;SAMPLE_TOO_SMALL_LOCAL_11_MATCHES_NOT_PRODUCTION_READY,True,False
WINGER,139001,Youssef Anouar,523309,Jalal-Eddine El Khfiyef,97.088168,16.465285,97.088168,4,medium_research_only,SAME_ROLE_ONLY;RESEARCH_ONLY;SAMPLE_TOO_SMALL_LOCAL_11_MATCHES_NOT_PRODUCTION_READY,True,False
WINGER,139001,Youssef Anouar,523314,Mouhcine Boussanane,99.013161,16.083575,99.013161,4,medium_research_only,SAME_ROLE_ONLY;RESEARCH_ONLY;SAMPLE_TOO_SMALL_LOCAL_11_MATCHES_NOT_PRODUCTION_READY,True,False
WINGER,139001,Youssef Anouar,523338,Salah Eddine Essalehy,93.496183,25.320742,93.496183,4,medium_research_only,SAME_ROLE_ONLY;RESEARCH_ONLY;SAMPLE_TOO_SMALL_LOCAL_11_MATCHES_NOT_PRODUCTION_READY,True,False
WINGER,139001,Youssef Anouar,524395,Amine Dghoughi,91.686498,46.949046,91.686498,4,medium_research_only,SAME_ROLE_ONLY;RESEARCH_ONLY;SAMPLE_TOO_SMALL_LOCAL_11_MATCHES_NOT_PRODUCTION_READY,True,False
WINGER,139008,Amine Souane,139017,Salah-eddine Benyachou,92.54084,23.129615,92.54084,4,medium_research_only,SAME_ROLE_ONLY;RESEARCH_ONLY;SAMPLE_TOO_SMALL_LOCAL_11_MATCHES_NOT_PRODUCTION_READY,True,False
WINGER,139008,Amine Souane,140874,Reda Slim,94.030824,30.129742,94.030824,4,medium_research_only,SAME_ROLE_ONLY;RESEARCH_ONLY;SAMPLE_TOO_SMALL_LOCAL_11_MATCHES_NOT_PRODUCTION_READY,True,False
WINGER,139008,Amine Souane,179311,Imad Riahi,82.109311,44.492182,82.109311,4,medium_research_only,SAME_ROLE_ONLY;RESEARCH_ONLY;SAMPLE_TOO_SMALL_LOCAL_11_MATCHES_NOT_PRODUCTION_READY,True,False
WINGER,139008,Amine Souane,194914,Chouaib Faidi,95.386452,25.596435,95.386452,4,medium_research_only,SAME_ROLE_ONLY;RESEARCH_ONLY;SAMPLE_TOO_SMALL_LOCAL_11_MATCHES_NOT_PRODUCTION_READY,True,False
WINGER,139008,Amine Souane,195301,Fahd Bendahmane,97.773662,14.632107,97.773662,4,medium_research_only,SAME_ROLE_ONLY;RESEARCH_ONLY;SAMPLE_TOO_SMALL_LOCAL_11_MATCHES_NOT_PRODUCTION_READY,True,False
WINGER,139008,Amine Souane,312938,Yassine Lamine,99.382041,19.428736,99.382041,4,medium_research_only,SAME_ROLE_ONLY;RESEARCH_ONLY;SAMPLE_TOO_SMALL_LOCAL_11_MATCHES_NOT_PRODUCTION_READY,True,False
WINGER,139008,Amine Souane,358748,Abdellah Ait Brahim,98.466292,11.086938,98.466292,4,medium_research_only,SAME_ROLE_ONLY;RESEARCH_ONLY;SAMPLE_TOO_SMALL_LOCAL_11_MATCHES_NOT_PRODUCTION_READY,True,False
WINGER,139008,Amine Souane,387245,Anass Eddaou,95.156947,33.681994,95.156947,4,medium_research_only,SAME_ROLE_ONLY;RESEARCH_ONLY;SAMPLE_TOO_SMALL_LOCAL_11_MATCHES_NOT_PRODUCTION_READY,True,False
WINGER,139008,Amine Souane,399624,Mohamed Zinaf,85.454178,31.13658,85.454178,4,medium_research_only,SAME_ROLE_ONLY;RESEARCH_ONLY;SAMPLE_TOO_SMALL_LOCAL_11_MATCHES_NOT_PRODUCTION_READY,True,False
WINGER,139008,Amine Souane,407663,Mohamed Habbali,97.52806,18.368482,97.52806,4,medium_research_only,SAME_ROLE_ONLY;RESEARCH_ONLY;SAMPLE_TOO_SMALL_LOCAL_11_MATCHES_NOT_PRODUCTION_READY,True,False
WINGER,139008,Amine Souane,407665,Soufiane Jazouli,92.313023,26.303495,92.313023,4,medium_research_only,SAME_ROLE_ONLY;RESEARCH_ONLY;SAMPLE_TOO_SMALL_LOCAL_11_MATCHES_NOT_PRODUCTION_READY,True,False
WINGER,139008,Amine Souane,409131,Abdellatif Benkassou,93.80619,25.527432,93.80619,4,medium_research_only,SAME_ROLE_ONLY;RESEARCH_ONLY;SAMPLE_TOO_SMALL_LOCAL_11_MATCHES_NOT_PRODUCTION_READY,True,False
WINGER,139008,Amine Souane,435547,Abdallah Ziani,98.506264,10.538715,98.506264,4,medium_research_only,SAME_ROLE_ONLY;RESEARCH_ONLY;SAMPLE_TOO_SMALL_LOCAL_11_MATCHES_NOT_PRODUCTION_READY,True,False
WINGER,139008,Amine Souane,442098,Khalid Baba,97.47395,14.412837,97.47395,4,medium_research_only,SAME_ROLE_ONLY;RESEARCH_ONLY;SAMPLE_TOO_SMALL_LOCAL_11_MATCHES_NOT_PRODUCTION_READY,True,False
WINGER,139008,Amine Souane,477555,Adam Brika,83.804626,35.809085,83.804626,4,medium_research_only,SAME_ROLE_ONLY;RESEARCH_ONLY;SAMPLE_TOO_SMALL_LOCAL_11_MATCHES_NOT_PRODUCTION_READY,True,False
WINGER,139008,Amine Souane,477681,Brahim Ait Hammou,95.546327,24.118589,95.546327,4,medium_research_only,SAME_ROLE_ONLY;RESEARCH_ONLY;SAMPLE_TOO_SMALL_LOCAL_11_MATCHES_NOT_PRODUCTION_READY,True,False
WINGER,139008,Amine Souane,523309,Jalal-Eddine El Khfiyef,98.073234,14.131661,98.073234,4,medium_research_only,SAME_ROLE_ONLY;RESEARCH_ONLY;SAMPLE_TOO_SMALL_LOCAL_11_MATCHES_NOT_PRODUCTION_READY,True,False
WINGER,139008,Amine Souane,523314,Mouhcine Boussanane,97.139691,18.395916,97.139691,4,medium_research_only,SAME_ROLE_ONLY;RESEARCH_ONLY;SAMPLE_TOO_SMALL_LOCAL_11_MATCHES_NOT_PRODUCTION_READY,True,False
WINGER,139008,Amine Souane,523338,Salah Eddine Essalehy,93.048118,25.224527,93.048118,4,medium_research_only,SAME_ROLE_ONLY;RESEARCH_ONLY;SAMPLE_TOO_SMALL_LOCAL_11_MATCHES_NOT_PRODUCTION_READY,True,False
WINGER,139008,Amine Souane,524395,Amine Dghoughi,96.709635,39.455102,96.709635,4,medium_research_only,SAME_ROLE_ONLY;RESEARCH_ONLY;SAMPLE_TOO_SMALL_LOCAL_11_MATCHES_NOT_PRODUCTION_READY,True,False
WINGER,139017,Salah-eddine Benyachou,140874,Reda Slim,75.962193,52.351335,75.962193,4,medium_research_only,SAME_ROLE_ONLY;RESEARCH_ONLY;SAMPLE_TOO_SMALL_LOCAL_11_MATCHES_NOT_PRODUCTION_READY,True,False
WINGER,139017,Salah-eddine Benyachou,179311,Imad Riahi,63.276218,60.94207,63.276218,4,medium_research_only,SAME_ROLE_ONLY;RESEARCH_ONLY;SAMPLE_TOO_SMALL_LOCAL_11_MATCHES_NOT_PRODUCTION_READY,True,False
WINGER,139017,Salah-eddine Benyachou,194914,Chouaib Faidi,94.334273,28.409409,94.334273,4,medium_research_only,SAME_ROLE_ONLY;RESEARCH_ONLY;SAMPLE_TOO_SMALL_LOCAL_11_MATCHES_NOT_PRODUCTION_READY,True,False
WINGER,139017,Salah-eddine Benyachou,195301,Fahd Bendahmane,90.201913,24.283564,90.201913,4,medium_research_only,SAME_ROLE_ONLY;RESEARCH_ONLY;SAMPLE_TOO_SMALL_LOCAL_11_MATCHES_NOT_PRODUCTION_READY,True,False
WINGER,139017,Salah-eddine Benyachou,312938,Yassine Lamine,93.127141,23.120342,93.127141,4,medium_research_only,SAME_ROLE_ONLY;RESEARCH_ONLY;SAMPLE_TOO_SMALL_LOCAL_11_MATCHES_NOT_PRODUCTION_READY,True,False
WINGER,139017,Salah-eddine Benyachou,358748,Abdellah Ait Brahim,88.247292,29.709967,88.247292,4,medium_research_only,SAME_ROLE_ONLY;RESEARCH_ONLY;SAMPLE_TOO_SMALL_LOCAL_11_MATCHES_NOT_PRODUCTION_READY,True,False
WINGER,139017,Salah-eddine Benyachou,387245,Anass Eddaou,94.606742,35.979187,94.606742,4,medium_research_only,SAME_ROLE_ONLY;RESEARCH_ONLY;SAMPLE_TOO_SMALL_LOCAL_11_MATCHES_NOT_PRODUCTION_READY,True,False
WINGER,139017,Salah-eddine Benyachou,399624,Mohamed Zinaf,68.685835,43.351834,68.685835,4,medium_research_only,SAME_ROLE_ONLY;RESEARCH_ONLY;SAMPLE_TOO_SMALL_LOCAL_11_MATCHES_NOT_PRODUCTION_READY,True,False
WINGER,139017,Salah-eddine Benyachou,407663,Mohamed Habbali,94.634022,19.866224,94.634022,4,medium_research_only,SAME_ROLE_ONLY;RESEARCH_ONLY;SAMPLE_TOO_SMALL_LOCAL_11_MATCHES_NOT_PRODUCTION_READY,True,False
WINGER,139017,Salah-eddine Benyachou,407665,Soufiane Jazouli,74.967518,45.634961,74.967518,4,medium_research_only,SAME_ROLE_ONLY;RESEARCH_ONLY;SAMPLE_TOO_SMALL_LOCAL_11_MATCHES_NOT_PRODUCTION_READY,True,False
WINGER,139017,Salah-eddine Benyachou,409131,Abdellatif Benkassou,81.630435,31.644776,81.630435,4,medium_research_only,SAME_ROLE_ONLY;RESEARCH_ONLY;SAMPLE_TOO_SMALL_LOCAL_11_MATCHES_NOT_PRODUCTION_READY,True,False
WINGER,139017,Salah-eddine Benyachou,435547,Abdallah Ziani,86.31548,30.544414,86.31548,4,medium_research_only,SAME_ROLE_ONLY;RESEARCH_ONLY;SAMPLE_TOO_SMALL_LOCAL_11_MATCHES_NOT_PRODUCTION_READY,True,False
WINGER,139017,Salah-eddine Benyachou,442098,Khalid Baba,85.733565,29.447218,85.733565,4,medium_research_only,SAME_ROLE_ONLY;RESEARCH_ONLY;SAMPLE_TOO_SMALL_LOCAL_11_MATCHES_NOT_PRODUCTION_READY,True,False
WINGER,139017,Salah-eddine Benyachou,477555,Adam Brika,92.021861,30.459449,92.021861,4,medium_research_only,SAME_ROLE_ONLY;RESEARCH_ONLY;SAMPLE_TOO_SMALL_LOCAL_11_MATCHES_NOT_PRODUCTION_READY,True,False
WINGER,139017,Salah-eddine Benyachou,477681,Brahim Ait Hammou,86.913036,28.285115,86.913036,4,medium_research_only,SAME_ROLE_ONLY;RESEARCH_ONLY;SAMPLE_TOO_SMALL_LOCAL_11_MATCHES_NOT_PRODUCTION_READY,True,False
WINGER,139017,Salah-eddine Benyachou,523309,Jalal-Eddine El Khfiyef,85.388828,29.276271,85.388828,4,medium_research_only,SAME_ROLE_ONLY;RESEARCH_ONLY;SAMPLE_TOO_SMALL_LOCAL_11_MATCHES_NOT_PRODUCTION_READY,True,False
WINGER,139017,Salah-eddine Benyachou,523314,Mouhcine Boussanane,91.786275,22.818782,91.786275,4,medium_research_only,SAME_ROLE_ONLY;RESEARCH_ONLY;SAMPLE_TOO_SMALL_LOCAL_11_MATCHES_NOT_PRODUCTION_READY,True,False
WINGER,139017,Salah-eddine Benyachou,523338,Salah Eddine Essalehy,97.099415,19.000258,97.099415,4,medium_research_only,SAME_ROLE_ONLY;RESEARCH_ONLY;SAMPLE_TOO_SMALL_LOCAL_11_MATCHES_NOT_PRODUCTION_READY,True,False
WINGER,139017,Salah-eddine Benyachou,524395,Amine Dghoughi,95.042738,43.865236,95.042738,4,medium_research_only,SAME_ROLE_ONLY;RESEARCH_ONLY;SAMPLE_TOO_SMALL_LOCAL_11_MATCHES_NOT_PRODUCTION_READY,True,False
WINGER,140874,Reda Slim,179311,Imad Riahi,94.939877,26.610612,94.939877,4,medium_research_only,SAME_ROLE_ONLY;RESEARCH_ONLY;SAMPLE_TOO_SMALL_LOCAL_11_MATCHES_NOT_PRODUCTION_READY,True,False
WINGER,140874,Reda Slim,194914,Chouaib Faidi,88.238615,40.433599,88.238615,4,medium_research_only,SAME_ROLE_ONLY;RESEARCH_ONLY;SAMPLE_TOO_SMALL_LOCAL_11_MATCHES_NOT_PRODUCTION_READY,True,False
WINGER,140874,Reda Slim,195301,Fahd Bendahmane,90.347983,38.311659,90.347983,4,medium_research_only,SAME_ROLE_ONLY;RESEARCH_ONLY;SAMPLE_TOO_SMALL_LOCAL_11_MATCHES_NOT_PRODUCTION_READY,True,False
WINGER,140874,Reda Slim,312938,Yassine Lamine,93.39373,40.715884,93.39373,4,medium_research_only,SAME_ROLE_ONLY;RESEARCH_ONLY;SAMPLE_TOO_SMALL_LOCAL_11_MATCHES_NOT_PRODUCTION_READY,True,False
WINGER,140874,Reda Slim,358748,Abdellah Ait Brahim,93.82012,30.020007,93.82012,4,medium_research_only,SAME_ROLE_ONLY;RESEARCH_ONLY;SAMPLE_TOO_SMALL_LOCAL_11_MATCHES_NOT_PRODUCTION_READY,True,False
WINGER,140874,Reda Slim,387245,Anass Eddaou,86.012244,48.131977,86.012244,4,medium_research_only,SAME_ROLE_ONLY;RESEARCH_ONLY;SAMPLE_TOO_SMALL_LOCAL_11_MATCHES_NOT_PRODUCTION_READY,True,False
WINGER,140874,Reda Slim,399624,Mohamed Zinaf,95.799864,30.573497,95.799864,4,medium_research_only,SAME_ROLE_ONLY;RESEARCH_ONLY;SAMPLE_TOO_SMALL_LOCAL_11_MATCHES_NOT_PRODUCTION_READY,True,False
WINGER,140874,Reda Slim,407663,Mohamed Habbali,90.763178,40.375186,90.763178,4,medium_research_only,SAME_ROLE_ONLY;RESEARCH_ONLY;SAMPLE_TOO_SMALL_LOCAL_11_MATCHES_NOT_PRODUCTION_READY,True,False
WINGER,140874,Reda Slim,407665,Soufiane Jazouli,99.156781,14.856709,99.156781,4,medium_research_only,SAME_ROLE_ONLY;RESEARCH_ONLY;SAMPLE_TOO_SMALL_LOCAL_11_MATCHES_NOT_PRODUCTION_READY,True,False
WINGER,140874,Reda Slim,409131,Abdellatif Benkassou,96.896448,39.128219,96.896448,4,medium_research_only,SAME_ROLE_ONLY;RESEARCH_ONLY;SAMPLE_TOO_SMALL_LOCAL_11_MATCHES_NOT_PRODUCTION_READY,True,False
WINGER,140874,Reda Slim,435547,Abdallah Ziani,95.904224,27.447886,95.904224,4,medium_research_only,SAME_ROLE_ONLY;RESEARCH_ONLY;SAMPLE_TOO_SMALL_LOCAL_11_MATCHES_NOT_PRODUCTION_READY,True,False
WINGER,140874,Reda Slim,442098,Khalid Baba,96.806469,29.04818,96.806469,4,medium_research_only,SAME_ROLE_ONLY;RESEARCH_ONLY;SAMPLE_TOO_SMALL_LOCAL_11_MATCHES_NOT_PRODUCTION_READY,True,False
WINGER,140874,Reda Slim,477555,Adam Brika,70.69685,56.072093,70.69685,4,medium_research_only,SAME_ROLE_ONLY;RESEARCH_ONLY;SAMPLE_TOO_SMALL_LOCAL_11_MATCHES_NOT_PRODUCTION_READY,True,False
WINGER,140874,Reda Slim,477681,Brahim Ait Hammou,95.311083,40.276077,95.311083,4,medium_research_only,SAME_ROLE_ONLY;RESEARCH_ONLY;SAMPLE_TOO_SMALL_LOCAL_11_MATCHES_NOT_PRODUCTION_READY,True,False
WINGER,140874,Reda Slim,523309,Jalal-Eddine El Khfiyef,98.498908,28.339794,98.498908,4,medium_research_only,SAME_ROLE_ONLY;RESEARCH_ONLY;SAMPLE_TOO_SMALL_LOCAL_11_MATCHES_NOT_PRODUCTION_READY,True,False
WINGER,140874,Reda Slim,523314,Mouhcine Boussanane,87.955483,42.4153,87.955483,4,medium_research_only,SAME_ROLE_ONLY;RESEARCH_ONLY;SAMPLE_TOO_SMALL_LOCAL_11_MATCHES_NOT_PRODUCTION_READY,True,False
WINGER,140874,Reda Slim,523338,Salah Eddine Essalehy,76.802784,51.353098,76.802784,4,medium_research_only,SAME_ROLE_ONLY;RESEARCH_ONLY;SAMPLE_TOO_SMALL_LOCAL_11_MATCHES_NOT_PRODUCTION_READY,True,False
WINGER,140874,Reda Slim,524395,Amine Dghoughi,87.972439,50.029991,87.972439,4,medium_research_only,SAME_ROLE_ONLY;RESEARCH_ONLY;SAMPLE_TOO_SMALL_LOCAL_11_MATCHES_NOT_PRODUCTION_READY,True,False
WINGER,179311,Imad Riahi,194914,Chouaib Faidi,82.172336,48.473116,82.172336,4,medium_research_only,SAME_ROLE_ONLY;RESEARCH_ONLY;SAMPLE_TOO_SMALL_LOCAL_11_MATCHES_NOT_PRODUCTION_READY,True,False
WINGER,179311,Imad Riahi,195301,Fahd Bendahmane,74.380494,50.532111,74.380494,4,medium_research_only,SAME_ROLE_ONLY;RESEARCH_ONLY;SAMPLE_TOO_SMALL_LOCAL_11_MATCHES_NOT_PRODUCTION_READY,True,False
WINGER,179311,Imad Riahi,312938,Yassine Lamine,82.808912,45.226964,82.808912,4,medium_research_only,SAME_ROLE_ONLY;RESEARCH_ONLY;SAMPLE_TOO_SMALL_LOCAL_11_MATCHES_NOT_PRODUCTION_READY,True,False
WINGER,179311,Imad Riahi,358748,Abdellah Ait Brahim,79.712215,47.460996,79.712215,4,medium_research_only,SAME_ROLE_ONLY;RESEARCH_ONLY;SAMPLE_TOO_SMALL_LOCAL_11_MATCHES_NOT_PRODUCTION_READY,True,False
WINGER,179311,Imad Riahi,387245,Anass Eddaou,77.704119,59.507256,77.704119,4,medium_research_only,SAME_ROLE_ONLY;RESEARCH_ONLY;SAMPLE_TOO_SMALL_LOCAL_11_MATCHES_NOT_PRODUCTION_READY,True,False
WINGER,179311,Imad Riahi,399624,Mohamed Zinaf,99.517138,21.890209,99.517138,4,medium_research_only,SAME_ROLE_ONLY;RESEARCH_ONLY;SAMPLE_TOO_SMALL_LOCAL_11_MATCHES_NOT_PRODUCTION_READY,True,False
WINGER,179311,Imad Riahi,407663,Mohamed Habbali,83.445465,43.743015,83.445465,4,medium_research_only,SAME_ROLE_ONLY;RESEARCH_ONLY;SAMPLE_TOO_SMALL_LOCAL_11_MATCHES_NOT_PRODUCTION_READY,True,False
WINGER,179311,Imad Riahi,407665,Soufiane Jazouli,96.228023,22.20522,96.228023,4,medium_research_only,SAME_ROLE_ONLY;RESEARCH_ONLY;SAMPLE_TOO_SMALL_LOCAL_11_MATCHES_NOT_PRODUCTION_READY,True,False
WINGER,179311,Imad Riahi,409131,Abdellatif Benkassou,94.400404,38.159486,94.400404,4,medium_research_only,SAME_ROLE_ONLY;RESEARCH_ONLY;SAMPLE_TOO_SMALL_LOCAL_11_MATCHES_NOT_PRODUCTION_READY,True,False
WINGER,179311,Imad Riahi,435547,Abdallah Ziani,83.090767,43.204534,83.090767,4,medium_research_only,SAME_ROLE_ONLY;RESEARCH_ONLY;SAMPLE_TOO_SMALL_LOCAL_11_MATCHES_NOT_PRODUCTION_READY,True,False
WINGER,179311,Imad Riahi,442098,Khalid Baba,88.059026,37.917308,88.059026,4,medium_research_only,SAME_ROLE_ONLY;RESEARCH_ONLY;SAMPLE_TOO_SMALL_LOCAL_11_MATCHES_NOT_PRODUCTION_READY,True,False
WINGER,179311,Imad Riahi,477555,Adam Brika,63.000136,55.460359,63.000136,4,medium_research_only,SAME_ROLE_ONLY;RESEARCH_ONLY;SAMPLE_TOO_SMALL_LOCAL_11_MATCHES_NOT_PRODUCTION_READY,True,False
WINGER,179311,Imad Riahi,477681,Brahim Ait Hammou,92.096091,39.767094,92.096091,4,medium_research_only,SAME_ROLE_ONLY;RESEARCH_ONLY;SAMPLE_TOO_SMALL_LOCAL_11_MATCHES_NOT_PRODUCTION_READY,True,False
WINGER,179311,Imad Riahi,523309,Jalal-Eddine El Khfiyef,91.130888,35.153554,91.130888,4,medium_research_only,SAME_ROLE_ONLY;RESEARCH_ONLY;SAMPLE_TOO_SMALL_LOCAL_11_MATCHES_NOT_PRODUCTION_READY,True,False
WINGER,179311,Imad Riahi,523314,Mouhcine Boussanane,71.517427,52.050454,71.517427,4,medium_research_only,SAME_ROLE_ONLY;RESEARCH_ONLY;SAMPLE_TOO_SMALL_LOCAL_11_MATCHES_NOT_PRODUCTION_READY,True,False
WINGER,179311,Imad Riahi,523338,Salah Eddine Essalehy,59.38571,58.203158,59.38571,4,medium_research_only,SAME_ROLE_ONLY;RESEARCH_ONLY;SAMPLE_TOO_SMALL_LOCAL_11_MATCHES_NOT_PRODUCTION_READY,True,False
WINGER,179311,Imad Riahi,524395,Amine Dghoughi,79.011585,63.888129,79.011585,4,medium_research_only,SAME_ROLE_ONLY;RESEARCH_ONLY;SAMPLE_TOO_SMALL_LOCAL_11_MATCHES_NOT_PRODUCTION_READY,True,False
WINGER,194914,Chouaib Faidi,195301,Fahd Bendahmane,90.511939,35.743691,90.511939,4,medium_research_only,SAME_ROLE_ONLY;RESEARCH_ONLY;SAMPLE_TOO_SMALL_LOCAL_11_MATCHES_NOT_PRODUCTION_READY,True,False
WINGER,194914,Chouaib Faidi,312938,Yassine Lamine,97.598298,34.728461,97.598298,4,medium_research_only,SAME_ROLE_ONLY;RESEARCH_ONLY;SAMPLE_TOO_SMALL_LOCAL_11_MATCHES_NOT_PRODUCTION_READY,True,False
WINGER,194914,Chouaib Faidi,358748,Abdellah Ait Brahim,91.300539,32.432591,91.300539,4,medium_research_only,SAME_ROLE_ONLY;RESEARCH_ONLY;SAMPLE_TOO_SMALL_LOCAL_11_MATCHES_NOT_PRODUCTION_READY,True,False
WINGER,194914,Chouaib Faidi,387245,Anass Eddaou,94.031232,31.924407,94.031232,4,medium_research_only,SAME_ROLE_ONLY;RESEARCH_ONLY;SAMPLE_TOO_SMALL_LOCAL_11_MATCHES_NOT_PRODUCTION_READY,True,False
WINGER,194914,Chouaib Faidi,399624,Mohamed Zinaf,86.834054,39.245117,86.834054,4,medium_research_only,SAME_ROLE_ONLY;RESEARCH_ONLY;SAMPLE_TOO_SMALL_LOCAL_11_MATCHES_NOT_PRODUCTION_READY,True,False
WINGER,194914,Chouaib Faidi,407663,Mohamed Habbali,99.480866,29.19088,99.480866,4,medium_research_only,SAME_ROLE_ONLY;RESEARCH_ONLY;SAMPLE_TOO_SMALL_LOCAL_11_MATCHES_NOT_PRODUCTION_READY,True,False
WINGER,194914,Chouaib Faidi,407665,Soufiane Jazouli,89.707937,35.072638,89.707937,4,medium_research_only,SAME_ROLE_ONLY;RESEARCH_ONLY;SAMPLE_TOO_SMALL_LOCAL_11_MATCHES_NOT_PRODUCTION_READY,True,False
WINGER,194914,Chouaib Faidi,409131,Abdellatif Benkassou,95.166999,37.599218,95.166999,4,medium_research_only,SAME_ROLE_ONLY;RESEARCH_ONLY;SAMPLE_TOO_SMALL_LOCAL_11_MATCHES_NOT_PRODUCTION_READY,True,False
WINGER,194914,Chouaib Faidi,435547,Abdallah Ziani,90.976573,33.305371,90.976573,4,medium_research_only,SAME_ROLE_ONLY;RESEARCH_ONLY;SAMPLE_TOO_SMALL_LOCAL_11_MATCHES_NOT_PRODUCTION_READY,True,False
WINGER,194914,Chouaib Faidi,442098,Khalid Baba,94.703559,29.65749,94.703559,4,medium_research_only,SAME_ROLE_ONLY;RESEARCH_ONLY;SAMPLE_TOO_SMALL_LOCAL_11_MATCHES_NOT_PRODUCTION_READY,True,False
WINGER,194914,Chouaib Faidi,477555,Adam Brika,92.99689,46.482502,92.99689,4,medium_research_only,SAME_ROLE_ONLY;RESEARCH_ONLY;SAMPLE_TOO_SMALL_LOCAL_11_MATCHES_NOT_PRODUCTION_READY,True,False
WINGER,194914,Chouaib Faidi,477681,Brahim Ait Hammou,97.608676,35.833469,97.608676,4,medium_research_only,SAME_ROLE_ONLY;RESEARCH_ONLY;SAMPLE_TOO_SMALL_LOCAL_11_MATCHES_NOT_PRODUCTION_READY,True,False
WINGER,194914,Chouaib Faidi,523309,Jalal-Eddine El Khfiyef,94.504484,31.146082,94.504484,4,medium_research_only,SAME_ROLE_ONLY;RESEARCH_ONLY;SAMPLE_TOO_SMALL_LOCAL_11_MATCHES_NOT_PRODUCTION_READY,True,False
WINGER,194914,Chouaib Faidi,523314,Mouhcine Boussanane,90.964789,37.24423,90.964789,4,medium_research_only,SAME_ROLE_ONLY;RESEARCH_ONLY;SAMPLE_TOO_SMALL_LOCAL_11_MATCHES_NOT_PRODUCTION_READY,True,False
WINGER,194914,Chouaib Faidi,523338,Salah Eddine Essalehy,90.164169,40.071156,90.164169,4,medium_research_only,SAME_ROLE_ONLY;RESEARCH_ONLY;SAMPLE_TOO_SMALL_LOCAL_11_MATCHES_NOT_PRODUCTION_READY,True,False
WINGER,194914,Chouaib Faidi,524395,Amine Dghoughi,95.226115,34.938259,95.226115,4,medium_research_only,SAME_ROLE_ONLY;RESEARCH_ONLY;SAMPLE_TOO_SMALL_LOCAL_11_MATCHES_NOT_PRODUCTION_READY,True,False
WINGER,195301,Fahd Bendahmane,312938,Yassine Lamine,97.184931,13.797908,97.184931,4,medium_research_only,SAME_ROLE_ONLY;RESEARCH_ONLY;SAMPLE_TOO_SMALL_LOCAL_11_MATCHES_NOT_PRODUCTION_READY,True,False
WINGER,195301,Fahd Bendahmane,358748,Abdellah Ait Brahim,99.578628,11.839569,99.578628,4,medium_research_only,SAME_ROLE_ONLY;RESEARCH_ONLY;SAMPLE_TOO_SMALL_LOCAL_11_MATCHES_NOT_PRODUCTION_READY,True,False
WINGER,195301,Fahd Bendahmane,387245,Anass Eddaou,88.197522,46.604582,88.197522,4,medium_research_only,SAME_ROLE_ONLY;RESEARCH_ONLY;SAMPLE_TOO_SMALL_LOCAL_11_MATCHES_NOT_PRODUCTION_READY,True,False
WINGER,195301,Fahd Bendahmane,399624,Mohamed Zinaf,78.096426,33.221696,78.096426,4,medium_research_only,SAME_ROLE_ONLY;RESEARCH_ONLY;SAMPLE_TOO_SMALL_LOCAL_11_MATCHES_NOT_PRODUCTION_READY,True,False
WINGER,195301,Fahd Bendahmane,407663,Mohamed Habbali,92.457075,18.182198,92.457075,4,medium_research_only,SAME_ROLE_ONLY;RESEARCH_ONLY;SAMPLE_TOO_SMALL_LOCAL_11_MATCHES_NOT_PRODUCTION_READY,True,False
WINGER,195301,Fahd Bendahmane,407665,Soufiane Jazouli,88.596571,31.525665,88.596571,4,medium_research_only,SAME_ROLE_ONLY;RESEARCH_ONLY;SAMPLE_TOO_SMALL_LOCAL_11_MATCHES_NOT_PRODUCTION_READY,True,False
WINGER,195301,Fahd Bendahmane,409131,Abdellatif Benkassou,88.939207,21.851137,88.939207,4,medium_research_only,SAME_ROLE_ONLY;RESEARCH_ONLY;SAMPLE_TOO_SMALL_LOCAL_11_MATCHES_NOT_PRODUCTION_READY,True,False
WINGER,195301,Fahd Bendahmane,435547,Abdallah Ziani,98.727262,11.289618,98.727262,4,medium_research_only,SAME_ROLE_ONLY;RESEARCH_ONLY;SAMPLE_TOO_SMALL_LOCAL_11_MATCHES_NOT_PRODUCTION_READY,True,False
WINGER,195301,Fahd Bendahmane,442098,Khalid Baba,96.172113,14.03319,96.172113,4,medium_research_only,SAME_ROLE_ONLY;RESEARCH_ONLY;SAMPLE_TOO_SMALL_LOCAL_11_MATCHES_NOT_PRODUCTION_READY,True,False
WINGER,195301,Fahd Bendahmane,477555,Adam Brika,83.859672,27.2416,83.859672,4,medium_research_only,SAME_ROLE_ONLY;RESEARCH_ONLY;SAMPLE_TOO_SMALL_LOCAL_11_MATCHES_NOT_PRODUCTION_READY,True,False
WINGER,195301,Fahd Bendahmane,477681,Brahim Ait Hammou,89.280405,21.602321,89.280405,4,medium_research_only,SAME_ROLE_ONLY;RESEARCH_ONLY;SAMPLE_TOO_SMALL_LOCAL_11_MATCHES_NOT_PRODUCTION_READY,True,False
WINGER,195301,Fahd Bendahmane,523309,Jalal-Eddine El Khfiyef,94.466943,16.136999,94.466943,4,medium_research_only,SAME_ROLE_ONLY;RESEARCH_ONLY;SAMPLE_TOO_SMALL_LOCAL_11_MATCHES_NOT_PRODUCTION_READY,True,False
WINGER,195301,Fahd Bendahmane,523314,Mouhcine Boussanane,99.788393,5.656808,99.788393,4,medium_research_only,SAME_ROLE_ONLY;RESEARCH_ONLY;SAMPLE_TOO_SMALL_LOCAL_11_MATCHES_NOT_PRODUCTION_READY,True,False
WINGER,195301,Fahd Bendahmane,523338,Salah Eddine Essalehy,95.43267,15.602929,95.43267,4,medium_research_only,SAME_ROLE_ONLY;RESEARCH_ONLY;SAMPLE_TOO_SMALL_LOCAL_11_MATCHES_NOT_PRODUCTION_READY,True,False
WINGER,195301,Fahd Bendahmane,524395,Amine Dghoughi,90.48426,52.982379,90.48426,4,medium_research_only,SAME_ROLE_ONLY;RESEARCH_ONLY;SAMPLE_TOO_SMALL_LOCAL_11_MATCHES_NOT_PRODUCTION_READY,True,False
WINGER,312938,Yassine Lamine,358748,Abdellah Ait Brahim,97.896237,22.589008,97.896237,4,medium_research_only,SAME_ROLE_ONLY;RESEARCH_ONLY;SAMPLE_TOO_SMALL_LOCAL_11_MATCHES_NOT_PRODUCTION_READY,True,False
WINGER,312938,Yassine Lamine,387245,Anass Eddaou,93.864971,47.124262,93.864971,4,medium_research_only,SAME_ROLE_ONLY;RESEARCH_ONLY;SAMPLE_TOO_SMALL_LOCAL_11_MATCHES_NOT_PRODUCTION_READY,True,False
WINGER,312938,Yassine Lamine,399624,Mohamed Zinaf,86.77957,24.793819,86.77957,4,medium_research_only,SAME_ROLE_ONLY;RESEARCH_ONLY;SAMPLE_TOO_SMALL_LOCAL_11_MATCHES_NOT_PRODUCTION_READY,True,False
WINGER,312938,Yassine Lamine,407663,Mohamed Habbali,98.65116,7.434324,98.65116,4,medium_research_only,SAME_ROLE_ONLY;RESEARCH_ONLY;SAMPLE_TOO_SMALL_LOCAL_11_MATCHES_NOT_PRODUCTION_READY,True,False
WINGER,312938,Yassine Lamine,407665,Soufiane Jazouli,93.087559,30.66746,93.087559,4,medium_research_only,SAME_ROLE_ONLY;RESEARCH_ONLY;SAMPLE_TOO_SMALL_LOCAL_11_MATCHES_NOT_PRODUCTION_READY,True,False
WINGER,312938,Yassine Lamine,409131,Abdellatif Benkassou,95.627328,10.134776,95.627328,4,medium_research_only,SAME_ROLE_ONLY;RESEARCH_ONLY;SAMPLE_TOO_SMALL_LOCAL_11_MATCHES_NOT_PRODUCTION_READY,True,False
WINGER,312938,Yassine Lamine,435547,Abdallah Ziani,97.704709,19.673318,97.704709,4,medium_research_only,SAME_ROLE_ONLY;RESEARCH_ONLY;SAMPLE_TOO_SMALL_LOCAL_11_MATCHES_NOT_PRODUCTION_READY,True,False
WINGER,312938,Yassine Lamine,442098,Khalid Baba,98.441727,14.016363,98.441727,4,medium_research_only,SAME_ROLE_ONLY;RESEARCH_ONLY;SAMPLE_TOO_SMALL_LOCAL_11_MATCHES_NOT_PRODUCTION_READY,True,False
WINGER,312938,Yassine Lamine,477555,Adam Brika,88.392104,16.804758,88.392104,4,medium_research_only,SAME_ROLE_ONLY;RESEARCH_ONLY;SAMPLE_TOO_SMALL_LOCAL_11_MATCHES_NOT_PRODUCTION_READY,True,False
WINGER,312938,Yassine Lamine,477681,Brahim Ait Hammou,96.934799,8.512398,96.934799,4,medium_research_only,SAME_ROLE_ONLY;RESEARCH_ONLY;SAMPLE_TOO_SMALL_LOCAL_11_MATCHES_NOT_PRODUCTION_READY,True,False
WINGER,312938,Yassine Lamine,523309,Jalal-Eddine El Khfiyef,98.063836,12.471342,98.063836,4,medium_research_only,SAME_ROLE_ONLY;RESEARCH_ONLY;SAMPLE_TOO_SMALL_LOCAL_11_MATCHES_NOT_PRODUCTION_READY,True,False
WINGER,312938,Yassine Lamine,523314,Mouhcine Boussanane,96.945019,10.639728,96.945019,4,medium_research_only,SAME_ROLE_ONLY;RESEARCH_ONLY;SAMPLE_TOO_SMALL_LOCAL_11_MATCHES_NOT_PRODUCTION_READY,True,False
WINGER,312938,Yassine Lamine,523338,Salah Eddine Essalehy,93.206506,13.009306,93.206506,4,medium_research_only,SAME_ROLE_ONLY;RESEARCH_ONLY;SAMPLE_TOO_SMALL_LOCAL_11_MATCHES_NOT_PRODUCTION_READY,True,False
WINGER,312938,Yassine Lamine,524395,Amine Dghoughi,95.64033,55.244321,95.64033,4,medium_research_only,SAME_ROLE_ONLY;RESEARCH_ONLY;SAMPLE_TOO_SMALL_LOCAL_11_MATCHES_NOT_PRODUCTION_READY,True,False
WINGER,358748,Abdellah Ait Brahim,387245,Anass Eddaou,88.704897,43.150937,88.704897,4,medium_research_only,SAME_ROLE_ONLY;RESEARCH_ONLY;SAMPLE_TOO_SMALL_LOCAL_11_MATCHES_NOT_PRODUCTION_READY,True,False
WINGER,358748,Abdellah Ait Brahim,399624,Mohamed Zinaf,82.937171,34.593571,82.937171,4,medium_research_only,SAME_ROLE_ONLY;RESEARCH_ONLY;SAMPLE_TOO_SMALL_LOCAL_11_MATCHES_NOT_PRODUCTION_READY,True,False
WINGER,358748,Abdellah Ait Brahim,407663,Mohamed Habbali,93.396512,24.66973,93.396512,4,medium_research_only,SAME_ROLE_ONLY;RESEARCH_ONLY;SAMPLE_TOO_SMALL_LOCAL_11_MATCHES_NOT_PRODUCTION_READY,True,False
WINGER,358748,Abdellah Ait Brahim,407665,Soufiane Jazouli,92.272444,26.534457,92.272444,4,medium_research_only,SAME_ROLE_ONLY;RESEARCH_ONLY;SAMPLE_TOO_SMALL_LOCAL_11_MATCHES_NOT_PRODUCTION_READY,True,False
WINGER,358748,Abdellah Ait Brahim,409131,Abdellatif Benkassou,92.022405,28.400334,92.022405,4,medium_research_only,SAME_ROLE_ONLY;RESEARCH_ONLY;SAMPLE_TOO_SMALL_LOCAL_11_MATCHES_NOT_PRODUCTION_READY,True,False
WINGER,358748,Abdellah Ait Brahim,435547,Abdallah Ziani,99.753576,5.435346,99.753576,4,medium_research_only,SAME_ROLE_ONLY;RESEARCH_ONLY;SAMPLE_TOO_SMALL_LOCAL_11_MATCHES_NOT_PRODUCTION_READY,True,False
WINGER,358748,Abdellah Ait Brahim,442098,Khalid Baba,97.91975,14.507137,97.91975,4,medium_research_only,SAME_ROLE_ONLY;RESEARCH_ONLY;SAMPLE_TOO_SMALL_LOCAL_11_MATCHES_NOT_PRODUCTION_READY,True,False
WINGER,358748,Abdellah Ait Brahim,477555,Adam Brika,82.184984,37.938606,82.184984,4,medium_research_only,SAME_ROLE_ONLY;RESEARCH_ONLY;SAMPLE_TOO_SMALL_LOCAL_11_MATCHES_NOT_PRODUCTION_READY,True,False
WINGER,358748,Abdellah Ait Brahim,477681,Brahim Ait Hammou,91.858589,28.535196,91.858589,4,medium_research_only,SAME_ROLE_ONLY;RESEARCH_ONLY;SAMPLE_TOO_SMALL_LOCAL_11_MATCHES_NOT_PRODUCTION_READY,True,False
WINGER,358748,Abdellah Ait Brahim,523309,Jalal-Eddine El Khfiyef,96.811885,17.766844,96.811885,4,medium_research_only,SAME_ROLE_ONLY;RESEARCH_ONLY;SAMPLE_TOO_SMALL_LOCAL_11_MATCHES_NOT_PRODUCTION_READY,True,False
WINGER,358748,Abdellah Ait Brahim,523314,Mouhcine Boussanane,98.887632,17.321039,98.887632,4,medium_research_only,SAME_ROLE_ONLY;RESEARCH_ONLY;SAMPLE_TOO_SMALL_LOCAL_11_MATCHES_NOT_PRODUCTION_READY,True,False
WINGER,358748,Abdellah Ait Brahim,523338,Salah Eddine Essalehy,92.812419,26.881828,92.812419,4,medium_research_only,SAME_ROLE_ONLY;RESEARCH_ONLY;SAMPLE_TOO_SMALL_LOCAL_11_MATCHES_NOT_PRODUCTION_READY,True,False
WINGER,358748,Abdellah Ait Brahim,524395,Amine Dghoughi,91.033436,47.446751,91.033436,4,medium_research_only,SAME_ROLE_ONLY;RESEARCH_ONLY;SAMPLE_TOO_SMALL_LOCAL_11_MATCHES_NOT_PRODUCTION_READY,True,False
WINGER,387245,Anass Eddaou,399624,Mohamed Zinaf,80.73779,53.277921,80.73779,4,medium_research_only,SAME_ROLE_ONLY;RESEARCH_ONLY;SAMPLE_TOO_SMALL_LOCAL_11_MATCHES_NOT_PRODUCTION_READY,True,False
WINGER,387245,Anass Eddaou,407663,Mohamed Habbali,96.429384,41.910703,96.429384,4,medium_research_only,SAME_ROLE_ONLY;RESEARCH_ONLY;SAMPLE_TOO_SMALL_LOCAL_11_MATCHES_NOT_PRODUCTION_READY,True,False
WINGER,387245,Anass Eddaou,407665,Soufiane Jazouli,83.357748,50.298906,83.357748,4,medium_research_only,SAME_ROLE_ONLY;RESEARCH_ONLY;SAMPLE_TOO_SMALL_LOCAL_11_MATCHES_NOT_PRODUCTION_READY,True,False
WINGER,387245,Anass Eddaou,409131,Abdellatif Benkassou,87.451002,52.084999,87.451002,4,medium_research_only,SAME_ROLE_ONLY;RESEARCH_ONLY;SAMPLE_TOO_SMALL_LOCAL_11_MATCHES_NOT_PRODUCTION_READY,True,False
WINGER,387245,Anass Eddaou,435547,Abdallah Ziani,88.970452,43.466518,88.970452,4,medium_research_only,SAME_ROLE_ONLY;RESEARCH_ONLY;SAMPLE_TOO_SMALL_LOCAL_11_MATCHES_NOT_PRODUCTION_READY,True,False
WINGER,387245,Anass Eddaou,442098,Khalid Baba,88.050516,46.035366,88.050516,4,medium_research_only,SAME_ROLE_ONLY;RESEARCH_ONLY;SAMPLE_TOO_SMALL_LOCAL_11_MATCHES_NOT_PRODUCTION_READY,True,False
WINGER,387245,Anass Eddaou,477555,Adam Brika,80.195541,60.190527,80.195541,4,medium_research_only,SAME_ROLE_ONLY;RESEARCH_ONLY;SAMPLE_TOO_SMALL_LOCAL_11_MATCHES_NOT_PRODUCTION_READY,True,False
WINGER,387245,Anass Eddaou,477681,Brahim Ait Hammou,92.778488,48.773545,92.778488,4,medium_research_only,SAME_ROLE_ONLY;RESEARCH_ONLY;SAMPLE_TOO_SMALL_LOCAL_11_MATCHES_NOT_PRODUCTION_READY,True,False
WINGER,387245,Anass Eddaou,523309,Jalal-Eddine El Khfiyef,91.653833,43.15304,91.653833,4,medium_research_only,SAME_ROLE_ONLY;RESEARCH_ONLY;SAMPLE_TOO_SMALL_LOCAL_11_MATCHES_NOT_PRODUCTION_READY,True,False
WINGER,387245,Anass Eddaou,523314,Mouhcine Boussanane,87.849433,48.85906,87.849433,4,medium_research_only,SAME_ROLE_ONLY;RESEARCH_ONLY;SAMPLE_TOO_SMALL_LOCAL_11_MATCHES_NOT_PRODUCTION_READY,True,False
WINGER,387245,Anass Eddaou,523338,Salah Eddine Essalehy,88.69673,50.36089,88.69673,4,medium_research_only,SAME_ROLE_ONLY;RESEARCH_ONLY;SAMPLE_TOO_SMALL_LOCAL_11_MATCHES_NOT_PRODUCTION_READY,True,False
WINGER,387245,Anass Eddaou,524395,Amine Dghoughi,99.837122,11.202624,99.837122,4,medium_research_only,SAME_ROLE_ONLY;RESEARCH_ONLY;SAMPLE_TOO_SMALL_LOCAL_11_MATCHES_NOT_PRODUCTION_READY,True,False
WINGER,399624,Mohamed Zinaf,407663,Mohamed Habbali,87.571508,24.099602,87.571508,4,medium_research_only,SAME_ROLE_ONLY;RESEARCH_ONLY;SAMPLE_TOO_SMALL_LOCAL_11_MATCHES_NOT_PRODUCTION_READY,True,False
WINGER,399624,Mohamed Zinaf,407665,Soufiane Jazouli,97.588097,18.362411,97.588097,4,medium_research_only,SAME_ROLE_ONLY;RESEARCH_ONLY;SAMPLE_TOO_SMALL_LOCAL_11_MATCHES_NOT_PRODUCTION_READY,True,False
WINGER,399624,Mohamed Zinaf,409131,Abdellatif Benkassou,96.99081,16.516627,96.99081,4,medium_research_only,SAME_ROLE_ONLY;RESEARCH_ONLY;SAMPLE_TOO_SMALL_LOCAL_11_MATCHES_NOT_PRODUCTION_READY,True,False
WINGER,399624,Mohamed Zinaf,435547,Abdallah Ziani,85.79524,29.898342,85.79524,4,medium_research_only,SAME_ROLE_ONLY;RESEARCH_ONLY;SAMPLE_TOO_SMALL_LOCAL_11_MATCHES_NOT_PRODUCTION_READY,True,False
WINGER,399624,Mohamed Zinaf,442098,Khalid Baba,91.231502,21.61351,91.231502,4,medium_research_only,SAME_ROLE_ONLY;RESEARCH_ONLY;SAMPLE_TOO_SMALL_LOCAL_11_MATCHES_NOT_PRODUCTION_READY,True,False
WINGER,399624,Mohamed Zinaf,477555,Adam Brika,69.568216,33.57015,69.568216,4,medium_research_only,SAME_ROLE_ONLY;RESEARCH_ONLY;SAMPLE_TOO_SMALL_LOCAL_11_MATCHES_NOT_PRODUCTION_READY,True,False
WINGER,399624,Mohamed Zinaf,477681,Brahim Ait Hammou,95.059611,18.419604,95.059611,4,medium_research_only,SAME_ROLE_ONLY;RESEARCH_ONLY;SAMPLE_TOO_SMALL_LOCAL_11_MATCHES_NOT_PRODUCTION_READY,True,False
WINGER,399624,Mohamed Zinaf,523309,Jalal-Eddine El Khfiyef,93.512176,18.128751,93.512176,4,medium_research_only,SAME_ROLE_ONLY;RESEARCH_ONLY;SAMPLE_TOO_SMALL_LOCAL_11_MATCHES_NOT_PRODUCTION_READY,True,False
WINGER,399624,Mohamed Zinaf,523314,Mouhcine Boussanane,75.734042,33.080329,75.734042,4,medium_research_only,SAME_ROLE_ONLY;RESEARCH_ONLY;SAMPLE_TOO_SMALL_LOCAL_11_MATCHES_NOT_PRODUCTION_READY,True,False
WINGER,399624,Mohamed Zinaf,523338,Salah Eddine Essalehy,64.777292,37.700178,64.777292,4,medium_research_only,SAME_ROLE_ONLY;RESEARCH_ONLY;SAMPLE_TOO_SMALL_LOCAL_11_MATCHES_NOT_PRODUCTION_READY,True,False
WINGER,399624,Mohamed Zinaf,524395,Amine Dghoughi,82.214942,60.202214,82.214942,4,medium_research_only,SAME_ROLE_ONLY;RESEARCH_ONLY;SAMPLE_TOO_SMALL_LOCAL_11_MATCHES_NOT_PRODUCTION_READY,True,False
WINGER,407663,Mohamed Habbali,407665,Soufiane Jazouli,90.994963,30.495204,90.994963,4,medium_research_only,SAME_ROLE_ONLY;RESEARCH_ONLY;SAMPLE_TOO_SMALL_LOCAL_11_MATCHES_NOT_PRODUCTION_READY,True,False
WINGER,407663,Mohamed Habbali,409131,Abdellatif Benkassou,95.428489,12.336717,95.428489,4,medium_research_only,SAME_ROLE_ONLY;RESEARCH_ONLY;SAMPLE_TOO_SMALL_LOCAL_11_MATCHES_NOT_PRODUCTION_READY,True,False
WINGER,407663,Mohamed Habbali,435547,Abdallah Ziani,93.377101,22.075804,93.377101,4,medium_research_only,SAME_ROLE_ONLY;RESEARCH_ONLY;SAMPLE_TOO_SMALL_LOCAL_11_MATCHES_NOT_PRODUCTION_READY,True,False
WINGER,407663,Mohamed Habbali,442098,Khalid Baba,95.641786,15.592024,95.641786,4,medium_research_only,SAME_ROLE_ONLY;RESEARCH_ONLY;SAMPLE_TOO_SMALL_LOCAL_11_MATCHES_NOT_PRODUCTION_READY,True,False
WINGER,407663,Mohamed Habbali,477555,Adam Brika,89.682651,19.971887,89.682651,4,medium_research_only,SAME_ROLE_ONLY;RESEARCH_ONLY;SAMPLE_TOO_SMALL_LOCAL_11_MATCHES_NOT_PRODUCTION_READY,True,False
WINGER,407663,Mohamed Habbali,477681,Brahim Ait Hammou,98.149742,8.887901,98.149742,4,medium_research_only,SAME_ROLE_ONLY;RESEARCH_ONLY;SAMPLE_TOO_SMALL_LOCAL_11_MATCHES_NOT_PRODUCTION_READY,True,False
WINGER,407663,Mohamed Habbali,523309,Jalal-Eddine El Khfiyef,96.368576,13.113127,96.368576,4,medium_research_only,SAME_ROLE_ONLY;RESEARCH_ONLY;SAMPLE_TOO_SMALL_LOCAL_11_MATCHES_NOT_PRODUCTION_READY,True,False
WINGER,407663,Mohamed Habbali,523314,Mouhcine Boussanane,92.458526,16.048874,92.458526,4,medium_research_only,SAME_ROLE_ONLY;RESEARCH_ONLY;SAMPLE_TOO_SMALL_LOCAL_11_MATCHES_NOT_PRODUCTION_READY,True,False
WINGER,407663,Mohamed Habbali,523338,Salah Eddine Essalehy,90.851955,16.686774,90.851955,4,medium_research_only,SAME_ROLE_ONLY;RESEARCH_ONLY;SAMPLE_TOO_SMALL_LOCAL_11_MATCHES_NOT_PRODUCTION_READY,True,False
WINGER,407663,Mohamed Habbali,524395,Amine Dghoughi,97.508958,50.293358,97.508958,4,medium_research_only,SAME_ROLE_ONLY;RESEARCH_ONLY;SAMPLE_TOO_SMALL_LOCAL_11_MATCHES_NOT_PRODUCTION_READY,True,False
WINGER,407665,Soufiane Jazouli,409131,Abdellatif Benkassou,98.649954,27.018023,98.649954,4,medium_research_only,SAME_ROLE_ONLY;RESEARCH_ONLY;SAMPLE_TOO_SMALL_LOCAL_11_MATCHES_NOT_PRODUCTION_READY,True,False
WINGER,407665,Soufiane Jazouli,435547,Abdallah Ziani,94.23298,23.039613,94.23298,4,medium_research_only,SAME_ROLE_ONLY;RESEARCH_ONLY;SAMPLE_TOO_SMALL_LOCAL_11_MATCHES_NOT_PRODUCTION_READY,True,False
WINGER,407665,Soufiane Jazouli,442098,Khalid Baba,97.291221,18.900985,97.291221,4,medium_research_only,SAME_ROLE_ONLY;RESEARCH_ONLY;SAMPLE_TOO_SMALL_LOCAL_11_MATCHES_NOT_PRODUCTION_READY,True,False
WINGER,407665,Soufiane Jazouli,477555,Adam Brika,74.601437,44.27095,74.601437,4,medium_research_only,SAME_ROLE_ONLY;RESEARCH_ONLY;SAMPLE_TOO_SMALL_LOCAL_11_MATCHES_NOT_PRODUCTION_READY,True,False
WINGER,407665,Soufiane Jazouli,477681,Brahim Ait Hammou,96.318904,28.961246,96.318904,4,medium_research_only,SAME_ROLE_ONLY;RESEARCH_ONLY;SAMPLE_TOO_SMALL_LOCAL_11_MATCHES_NOT_PRODUCTION_READY,True,False
WINGER,407665,Soufiane Jazouli,523309,Jalal-Eddine El Khfiyef,97.937116,19.14411,97.937116,4,medium_research_only,SAME_ROLE_ONLY;RESEARCH_ONLY;SAMPLE_TOO_SMALL_LOCAL_11_MATCHES_NOT_PRODUCTION_READY,True,False
WINGER,407665,Soufiane Jazouli,523314,Mouhcine Boussanane,86.538608,34.236746,86.538608,4,medium_research_only,SAME_ROLE_ONLY;RESEARCH_ONLY;SAMPLE_TOO_SMALL_LOCAL_11_MATCHES_NOT_PRODUCTION_READY,True,False
WINGER,407665,Soufiane Jazouli,523338,Salah Eddine Essalehy,75.346463,42.466201,75.346463,4,medium_research_only,SAME_ROLE_ONLY;RESEARCH_ONLY;SAMPLE_TOO_SMALL_LOCAL_11_MATCHES_NOT_PRODUCTION_READY,True,False
WINGER,407665,Soufiane Jazouli,524395,Amine Dghoughi,85.582094,54.260314,85.582094,4,medium_research_only,SAME_ROLE_ONLY;RESEARCH_ONLY;SAMPLE_TOO_SMALL_LOCAL_11_MATCHES_NOT_PRODUCTION_READY,True,False
WINGER,409131,Abdellatif Benkassou,435547,Abdallah Ziani,93.380053,24.415036,93.380053,4,medium_research_only,SAME_ROLE_ONLY;RESEARCH_ONLY;SAMPLE_TOO_SMALL_LOCAL_11_MATCHES_NOT_PRODUCTION_READY,True,False
WINGER,409131,Abdellatif Benkassou,442098,Khalid Baba,97.829849,15.680948,97.829849,4,medium_research_only,SAME_ROLE_ONLY;RESEARCH_ONLY;SAMPLE_TOO_SMALL_LOCAL_11_MATCHES_NOT_PRODUCTION_READY,True,False
WINGER,409131,Abdellatif Benkassou,477555,Adam Brika,82.572364,17.88481,82.572364,4,medium_research_only,SAME_ROLE_ONLY;RESEARCH_ONLY;SAMPLE_TOO_SMALL_LOCAL_11_MATCHES_NOT_PRODUCTION_READY,True,False
WINGER,409131,Abdellatif Benkassou,477681,Brahim Ait Hammou,99.060949,4.537662,99.060949,4,medium_research_only,SAME_ROLE_ONLY;RESEARCH_ONLY;SAMPLE_TOO_SMALL_LOCAL_11_MATCHES_NOT_PRODUCTION_READY,True,False
WINGER,409131,Abdellatif Benkassou,523309,Jalal-Eddine El Khfiyef,98.149286,13.225941,98.149286,4,medium_research_only,SAME_ROLE_ONLY;RESEARCH_ONLY;SAMPLE_TOO_SMALL_LOCAL_11_MATCHES_NOT_PRODUCTION_READY,True,False
WINGER,409131,Abdellatif Benkassou,523314,Mouhcine Boussanane,87.713261,19.453366,87.713261,4,medium_research_only,SAME_ROLE_ONLY;RESEARCH_ONLY;SAMPLE_TOO_SMALL_LOCAL_11_MATCHES_NOT_PRODUCTION_READY,True,False
WINGER,409131,Abdellatif Benkassou,523338,Salah Eddine Essalehy,79.641334,21.99403,79.641334,4,medium_research_only,SAME_ROLE_ONLY;RESEARCH_ONLY;SAMPLE_TOO_SMALL_LOCAL_11_MATCHES_NOT_PRODUCTION_READY,True,False
WINGER,409131,Abdellatif Benkassou,524395,Amine Dghoughi,89.385387,60.151632,89.385387,4,medium_research_only,SAME_ROLE_ONLY;RESEARCH_ONLY;SAMPLE_TOO_SMALL_LOCAL_11_MATCHES_NOT_PRODUCTION_READY,True,False
WINGER,435547,Abdallah Ziani,442098,Khalid Baba,98.36675,11.283484,98.36675,4,medium_research_only,SAME_ROLE_ONLY;RESEARCH_ONLY;SAMPLE_TOO_SMALL_LOCAL_11_MATCHES_NOT_PRODUCTION_READY,True,False
WINGER,435547,Abdallah Ziani,477555,Adam Brika,79.665591,35.552618,79.665591,4,medium_research_only,SAME_ROLE_ONLY;RESEARCH_ONLY;SAMPLE_TOO_SMALL_LOCAL_11_MATCHES_NOT_PRODUCTION_READY,True,False
WINGER,435547,Abdallah Ziani,477681,Brahim Ait Hammou,92.979539,24.747402,92.979539,4,medium_research_only,SAME_ROLE_ONLY;RESEARCH_ONLY;SAMPLE_TOO_SMALL_LOCAL_11_MATCHES_NOT_PRODUCTION_READY,True,False
WINGER,435547,Abdallah Ziani,523309,Jalal-Eddine El Khfiyef,97.937144,13.252026,97.937144,4,medium_research_only,SAME_ROLE_ONLY;RESEARCH_ONLY;SAMPLE_TOO_SMALL_LOCAL_11_MATCHES_NOT_PRODUCTION_READY,True,False
WINGER,435547,Abdallah Ziani,523314,Mouhcine Boussanane,97.619827,16.325825,97.619827,4,medium_research_only,SAME_ROLE_ONLY;RESEARCH_ONLY;SAMPLE_TOO_SMALL_LOCAL_11_MATCHES_NOT_PRODUCTION_READY,True,False
WINGER,435547,Abdallah Ziani,523338,Salah Eddine Essalehy,90.34778,26.106573,90.34778,4,medium_research_only,SAME_ROLE_ONLY;RESEARCH_ONLY;SAMPLE_TOO_SMALL_LOCAL_11_MATCHES_NOT_PRODUCTION_READY,True,False
WINGER,435547,Abdallah Ziani,524395,Amine Dghoughi,91.238802,48.526854,91.238802,4,medium_research_only,SAME_ROLE_ONLY;RESEARCH_ONLY;SAMPLE_TOO_SMALL_LOCAL_11_MATCHES_NOT_PRODUCTION_READY,True,False
WINGER,442098,Khalid Baba,477555,Adam Brika,84.551074,28.991502,84.551074,4,medium_research_only,SAME_ROLE_ONLY;RESEARCH_ONLY;SAMPLE_TOO_SMALL_LOCAL_11_MATCHES_NOT_PRODUCTION_READY,True,False
WINGER,442098,Khalid Baba,477681,Brahim Ait Hammou,96.821308,16.762457,96.821308,4,medium_research_only,SAME_ROLE_ONLY;RESEARCH_ONLY;SAMPLE_TOO_SMALL_LOCAL_11_MATCHES_NOT_PRODUCTION_READY,True,False
WINGER,442098,Khalid Baba,523309,Jalal-Eddine El Khfiyef,99.016693,7.389789,99.016693,4,medium_research_only,SAME_ROLE_ONLY;RESEARCH_ONLY;SAMPLE_TOO_SMALL_LOCAL_11_MATCHES_NOT_PRODUCTION_READY,True,False
WINGER,442098,Khalid Baba,523314,Mouhcine Boussanane,95.281037,15.880472,95.281037,4,medium_research_only,SAME_ROLE_ONLY;RESEARCH_ONLY;SAMPLE_TOO_SMALL_LOCAL_11_MATCHES_NOT_PRODUCTION_READY,True,False
WINGER,442098,Khalid Baba,523338,Salah Eddine Essalehy,87.720382,24.09199,87.720382,4,medium_research_only,SAME_ROLE_ONLY;RESEARCH_ONLY;SAMPLE_TOO_SMALL_LOCAL_11_MATCHES_NOT_PRODUCTION_READY,True,False
WINGER,442098,Khalid Baba,524395,Amine Dghoughi,90.459512,51.932645,90.459512,4,medium_research_only,SAME_ROLE_ONLY;RESEARCH_ONLY;SAMPLE_TOO_SMALL_LOCAL_11_MATCHES_NOT_PRODUCTION_READY,True,False
WINGER,477555,Adam Brika,477681,Brahim Ait Hammou,84.416924,17.210078,84.416924,4,medium_research_only,SAME_ROLE_ONLY;RESEARCH_ONLY;SAMPLE_TOO_SMALL_LOCAL_11_MATCHES_NOT_PRODUCTION_READY,True,False
WINGER,477555,Adam Brika,523309,Jalal-Eddine El Khfiyef,80.045907,28.272456,80.045907,4,medium_research_only,SAME_ROLE_ONLY;RESEARCH_ONLY;SAMPLE_TOO_SMALL_LOCAL_11_MATCHES_NOT_PRODUCTION_READY,True,False
WINGER,477555,Adam Brika,523314,Mouhcine Boussanane,86.40986,21.897396,86.40986,4,medium_research_only,SAME_ROLE_ONLY;RESEARCH_ONLY;SAMPLE_TOO_SMALL_LOCAL_11_MATCHES_NOT_PRODUCTION_READY,True,False
WINGER,477555,Adam Brika,523338,Salah Eddine Essalehy,90.623027,16.360085,90.623027,4,medium_research_only,SAME_ROLE_ONLY;RESEARCH_ONLY;SAMPLE_TOO_SMALL_LOCAL_11_MATCHES_NOT_PRODUCTION_READY,True,False
WINGER,477555,Adam Brika,524395,Amine Dghoughi,81.805262,69.171418,81.805262,4,medium_research_only,SAME_ROLE_ONLY;RESEARCH_ONLY;SAMPLE_TOO_SMALL_LOCAL_11_MATCHES_NOT_PRODUCTION_READY,True,False
WINGER,477681,Brahim Ait Hammou,523309,Jalal-Eddine El Khfiyef,98.110406,13.291754,98.110406,4,medium_research_only,SAME_ROLE_ONLY;RESEARCH_ONLY;SAMPLE_TOO_SMALL_LOCAL_11_MATCHES_NOT_PRODUCTION_READY,True,False
WINGER,477681,Brahim Ait Hammou,523314,Mouhcine Boussanane,88.358327,18.987254,88.358327,4,medium_research_only,SAME_ROLE_ONLY;RESEARCH_ONLY;SAMPLE_TOO_SMALL_LOCAL_11_MATCHES_NOT_PRODUCTION_READY,True,False
WINGER,477681,Brahim Ait Hammou,523338,Salah Eddine Essalehy,82.862259,20.182629,82.862259,4,medium_research_only,SAME_ROLE_ONLY;RESEARCH_ONLY;SAMPLE_TOO_SMALL_LOCAL_11_MATCHES_NOT_PRODUCTION_READY,True,False
WINGER,477681,Brahim Ait Hammou,524395,Amine Dghoughi,94.118773,57.268811,94.118773,4,medium_research_only,SAME_ROLE_ONLY;RESEARCH_ONLY;SAMPLE_TOO_SMALL_LOCAL_11_MATCHES_NOT_PRODUCTION_READY,True,False
WINGER,523309,Jalal-Eddine El Khfiyef,523314,Mouhcine Boussanane,93.027655,17.410721,93.027655,4,medium_research_only,SAME_ROLE_ONLY;RESEARCH_ONLY;SAMPLE_TOO_SMALL_LOCAL_11_MATCHES_NOT_PRODUCTION_READY,True,False
WINGER,523309,Jalal-Eddine El Khfiyef,523338,Salah Eddine Essalehy,85.273218,24.248986,85.273218,4,medium_research_only,SAME_ROLE_ONLY;RESEARCH_ONLY;SAMPLE_TOO_SMALL_LOCAL_11_MATCHES_NOT_PRODUCTION_READY,True,False
WINGER,523309,Jalal-Eddine El Khfiyef,524395,Amine Dghoughi,93.487502,50.047573,93.487502,4,medium_research_only,SAME_ROLE_ONLY;RESEARCH_ONLY;SAMPLE_TOO_SMALL_LOCAL_11_MATCHES_NOT_PRODUCTION_READY,True,False
WINGER,523314,Mouhcine Boussanane,523338,Salah Eddine Essalehy,96.956609,10.486293,96.956609,4,medium_research_only,SAME_ROLE_ONLY;RESEARCH_ONLY;SAMPLE_TOO_SMALL_LOCAL_11_MATCHES_NOT_PRODUCTION_READY,True,False
WINGER,523314,Mouhcine Boussanane,524395,Amine Dghoughi,90.119753,55.969453,90.119753,4,medium_research_only,SAME_ROLE_ONLY;RESEARCH_ONLY;SAMPLE_TOO_SMALL_LOCAL_11_MATCHES_NOT_PRODUCTION_READY,True,False
WINGER,523338,Salah Eddine Essalehy,524395,Amine Dghoughi,90.138197,58.581964,90.138197,4,medium_research_only,SAME_ROLE_ONLY;RESEARCH_ONLY;SAMPLE_TOO_SMALL_LOCAL_11_MATCHES_NOT_PRODUCTION_READY,True,False
CF,3319,Yacine Bammou,5503,Lionel Andrés Messi Cuccittini,75.389097,12.383755,75.389097,4,medium_research_only,SAME_ROLE_ONLY;RESEARCH_ONLY;SAMPLE_TOO_SMALL_LOCAL_11_MATCHES_NOT_PRODUCTION_READY,True,False
CF,3319,Yacine Bammou,5726,Khalid Boutaïb,93.855969,12.719589,93.855969,4,medium_research_only,SAME_ROLE_ONLY;RESEARCH_ONLY;SAMPLE_TOO_SMALL_LOCAL_11_MATCHES_NOT_PRODUCTION_READY,True,False
CF,3319,Yacine Bammou,8817,Jhon Andrés Córdoba Copete,86.247436,9.503441,86.247436,4,medium_research_only,SAME_ROLE_ONLY;RESEARCH_ONLY;SAMPLE_TOO_SMALL_LOCAL_11_MATCHES_NOT_PRODUCTION_READY,True,False
CF,3319,Yacine Bammou,9253,Moussa Koné,76.837095,34.380722,76.837095,4,medium_research_only,SAME_ROLE_ONLY;RESEARCH_ONLY;SAMPLE_TOO_SMALL_LOCAL_11_MATCHES_NOT_PRODUCTION_READY,True,False
CF,3319,Yacine Bammou,20687,Nicolás Iván González,96.515868,14.02212,96.515868,4,medium_research_only,SAME_ROLE_ONLY;RESEARCH_ONLY;SAMPLE_TOO_SMALL_LOCAL_11_MATCHES_NOT_PRODUCTION_READY,True,False
CF,3319,Yacine Bammou,27158,Luis Fernando Díaz Marulanda,99.052894,5.585713,99.052894,4,medium_research_only,SAME_ROLE_ONLY;RESEARCH_ONLY;SAMPLE_TOO_SMALL_LOCAL_11_MATCHES_NOT_PRODUCTION_READY,True,False
CF,3319,Yacine Bammou,28266,Rafael Santos Borré Maury,95.834278,40.967551,95.834278,4,medium_research_only,SAME_ROLE_ONLY;RESEARCH_ONLY;SAMPLE_TOO_SMALL_LOCAL_11_MATCHES_NOT_PRODUCTION_READY,True,False
CF,3319,Yacine Bammou,29560,Julián Álvarez,98.849626,8.581319,98.849626,4,medium_research_only,SAME_ROLE_ONLY;RESEARCH_ONLY;SAMPLE_TOO_SMALL_LOCAL_11_MATCHES_NOT_PRODUCTION_READY,True,False
CF,3319,Yacine Bammou,38423,Siriki Sanogo,95.693283,12.173843,95.693283,4,medium_research_only,SAME_ROLE_ONLY;RESEARCH_ONLY;SAMPLE_TOO_SMALL_LOCAL_11_MATCHES_NOT_PRODUCTION_READY,True,False
CF,3319,Yacine Bammou,138876,Hamza Khaba,98.719168,3.803012,98.719168,4,medium_research_only,SAME_ROLE_ONLY;RESEARCH_ONLY;SAMPLE_TOO_SMALL_LOCAL_11_MATCHES_NOT_PRODUCTION_READY,True,False
CF,3319,Yacine Bammou,138936,Abderrazak Ennakouss,82.55854,10.760915,82.55854,4,medium_research_only,SAME_ROLE_ONLY;RESEARCH_ONLY;SAMPLE_TOO_SMALL_LOCAL_11_MATCHES_NOT_PRODUCTION_READY,True,False
CF,3319,Yacine Bammou,139004,Zakaria Bahrou,90.212605,11.273521,90.212605,4,medium_research_only,SAME_ROLE_ONLY;RESEARCH_ONLY;SAMPLE_TOO_SMALL_LOCAL_11_MATCHES_NOT_PRODUCTION_READY,True,False
CF,3319,Yacine Bammou,139566,Youssef Elfahli,86.325456,12.024158,86.325456,4,medium_research_only,SAME_ROLE_ONLY;RESEARCH_ONLY;SAMPLE_TOO_SMALL_LOCAL_11_MATCHES_NOT_PRODUCTION_READY,True,False
CF,3319,Yacine Bammou,140867,Ismail Khafi,97.267076,10.263242,97.267076,4,medium_research_only,SAME_ROLE_ONLY;RESEARCH_ONLY;SAMPLE_TOO_SMALL_LOCAL_11_MATCHES_NOT_PRODUCTION_READY,True,False
CF,3319,Yacine Bammou,140886,Mustapha Sahd,93.309421,14.327687,93.309421,4,medium_research_only,SAME_ROLE_ONLY;RESEARCH_ONLY;SAMPLE_TOO_SMALL_LOCAL_11_MATCHES_NOT_PRODUCTION_READY,True,False
CF,3319,Yacine Bammou,140887,Haytham El Bahja,95.476048,6.109571,95.476048,4,medium_research_only,SAME_ROLE_ONLY;RESEARCH_ONLY;SAMPLE_TOO_SMALL_LOCAL_11_MATCHES_NOT_PRODUCTION_READY,True,False
CF,3319,Yacine Bammou,141808,Charki El Bahri,76.43491,12.636016,76.43491,4,medium_research_only,SAME_ROLE_ONLY;RESEARCH_ONLY;SAMPLE_TOO_SMALL_LOCAL_11_MATCHES_NOT_PRODUCTION_READY,True,False
CF,3319,Yacine Bammou,143504,Oussama Lamlaoui,81.518509,15.458728,81.518509,4,medium_research_only,SAME_ROLE_ONLY;RESEARCH_ONLY;SAMPLE_TOO_SMALL_LOCAL_11_MATCHES_NOT_PRODUCTION_READY,True,False
CF,3319,Yacine Bammou,155347,Ayoub Mouloua,66.746701,17.468214,66.746701,4,medium_research_only,SAME_ROLE_ONLY;RESEARCH_ONLY;SAMPLE_TOO_SMALL_LOCAL_11_MATCHES_NOT_PRODUCTION_READY,True,False
CF,3319,Yacine Bammou,155705,Soufiane Benjdida,97.694202,7.549848,97.694202,4,medium_research_only,SAME_ROLE_ONLY;RESEARCH_ONLY;SAMPLE_TOO_SMALL_LOCAL_11_MATCHES_NOT_PRODUCTION_READY,True,False
CF,3319,Yacine Bammou,312936,Hamza Hannouri,95.404635,6.18303,95.404635,4,medium_research_only,SAME_ROLE_ONLY;RESEARCH_ONLY;SAMPLE_TOO_SMALL_LOCAL_11_MATCHES_NOT_PRODUCTION_READY,True,False
CF,3319,Yacine Bammou,335508,Paul Valère Bassène,66.294284,27.794786,66.294284,4,medium_research_only,SAME_ROLE_ONLY;RESEARCH_ONLY;SAMPLE_TOO_SMALL_LOCAL_11_MATCHES_NOT_PRODUCTION_READY,True,False
CF,3319,Yacine Bammou,360406,Imad Khannouss,97.677258,6.202555,97.677258,4,medium_research_only,SAME_ROLE_ONLY;RESEARCH_ONLY;SAMPLE_TOO_SMALL_LOCAL_11_MATCHES_NOT_PRODUCTION_READY,True,False
CF,3319,Yacine Bammou,363450,Youssef Riani,99.766313,5.10299,99.766313,4,medium_research_only,SAME_ROLE_ONLY;RESEARCH_ONLY;SAMPLE_TOO_SMALL_LOCAL_11_MATCHES_NOT_PRODUCTION_READY,True,False
CF,3319,Yacine Bammou,380596,Alí El Harrak El Harrak,98.672522,3.567346,98.672522,4,medium_research_only,SAME_ROLE_ONLY;RESEARCH_ONLY;SAMPLE_TOO_SMALL_LOCAL_11_MATCHES_NOT_PRODUCTION_READY,True,False
CF,3319,Yacine Bammou,393385,Nawfal Chninak,87.869401,11.827057,87.869401,4,medium_research_only,SAME_ROLE_ONLY;RESEARCH_ONLY;SAMPLE_TOO_SMALL_LOCAL_11_MATCHES_NOT_PRODUCTION_READY,True,False
CF,3319,Yacine Bammou,406860,Abdelaziz El Hamzaoui,96.795201,11.682988,96.795201,4,medium_research_only,SAME_ROLE_ONLY;RESEARCH_ONLY;SAMPLE_TOO_SMALL_LOCAL_11_MATCHES_NOT_PRODUCTION_READY,True,False
CF,3319,Yacine Bammou,409301,Jawad Ghabra,99.397035,9.741963,99.397035,4,medium_research_only,SAME_ROLE_ONLY;RESEARCH_ONLY;SAMPLE_TOO_SMALL_LOCAL_11_MATCHES_NOT_PRODUCTION_READY,True,False
CF,3319,Yacine Bammou,416299,Mohamed Amine Katiba,83.56199,12.577393,83.56199,4,medium_research_only,SAME_ROLE_ONLY;RESEARCH_ONLY;SAMPLE_TOO_SMALL_LOCAL_11_MATCHES_NOT_PRODUCTION_READY,True,False
CF,3319,Yacine Bammou,442295,Reda Abardi,96.318748,10.886309,96.318748,4,medium_research_only,SAME_ROLE_ONLY;RESEARCH_ONLY;SAMPLE_TOO_SMALL_LOCAL_11_MATCHES_NOT_PRODUCTION_READY,True,False
CF,3319,Yacine Bammou,453613,Baba Bello Ilou,83.979063,23.01251,83.979063,4,medium_research_only,SAME_ROLE_ONLY;RESEARCH_ONLY;SAMPLE_TOO_SMALL_LOCAL_11_MATCHES_NOT_PRODUCTION_READY,True,False
CF,3319,Yacine Bammou,462167,Livty Kpolo,95.144784,8.145207,95.144784,4,medium_research_only,SAME_ROLE_ONLY;RESEARCH_ONLY;SAMPLE_TOO_SMALL_LOCAL_11_MATCHES_NOT_PRODUCTION_READY,True,False
CF,3319,Yacine Bammou,477684,Brahim Amzili,99.452751,8.082438,99.452751,4,medium_research_only,SAME_ROLE_ONLY;RESEARCH_ONLY;SAMPLE_TOO_SMALL_LOCAL_11_MATCHES_NOT_PRODUCTION_READY,True,False
CF,3319,Yacine Bammou,503286,Mehdi Balouk,94.569263,6.610326,94.569263,4,medium_research_only,SAME_ROLE_ONLY;RESEARCH_ONLY;SAMPLE_TOO_SMALL_LOCAL_11_MATCHES_NOT_PRODUCTION_READY,True,False
CF,3319,Yacine Bammou,522339,Souleymane Cissé,92.330219,22.785798,92.330219,4,medium_research_only,SAME_ROLE_ONLY;RESEARCH_ONLY;SAMPLE_TOO_SMALL_LOCAL_11_MATCHES_NOT_PRODUCTION_READY,True,False
CF,3319,Yacine Bammou,522342,Younes El Bahraoui,92.487513,7.538241,92.487513,4,medium_research_only,SAME_ROLE_ONLY;RESEARCH_ONLY;SAMPLE_TOO_SMALL_LOCAL_11_MATCHES_NOT_PRODUCTION_READY,True,False
CF,3319,Yacine Bammou,523311,Anas Jabroun,99.298714,9.026325,99.298714,4,medium_research_only,SAME_ROLE_ONLY;RESEARCH_ONLY;SAMPLE_TOO_SMALL_LOCAL_11_MATCHES_NOT_PRODUCTION_READY,True,False
CF,3319,Yacine Bammou,524001,Nasreddine Moustaghfir,85.740832,86.265185,85.740832,4,medium_research_only,SAME_ROLE_ONLY;RESEARCH_ONLY;SAMPLE_TOO_SMALL_LOCAL_11_MATCHES_NOT_PRODUCTION_READY,True,False
CF,3319,Yacine Bammou,524246,Youness El Kaabi,95.189205,39.259362,95.189205,4,medium_research_only,SAME_ROLE_ONLY;RESEARCH_ONLY;SAMPLE_TOO_SMALL_LOCAL_11_MATCHES_NOT_PRODUCTION_READY,True,False
CF,3319,Yacine Bammou,524392,Romuald Dacosta,95.882142,8.840535,95.882142,4,medium_research_only,SAME_ROLE_ONLY;RESEARCH_ONLY;SAMPLE_TOO_SMALL_LOCAL_11_MATCHES_NOT_PRODUCTION_READY,True,False
CF,5503,Lionel Andrés Messi Cuccittini,5726,Khalid Boutaïb,52.849962,24.690089,52.849962,4,medium_research_only,SAME_ROLE_ONLY;RESEARCH_ONLY;SAMPLE_TOO_SMALL_LOCAL_11_MATCHES_NOT_PRODUCTION_READY,True,False
CF,5503,Lionel Andrés Messi Cuccittini,8817,Jhon Andrés Córdoba Copete,89.895128,6.482534,89.895128,4,medium_research_only,SAME_ROLE_ONLY;RESEARCH_ONLY;SAMPLE_TOO_SMALL_LOCAL_11_MATCHES_NOT_PRODUCTION_READY,True,False
CF,5503,Lionel Andrés Messi Cuccittini,9253,Moussa Koné,83.996761,33.517118,83.996761,4,medium_research_only,SAME_ROLE_ONLY;RESEARCH_ONLY;SAMPLE_TOO_SMALL_LOCAL_11_MATCHES_NOT_PRODUCTION_READY,True,False
CF,5503,Lionel Andrés Messi Cuccittini,20687,Nicolás Iván González,73.462785,22.941392,73.462785,4,medium_research_only,SAME_ROLE_ONLY;RESEARCH_ONLY;SAMPLE_TOO_SMALL_LOCAL_11_MATCHES_NOT_PRODUCTION_READY,True,False
CF,5503,Lionel Andrés Messi Cuccittini,27158,Luis Fernando Díaz Marulanda,80.386393,8.629247,80.386393,4,medium_research_only,SAME_ROLE_ONLY;RESEARCH_ONLY;SAMPLE_TOO_SMALL_LOCAL_11_MATCHES_NOT_PRODUCTION_READY,True,False
CF,5503,Lionel Andrés Messi Cuccittini,28266,Rafael Santos Borré Maury,83.936697,46.759268,83.936697,4,medium_research_only,SAME_ROLE_ONLY;RESEARCH_ONLY;SAMPLE_TOO_SMALL_LOCAL_11_MATCHES_NOT_PRODUCTION_READY,True,False
CF,5503,Lionel Andrés Messi Cuccittini,29560,Julián Álvarez,73.485507,9.27294,73.485507,4,medium_research_only,SAME_ROLE_ONLY;RESEARCH_ONLY;SAMPLE_TOO_SMALL_LOCAL_11_MATCHES_NOT_PRODUCTION_READY,True,False
CF,5503,Lionel Andrés Messi Cuccittini,38423,Siriki Sanogo,59.346501,23.800415,59.346501,4,medium_research_only,SAME_ROLE_ONLY;RESEARCH_ONLY;SAMPLE_TOO_SMALL_LOCAL_11_MATCHES_NOT_PRODUCTION_READY,True,False
CF,5503,Lionel Andrés Messi Cuccittini,138876,Hamza Khaba,74.867487,10.913121,74.867487,4,medium_research_only,SAME_ROLE_ONLY;RESEARCH_ONLY;SAMPLE_TOO_SMALL_LOCAL_11_MATCHES_NOT_PRODUCTION_READY,True,False
CF,5503,Lionel Andrés Messi Cuccittini,138936,Abderrazak Ennakouss,93.465816,5.81191,93.465816,4,medium_research_only,SAME_ROLE_ONLY;RESEARCH_ONLY;SAMPLE_TOO_SMALL_LOCAL_11_MATCHES_NOT_PRODUCTION_READY,True,False
CF,5503,Lionel Andrés Messi Cuccittini,139004,Zakaria Bahrou,75.663898,16.183661,75.663898,4,medium_research_only,SAME_ROLE_ONLY;RESEARCH_ONLY;SAMPLE_TOO_SMALL_LOCAL_11_MATCHES_NOT_PRODUCTION_READY,True,False
CF,5503,Lionel Andrés Messi Cuccittini,139566,Youssef Elfahli,81.446232,13.551364,81.446232,4,medium_research_only,SAME_ROLE_ONLY;RESEARCH_ONLY;SAMPLE_TOO_SMALL_LOCAL_11_MATCHES_NOT_PRODUCTION_READY,True,False
CF,5503,Lionel Andrés Messi Cuccittini,140867,Ismail Khafi,66.057361,9.943585,66.057361,4,medium_research_only,SAME_ROLE_ONLY;RESEARCH_ONLY;SAMPLE_TOO_SMALL_LOCAL_11_MATCHES_NOT_PRODUCTION_READY,True,False
CF,5503,Lionel Andrés Messi Cuccittini,140886,Mustapha Sahd,92.983678,16.392003,92.983678,4,medium_research_only,SAME_ROLE_ONLY;RESEARCH_ONLY;SAMPLE_TOO_SMALL_LOCAL_11_MATCHES_NOT_PRODUCTION_READY,True,False
CF,5503,Lionel Andrés Messi Cuccittini,140887,Haytham El Bahja,77.747562,9.87091,77.747562,4,medium_research_only,SAME_ROLE_ONLY;RESEARCH_ONLY;SAMPLE_TOO_SMALL_LOCAL_11_MATCHES_NOT_PRODUCTION_READY,True,False
CF,5503,Lionel Andrés Messi Cuccittini,141808,Charki El Bahri,96.544634,8.176693,96.544634,4,medium_research_only,SAME_ROLE_ONLY;RESEARCH_ONLY;SAMPLE_TOO_SMALL_LOCAL_11_MATCHES_NOT_PRODUCTION_READY,True,False
CF,5503,Lionel Andrés Messi Cuccittini,143504,Oussama Lamlaoui,85.067423,14.555238,85.067423,4,medium_research_only,SAME_ROLE_ONLY;RESEARCH_ONLY;SAMPLE_TOO_SMALL_LOCAL_11_MATCHES_NOT_PRODUCTION_READY,True,False
CF,5503,Lionel Andrés Messi Cuccittini,155347,Ayoub Mouloua,91.001176,9.755461,91.001176,4,medium_research_only,SAME_ROLE_ONLY;RESEARCH_ONLY;SAMPLE_TOO_SMALL_LOCAL_11_MATCHES_NOT_PRODUCTION_READY,True,False
CF,5503,Lionel Andrés Messi Cuccittini,155705,Soufiane Benjdida,75.405426,16.780802,75.405426,4,medium_research_only,SAME_ROLE_ONLY;RESEARCH_ONLY;SAMPLE_TOO_SMALL_LOCAL_11_MATCHES_NOT_PRODUCTION_READY,True,False
CF,5503,Lionel Andrés Messi Cuccittini,312936,Hamza Hannouri,81.838414,11.412562,81.838414,4,medium_research_only,SAME_ROLE_ONLY;RESEARCH_ONLY;SAMPLE_TOO_SMALL_LOCAL_11_MATCHES_NOT_PRODUCTION_READY,True,False
CF,5503,Lionel Andrés Messi Cuccittini,335508,Paul Valère Bassène,90.580563,21.422755,90.580563,4,medium_research_only,SAME_ROLE_ONLY;RESEARCH_ONLY;SAMPLE_TOO_SMALL_LOCAL_11_MATCHES_NOT_PRODUCTION_READY,True,False
CF,5503,Lionel Andrés Messi Cuccittini,360406,Imad Khannouss,61.428538,18.445004,61.428538,4,medium_research_only,SAME_ROLE_ONLY;RESEARCH_ONLY;SAMPLE_TOO_SMALL_LOCAL_11_MATCHES_NOT_PRODUCTION_READY,True,False
CF,5503,Lionel Andrés Messi Cuccittini,363450,Youssef Riani,79.095671,15.176091,79.095671,4,medium_research_only,SAME_ROLE_ONLY;RESEARCH_ONLY;SAMPLE_TOO_SMALL_LOCAL_11_MATCHES_NOT_PRODUCTION_READY,True,False
CF,5503,Lionel Andrés Messi Cuccittini,380596,Alí El Harrak El Harrak,84.559873,8.824133,84.559873,4,medium_research_only,SAME_ROLE_ONLY;RESEARCH_ONLY;SAMPLE_TOO_SMALL_LOCAL_11_MATCHES_NOT_PRODUCTION_READY,True,False
CF,5503,Lionel Andrés Messi Cuccittini,393385,Nawfal Chninak,86.729597,8.653741,86.729597,4,medium_research_only,SAME_ROLE_ONLY;RESEARCH_ONLY;SAMPLE_TOO_SMALL_LOCAL_11_MATCHES_NOT_PRODUCTION_READY,True,False
CF,5503,Lionel Andrés Messi Cuccittini,406860,Abdelaziz El Hamzaoui,67.028136,9.945777,67.028136,4,medium_research_only,SAME_ROLE_ONLY;RESEARCH_ONLY;SAMPLE_TOO_SMALL_LOCAL_11_MATCHES_NOT_PRODUCTION_READY,True,False
CF,5503,Lionel Andrés Messi Cuccittini,409301,Jawad Ghabra,68.663513,21.540614,68.663513,4,medium_research_only,SAME_ROLE_ONLY;RESEARCH_ONLY;SAMPLE_TOO_SMALL_LOCAL_11_MATCHES_NOT_PRODUCTION_READY,True,False
CF,5503,Lionel Andrés Messi Cuccittini,416299,Mohamed Amine Katiba,92.675728,8.895244,92.675728,4,medium_research_only,SAME_ROLE_ONLY;RESEARCH_ONLY;SAMPLE_TOO_SMALL_LOCAL_11_MATCHES_NOT_PRODUCTION_READY,True,False
CF,5503,Lionel Andrés Messi Cuccittini,442295,Reda Abardi,60.623813,10.296686,60.623813,4,medium_research_only,SAME_ROLE_ONLY;RESEARCH_ONLY;SAMPLE_TOO_SMALL_LOCAL_11_MATCHES_NOT_PRODUCTION_READY,True,False
CF,5503,Lionel Andrés Messi Cuccittini,453613,Baba Bello Ilou,78.093262,25.660418,78.093262,4,medium_research_only,SAME_ROLE_ONLY;RESEARCH_ONLY;SAMPLE_TOO_SMALL_LOCAL_11_MATCHES_NOT_PRODUCTION_READY,True,False
CF,5503,Lionel Andrés Messi Cuccittini,462167,Livty Kpolo,57.689966,11.621326,57.689966,4,medium_research_only,SAME_ROLE_ONLY;RESEARCH_ONLY;SAMPLE_TOO_SMALL_LOCAL_11_MATCHES_NOT_PRODUCTION_READY,True,False
CF,5503,Lionel Andrés Messi Cuccittini,477684,Brahim Amzili,80.268128,8.365588,80.268128,4,medium_research_only,SAME_ROLE_ONLY;RESEARCH_ONLY;SAMPLE_TOO_SMALL_LOCAL_11_MATCHES_NOT_PRODUCTION_READY,True,False
CF,5503,Lionel Andrés Messi Cuccittini,503286,Mehdi Balouk,89.10625,6.819373,89.10625,4,medium_research_only,SAME_ROLE_ONLY;RESEARCH_ONLY;SAMPLE_TOO_SMALL_LOCAL_11_MATCHES_NOT_PRODUCTION_READY,True,False
CF,5503,Lionel Andrés Messi Cuccittini,522339,Souleymane Cissé,72.947499,29.922948,72.947499,4,medium_research_only,SAME_ROLE_ONLY;RESEARCH_ONLY;SAMPLE_TOO_SMALL_LOCAL_11_MATCHES_NOT_PRODUCTION_READY,True,False
CF,5503,Lionel Andrés Messi Cuccittini,522342,Younes El Bahraoui,89.956771,8.2532,89.956771,4,medium_research_only,SAME_ROLE_ONLY;RESEARCH_ONLY;SAMPLE_TOO_SMALL_LOCAL_11_MATCHES_NOT_PRODUCTION_READY,True,False
CF,5503,Lionel Andrés Messi Cuccittini,523311,Anas Jabroun,70.843254,20.330078,70.843254,4,medium_research_only,SAME_ROLE_ONLY;RESEARCH_ONLY;SAMPLE_TOO_SMALL_LOCAL_11_MATCHES_NOT_PRODUCTION_READY,True,False
CF,5503,Lionel Andrés Messi Cuccittini,524001,Nasreddine Moustaghfir,77.020239,90.348022,77.020239,4,medium_research_only,SAME_ROLE_ONLY;RESEARCH_ONLY;SAMPLE_TOO_SMALL_LOCAL_11_MATCHES_NOT_PRODUCTION_READY,True,False
CF,5503,Lionel Andrés Messi Cuccittini,524246,Youness El Kaabi,74.212283,47.10306,74.212283,4,medium_research_only,SAME_ROLE_ONLY;RESEARCH_ONLY;SAMPLE_TOO_SMALL_LOCAL_11_MATCHES_NOT_PRODUCTION_READY,True,False
CF,5503,Lionel Andrés Messi Cuccittini,524392,Romuald Dacosta,58.462338,11.065695,58.462338,4,medium_research_only,SAME_ROLE_ONLY;RESEARCH_ONLY;SAMPLE_TOO_SMALL_LOCAL_11_MATCHES_NOT_PRODUCTION_READY,True,False
CF,5726,Khalid Boutaïb,8817,Jhon Andrés Córdoba Copete,66.620374,21.760008,66.620374,4,medium_research_only,SAME_ROLE_ONLY;RESEARCH_ONLY;SAMPLE_TOO_SMALL_LOCAL_11_MATCHES_NOT_PRODUCTION_READY,True,False
CF,5726,Khalid Boutaïb,9253,Moussa Koné,57.153325,42.968831,57.153325,4,medium_research_only,SAME_ROLE_ONLY;RESEARCH_ONLY;SAMPLE_TOO_SMALL_LOCAL_11_MATCHES_NOT_PRODUCTION_READY,True,False
CF,5726,Khalid Boutaïb,20687,Nicolás Iván González,87.846297,17.259713,87.846297,4,medium_research_only,SAME_ROLE_ONLY;RESEARCH_ONLY;SAMPLE_TOO_SMALL_LOCAL_11_MATCHES_NOT_PRODUCTION_READY,True,False
CF,5726,Khalid Boutaïb,27158,Luis Fernando Díaz Marulanda,91.091121,16.610728,91.091121,4,medium_research_only,SAME_ROLE_ONLY;RESEARCH_ONLY;SAMPLE_TOO_SMALL_LOCAL_11_MATCHES_NOT_PRODUCTION_READY,True,False
CF,5726,Khalid Boutaïb,28266,Rafael Santos Borré Maury,87.075857,39.355954,87.075857,4,medium_research_only,SAME_ROLE_ONLY;RESEARCH_ONLY;SAMPLE_TOO_SMALL_LOCAL_11_MATCHES_NOT_PRODUCTION_READY,True,False
CF,5726,Khalid Boutaïb,29560,Julián Álvarez,91.840773,18.662476,91.840773,4,medium_research_only,SAME_ROLE_ONLY;RESEARCH_ONLY;SAMPLE_TOO_SMALL_LOCAL_11_MATCHES_NOT_PRODUCTION_READY,True,False
CF,5726,Khalid Boutaïb,38423,Siriki Sanogo,99.373275,3.699344,99.373275,4,medium_research_only,SAME_ROLE_ONLY;RESEARCH_ONLY;SAMPLE_TOO_SMALL_LOCAL_11_MATCHES_NOT_PRODUCTION_READY,True,False
CF,5726,Khalid Boutaïb,138876,Hamza Khaba,90.836147,15.227078,90.836147,4,medium_research_only,SAME_ROLE_ONLY;RESEARCH_ONLY;SAMPLE_TOO_SMALL_LOCAL_11_MATCHES_NOT_PRODUCTION_READY,True,False
CF,5726,Khalid Boutaïb,138936,Abderrazak Ennakouss,68.021181,21.488212,68.021181,4,medium_research_only,SAME_ROLE_ONLY;RESEARCH_ONLY;SAMPLE_TOO_SMALL_LOCAL_11_MATCHES_NOT_PRODUCTION_READY,True,False
CF,5726,Khalid Boutaïb,139004,Zakaria Bahrou,77.714299,20.060303,77.714299,4,medium_research_only,SAME_ROLE_ONLY;RESEARCH_ONLY;SAMPLE_TOO_SMALL_LOCAL_11_MATCHES_NOT_PRODUCTION_READY,True,False
CF,5726,Khalid Boutaïb,139566,Youssef Elfahli,69.977132,22.60349,69.977132,4,medium_research_only,SAME_ROLE_ONLY;RESEARCH_ONLY;SAMPLE_TOO_SMALL_LOCAL_11_MATCHES_NOT_PRODUCTION_READY,True,False
CF,5726,Khalid Boutaïb,140867,Ismail Khafi,97.84064,19.338758,97.84064,4,medium_research_only,SAME_ROLE_ONLY;RESEARCH_ONLY;SAMPLE_TOO_SMALL_LOCAL_11_MATCHES_NOT_PRODUCTION_READY,True,False
CF,5726,Khalid Boutaïb,140886,Mustapha Sahd,76.087713,23.250323,76.087713,4,medium_research_only,SAME_ROLE_ONLY;RESEARCH_ONLY;SAMPLE_TOO_SMALL_LOCAL_11_MATCHES_NOT_PRODUCTION_READY,True,False
CF,5726,Khalid Boutaïb,140887,Haytham El Bahja,84.144603,17.570616,84.144603,4,medium_research_only,SAME_ROLE_ONLY;RESEARCH_ONLY;SAMPLE_TOO_SMALL_LOCAL_11_MATCHES_NOT_PRODUCTION_READY,True,False
CF,5726,Khalid Boutaïb,141808,Charki El Bahri,52.908517,22.949912,52.908517,4,medium_research_only,SAME_ROLE_ONLY;RESEARCH_ONLY;SAMPLE_TOO_SMALL_LOCAL_11_MATCHES_NOT_PRODUCTION_READY,True,False
CF,5726,Khalid Boutaïb,143504,Oussama Lamlaoui,62.421143,26.353117,62.421143,4,medium_research_only,SAME_ROLE_ONLY;RESEARCH_ONLY;SAMPLE_TOO_SMALL_LOCAL_11_MATCHES_NOT_PRODUCTION_READY,True,False
CF,5726,Khalid Boutaïb,155347,Ayoub Mouloua,52.202415,27.5586,52.202415,4,medium_research_only,SAME_ROLE_ONLY;RESEARCH_ONLY;SAMPLE_TOO_SMALL_LOCAL_11_MATCHES_NOT_PRODUCTION_READY,True,False
CF,5726,Khalid Boutaïb,155705,Soufiane Benjdida,89.034373,14.429735,89.034373,4,medium_research_only,SAME_ROLE_ONLY;RESEARCH_ONLY;SAMPLE_TOO_SMALL_LOCAL_11_MATCHES_NOT_PRODUCTION_READY,True,False
CF,5726,Khalid Boutaïb,312936,Hamza Hannouri,88.124781,15.109818,88.124781,4,medium_research_only,SAME_ROLE_ONLY;RESEARCH_ONLY;SAMPLE_TOO_SMALL_LOCAL_11_MATCHES_NOT_PRODUCTION_READY,True,False
CF,5726,Khalid Boutaïb,335508,Paul Valère Bassène,51.975414,36.300371,51.975414,4,medium_research_only,SAME_ROLE_ONLY;RESEARCH_ONLY;SAMPLE_TOO_SMALL_LOCAL_11_MATCHES_NOT_PRODUCTION_READY,True,False
CF,5726,Khalid Boutaïb,360406,Imad Khannouss,98.763826,6.869433,98.763826,4,medium_research_only,SAME_ROLE_ONLY;RESEARCH_ONLY;SAMPLE_TOO_SMALL_LOCAL_11_MATCHES_NOT_PRODUCTION_READY,True,False
CF,5726,Khalid Boutaïb,363450,Youssef Riani,91.800981,12.607993,91.800981,4,medium_research_only,SAME_ROLE_ONLY;RESEARCH_ONLY;SAMPLE_TOO_SMALL_LOCAL_11_MATCHES_NOT_PRODUCTION_READY,True,False
CF,5726,Khalid Boutaïb,380596,Alí El Harrak El Harrak,87.596203,16.101003,87.596203,4,medium_research_only,SAME_ROLE_ONLY;RESEARCH_ONLY;SAMPLE_TOO_SMALL_LOCAL_11_MATCHES_NOT_PRODUCTION_READY,True,False
CF,5726,Khalid Boutaïb,393385,Nawfal Chninak,78.23945,21.508585,78.23945,4,medium_research_only,SAME_ROLE_ONLY;RESEARCH_ONLY;SAMPLE_TOO_SMALL_LOCAL_11_MATCHES_NOT_PRODUCTION_READY,True,False
CF,5726,Khalid Boutaïb,406860,Abdelaziz El Hamzaoui,97.174597,20.814784,97.174597,4,medium_research_only,SAME_ROLE_ONLY;RESEARCH_ONLY;SAMPLE_TOO_SMALL_LOCAL_11_MATCHES_NOT_PRODUCTION_READY,True,False
CF,5726,Khalid Boutaïb,409301,Jawad Ghabra,96.39299,8.755112,96.39299,4,medium_research_only,SAME_ROLE_ONLY;RESEARCH_ONLY;SAMPLE_TOO_SMALL_LOCAL_11_MATCHES_NOT_PRODUCTION_READY,True,False
CF,5726,Khalid Boutaïb,416299,Mohamed Amine Katiba,65.4656,22.434258,65.4656,4,medium_research_only,SAME_ROLE_ONLY;RESEARCH_ONLY;SAMPLE_TOO_SMALL_LOCAL_11_MATCHES_NOT_PRODUCTION_READY,True,False
CF,5726,Khalid Boutaïb,442295,Reda Abardi,99.266513,19.800286,99.266513,4,medium_research_only,SAME_ROLE_ONLY;RESEARCH_ONLY;SAMPLE_TOO_SMALL_LOCAL_11_MATCHES_NOT_PRODUCTION_READY,True,False
CF,5726,Khalid Boutaïb,453613,Baba Bello Ilou,68.455461,30.338651,68.455461,4,medium_research_only,SAME_ROLE_ONLY;RESEARCH_ONLY;SAMPLE_TOO_SMALL_LOCAL_11_MATCHES_NOT_PRODUCTION_READY,True,False
CF,5726,Khalid Boutaïb,462167,Livty Kpolo,99.577425,16.169638,99.577425,4,medium_research_only,SAME_ROLE_ONLY;RESEARCH_ONLY;SAMPLE_TOO_SMALL_LOCAL_11_MATCHES_NOT_PRODUCTION_READY,True,False
CF,5726,Khalid Boutaïb,477684,Brahim Amzili,89.996074,18.631152,89.996074,4,medium_research_only,SAME_ROLE_ONLY;RESEARCH_ONLY;SAMPLE_TOO_SMALL_LOCAL_11_MATCHES_NOT_PRODUCTION_READY,True,False
CF,5726,Khalid Boutaïb,503286,Mehdi Balouk,78.457763,19.100083,78.457763,4,medium_research_only,SAME_ROLE_ONLY;RESEARCH_ONLY;SAMPLE_TOO_SMALL_LOCAL_11_MATCHES_NOT_PRODUCTION_READY,True,False
CF,5726,Khalid Boutaïb,522339,Souleymane Cissé,82.357698,25.388369,82.357698,4,medium_research_only,SAME_ROLE_ONLY;RESEARCH_ONLY;SAMPLE_TOO_SMALL_LOCAL_11_MATCHES_NOT_PRODUCTION_READY,True,False
CF,5726,Khalid Boutaïb,522342,Younes El Bahraoui,75.093573,19.976499,75.093573,4,medium_research_only,SAME_ROLE_ONLY;RESEARCH_ONLY;SAMPLE_TOO_SMALL_LOCAL_11_MATCHES_NOT_PRODUCTION_READY,True,False
CF,5726,Khalid Boutaïb,523311,Anas Jabroun,94.35436,10.777387,94.35436,4,medium_research_only,SAME_ROLE_ONLY;RESEARCH_ONLY;SAMPLE_TOO_SMALL_LOCAL_11_MATCHES_NOT_PRODUCTION_READY,True,False
CF,5726,Khalid Boutaïb,524001,Nasreddine Moustaghfir,71.399493,88.233112,71.399493,4,medium_research_only,SAME_ROLE_ONLY;RESEARCH_ONLY;SAMPLE_TOO_SMALL_LOCAL_11_MATCHES_NOT_PRODUCTION_READY,True,False
CF,5726,Khalid Boutaïb,524246,Youness El Kaabi,85.474011,38.551136,85.474011,4,medium_research_only,SAME_ROLE_ONLY;RESEARCH_ONLY;SAMPLE_TOO_SMALL_LOCAL_11_MATCHES_NOT_PRODUCTION_READY,True,False
CF,5726,Khalid Boutaïb,524392,Romuald Dacosta,99.643796,17.289131,99.643796,4,medium_research_only,SAME_ROLE_ONLY;RESEARCH_ONLY;SAMPLE_TOO_SMALL_LOCAL_11_MATCHES_NOT_PRODUCTION_READY,True,False
CF,8817,Jhon Andrés Córdoba Copete,9253,Moussa Koné,97.548385,30.585885,97.548385,4,medium_research_only,SAME_ROLE_ONLY;RESEARCH_ONLY;SAMPLE_TOO_SMALL_LOCAL_11_MATCHES_NOT_PRODUCTION_READY,True,False
CF,8817,Jhon Andrés Córdoba Copete,20687,Nicolás Iván González,92.328634,18.370338,92.328634,4,medium_research_only,SAME_ROLE_ONLY;RESEARCH_ONLY;SAMPLE_TOO_SMALL_LOCAL_11_MATCHES_NOT_PRODUCTION_READY,True,False
CF,8817,Jhon Andrés Córdoba Copete,27158,Luis Fernando Díaz Marulanda,85.956217,6.990673,85.956217,4,medium_research_only,SAME_ROLE_ONLY;RESEARCH_ONLY;SAMPLE_TOO_SMALL_LOCAL_11_MATCHES_NOT_PRODUCTION_READY,True,False
CF,8817,Jhon Andrés Córdoba Copete,28266,Rafael Santos Borré Maury,82.486603,47.460791,82.486603,4,medium_research_only,SAME_ROLE_ONLY;RESEARCH_ONLY;SAMPLE_TOO_SMALL_LOCAL_11_MATCHES_NOT_PRODUCTION_READY,True,False
CF,8817,Jhon Andrés Córdoba Copete,29560,Julián Álvarez,89.567537,6.431908,89.567537,4,medium_research_only,SAME_ROLE_ONLY;RESEARCH_ONLY;SAMPLE_TOO_SMALL_LOCAL_11_MATCHES_NOT_PRODUCTION_READY,True,False
CF,8817,Jhon Andrés Córdoba Copete,38423,Siriki Sanogo,69.222035,21.630199,69.222035,4,medium_research_only,SAME_ROLE_ONLY;RESEARCH_ONLY;SAMPLE_TOO_SMALL_LOCAL_11_MATCHES_NOT_PRODUCTION_READY,True,False
CF,8817,Jhon Andrés Córdoba Copete,138876,Hamza Khaba,90.587186,6.599391,90.587186,4,medium_research_only,SAME_ROLE_ONLY;RESEARCH_ONLY;SAMPLE_TOO_SMALL_LOCAL_11_MATCHES_NOT_PRODUCTION_READY,True,False
CF,8817,Jhon Andrés Córdoba Copete,138936,Abderrazak Ennakouss,79.023292,8.020141,79.023292,4,medium_research_only,SAME_ROLE_ONLY;RESEARCH_ONLY;SAMPLE_TOO_SMALL_LOCAL_11_MATCHES_NOT_PRODUCTION_READY,True,False
CF,8817,Jhon Andrés Córdoba Copete,139004,Zakaria Bahrou,96.001114,10.541154,96.001114,4,medium_research_only,SAME_ROLE_ONLY;RESEARCH_ONLY;SAMPLE_TOO_SMALL_LOCAL_11_MATCHES_NOT_PRODUCTION_READY,True,False
CF,8817,Jhon Andrés Córdoba Copete,139566,Youssef Elfahli,98.347861,8.327433,98.347861,4,medium_research_only,SAME_ROLE_ONLY;RESEARCH_ONLY;SAMPLE_TOO_SMALL_LOCAL_11_MATCHES_NOT_PRODUCTION_READY,True,False
CF,8817,Jhon Andrés Córdoba Copete,140867,Ismail Khafi,73.303329,8.702973,73.303329,4,medium_research_only,SAME_ROLE_ONLY;RESEARCH_ONLY;SAMPLE_TOO_SMALL_LOCAL_11_MATCHES_NOT_PRODUCTION_READY,True,False
CF,8817,Jhon Andrés Córdoba Copete,140886,Mustapha Sahd,96.169006,15.910945,96.169006,4,medium_research_only,SAME_ROLE_ONLY;RESEARCH_ONLY;SAMPLE_TOO_SMALL_LOCAL_11_MATCHES_NOT_PRODUCTION_READY,True,False
CF,8817,Jhon Andrés Córdoba Copete,140887,Haytham El Bahja,95.09584,4.523931,95.09584,4,medium_research_only,SAME_ROLE_ONLY;RESEARCH_ONLY;SAMPLE_TOO_SMALL_LOCAL_11_MATCHES_NOT_PRODUCTION_READY,True,False
CF,8817,Jhon Andrés Córdoba Copete,141808,Charki El Bahri,96.840864,7.472477,96.840864,4,medium_research_only,SAME_ROLE_ONLY;RESEARCH_ONLY;SAMPLE_TOO_SMALL_LOCAL_11_MATCHES_NOT_PRODUCTION_READY,True,False
CF,8817,Jhon Andrés Córdoba Copete,143504,Oussama Lamlaoui,98.849181,10.480939,98.849181,4,medium_research_only,SAME_ROLE_ONLY;RESEARCH_ONLY;SAMPLE_TOO_SMALL_LOCAL_11_MATCHES_NOT_PRODUCTION_READY,True,False
CF,8817,Jhon Andrés Córdoba Copete,155347,Ayoub Mouloua,67.847443,15.730836,67.847443,4,medium_research_only,SAME_ROLE_ONLY;RESEARCH_ONLY;SAMPLE_TOO_SMALL_LOCAL_11_MATCHES_NOT_PRODUCTION_READY,True,False
CF,8817,Jhon Andrés Córdoba Copete,155705,Soufiane Benjdida,91.344429,12.633088,91.344429,4,medium_research_only,SAME_ROLE_ONLY;RESEARCH_ONLY;SAMPLE_TOO_SMALL_LOCAL_11_MATCHES_NOT_PRODUCTION_READY,True,False
CF,8817,Jhon Andrés Córdoba Copete,312936,Hamza Hannouri,79.584923,11.92501,79.584923,4,medium_research_only,SAME_ROLE_ONLY;RESEARCH_ONLY;SAMPLE_TOO_SMALL_LOCAL_11_MATCHES_NOT_PRODUCTION_READY,True,False
CF,8817,Jhon Andrés Córdoba Copete,335508,Paul Valère Bassène,67.195906,27.26995,67.195906,4,medium_research_only,SAME_ROLE_ONLY;RESEARCH_ONLY;SAMPLE_TOO_SMALL_LOCAL_11_MATCHES_NOT_PRODUCTION_READY,True,False
CF,8817,Jhon Andrés Córdoba Copete,360406,Imad Khannouss,76.379906,15.091437,76.379906,4,medium_research_only,SAME_ROLE_ONLY;RESEARCH_ONLY;SAMPLE_TOO_SMALL_LOCAL_11_MATCHES_NOT_PRODUCTION_READY,True,False
CF,8817,Jhon Andrés Córdoba Copete,363450,Youssef Riani,87.82097,12.941708,87.82097,4,medium_research_only,SAME_ROLE_ONLY;RESEARCH_ONLY;SAMPLE_TOO_SMALL_LOCAL_11_MATCHES_NOT_PRODUCTION_READY,True,False
CF,8817,Jhon Andrés Córdoba Copete,380596,Alí El Harrak El Harrak,90.812323,6.800875,90.812323,4,medium_research_only,SAME_ROLE_ONLY;RESEARCH_ONLY;SAMPLE_TOO_SMALL_LOCAL_11_MATCHES_NOT_PRODUCTION_READY,True,False
CF,8817,Jhon Andrés Córdoba Copete,393385,Nawfal Chninak,75.517928,8.714737,75.517928,4,medium_research_only,SAME_ROLE_ONLY;RESEARCH_ONLY;SAMPLE_TOO_SMALL_LOCAL_11_MATCHES_NOT_PRODUCTION_READY,True,False
CF,8817,Jhon Andrés Córdoba Copete,406860,Abdelaziz El Hamzaoui,72.531566,9.004168,72.531566,4,medium_research_only,SAME_ROLE_ONLY;RESEARCH_ONLY;SAMPLE_TOO_SMALL_LOCAL_11_MATCHES_NOT_PRODUCTION_READY,True,False
CF,8817,Jhon Andrés Córdoba Copete,409301,Jawad Ghabra,82.908589,18.241294,82.908589,4,medium_research_only,SAME_ROLE_ONLY;RESEARCH_ONLY;SAMPLE_TOO_SMALL_LOCAL_11_MATCHES_NOT_PRODUCTION_READY,True,False
CF,8817,Jhon Andrés Córdoba Copete,416299,Mohamed Amine Katiba,91.26358,8.275651,91.26358,4,medium_research_only,SAME_ROLE_ONLY;RESEARCH_ONLY;SAMPLE_TOO_SMALL_LOCAL_11_MATCHES_NOT_PRODUCTION_READY,True,False
CF,8817,Jhon Andrés Córdoba Copete,442295,Reda Abardi,70.699255,8.960589,70.699255,4,medium_research_only,SAME_ROLE_ONLY;RESEARCH_ONLY;SAMPLE_TOO_SMALL_LOCAL_11_MATCHES_NOT_PRODUCTION_READY,True,False
CF,8817,Jhon Andrés Córdoba Copete,453613,Baba Bello Ilou,97.096021,21.070341,97.096021,4,medium_research_only,SAME_ROLE_ONLY;RESEARCH_ONLY;SAMPLE_TOO_SMALL_LOCAL_11_MATCHES_NOT_PRODUCTION_READY,True,False
CF,8817,Jhon Andrés Córdoba Copete,462167,Livty Kpolo,68.119194,9.717986,68.119194,4,medium_research_only,SAME_ROLE_ONLY;RESEARCH_ONLY;SAMPLE_TOO_SMALL_LOCAL_11_MATCHES_NOT_PRODUCTION_READY,True,False
CF,8817,Jhon Andrés Córdoba Copete,477684,Brahim Amzili,90.81788,6.064864,90.81788,4,medium_research_only,SAME_ROLE_ONLY;RESEARCH_ONLY;SAMPLE_TOO_SMALL_LOCAL_11_MATCHES_NOT_PRODUCTION_READY,True,False
CF,8817,Jhon Andrés Córdoba Copete,503286,Mehdi Balouk,97.621279,3.096043,97.621279,4,medium_research_only,SAME_ROLE_ONLY;RESEARCH_ONLY;SAMPLE_TOO_SMALL_LOCAL_11_MATCHES_NOT_PRODUCTION_READY,True,False
CF,8817,Jhon Andrés Córdoba Copete,522339,Souleymane Cissé,92.776004,25.37725,92.776004,4,medium_research_only,SAME_ROLE_ONLY;RESEARCH_ONLY;SAMPLE_TOO_SMALL_LOCAL_11_MATCHES_NOT_PRODUCTION_READY,True,False
CF,8817,Jhon Andrés Córdoba Copete,522342,Younes El Bahraoui,98.791533,4.664867,98.791533,4,medium_research_only,SAME_ROLE_ONLY;RESEARCH_ONLY;SAMPLE_TOO_SMALL_LOCAL_11_MATCHES_NOT_PRODUCTION_READY,True,False
CF,8817,Jhon Andrés Córdoba Copete,523311,Anas Jabroun,86.446715,16.600867,86.446715,4,medium_research_only,SAME_ROLE_ONLY;RESEARCH_ONLY;SAMPLE_TOO_SMALL_LOCAL_11_MATCHES_NOT_PRODUCTION_READY,True,False
CF,8817,Jhon Andrés Córdoba Copete,524001,Nasreddine Moustaghfir,96.041633,86.644649,96.041633,4,medium_research_only,SAME_ROLE_ONLY;RESEARCH_ONLY;SAMPLE_TOO_SMALL_LOCAL_11_MATCHES_NOT_PRODUCTION_READY,True,False
CF,8817,Jhon Andrés Córdoba Copete,524246,Youness El Kaabi,93.588261,43.005424,93.588261,4,medium_research_only,SAME_ROLE_ONLY;RESEARCH_ONLY;SAMPLE_TOO_SMALL_LOCAL_11_MATCHES_NOT_PRODUCTION_READY,True,False
CF,8817,Jhon Andrés Córdoba Copete,524392,Romuald Dacosta,70.001517,9.160531,70.001517,4,medium_research_only,SAME_ROLE_ONLY;RESEARCH_ONLY;SAMPLE_TOO_SMALL_LOCAL_11_MATCHES_NOT_PRODUCTION_READY,True,False
CF,9253,Moussa Koné,20687,Nicolás Iván González,87.569171,26.530016,87.569171,4,medium_research_only,SAME_ROLE_ONLY;RESEARCH_ONLY;SAMPLE_TOO_SMALL_LOCAL_11_MATCHES_NOT_PRODUCTION_READY,True,False
CF,9253,Moussa Koné,27158,Luis Fernando Díaz Marulanda,75.898934,36.049235,75.898934,4,medium_research_only,SAME_ROLE_ONLY;RESEARCH_ONLY;SAMPLE_TOO_SMALL_LOCAL_11_MATCHES_NOT_PRODUCTION_READY,True,False
CF,9253,Moussa Koné,28266,Rafael Santos Borré Maury,69.694171,52.417304,69.694171,4,medium_research_only,SAME_ROLE_ONLY;RESEARCH_ONLY;SAMPLE_TOO_SMALL_LOCAL_11_MATCHES_NOT_PRODUCTION_READY,True,False
CF,9253,Moussa Koné,29560,Julián Álvarez,82.334967,36.487102,82.334967,4,medium_research_only,SAME_ROLE_ONLY;RESEARCH_ONLY;SAMPLE_TOO_SMALL_LOCAL_11_MATCHES_NOT_PRODUCTION_READY,True,False
CF,9253,Moussa Koné,38423,Siriki Sanogo,58.481992,42.577819,58.481992,4,medium_research_only,SAME_ROLE_ONLY;RESEARCH_ONLY;SAMPLE_TOO_SMALL_LOCAL_11_MATCHES_NOT_PRODUCTION_READY,True,False
CF,9253,Moussa Koné,138876,Hamza Khaba,84.069046,33.13315,84.069046,4,medium_research_only,SAME_ROLE_ONLY;RESEARCH_ONLY;SAMPLE_TOO_SMALL_LOCAL_11_MATCHES_NOT_PRODUCTION_READY,True,False
CF,9253,Moussa Koné,138936,Abderrazak Ennakouss,67.313281,37.998054,67.313281,4,medium_research_only,SAME_ROLE_ONLY;RESEARCH_ONLY;SAMPLE_TOO_SMALL_LOCAL_11_MATCHES_NOT_PRODUCTION_READY,True,False
CF,9253,Moussa Koné,139004,Zakaria Bahrou,94.468448,24.563801,94.468448,4,medium_research_only,SAME_ROLE_ONLY;RESEARCH_ONLY;SAMPLE_TOO_SMALL_LOCAL_11_MATCHES_NOT_PRODUCTION_READY,True,False
CF,9253,Moussa Koné,139566,Youssef Elfahli,98.189079,23.430915,98.189079,4,medium_research_only,SAME_ROLE_ONLY;RESEARCH_ONLY;SAMPLE_TOO_SMALL_LOCAL_11_MATCHES_NOT_PRODUCTION_READY,True,False
CF,9253,Moussa Koné,140867,Ismail Khafi,61.664484,39.041303,61.664484,4,medium_research_only,SAME_ROLE_ONLY;RESEARCH_ONLY;SAMPLE_TOO_SMALL_LOCAL_11_MATCHES_NOT_PRODUCTION_READY,True,False
CF,9253,Moussa Koné,140886,Mustapha Sahd,88.608662,26.007635,88.608662,4,medium_research_only,SAME_ROLE_ONLY;RESEARCH_ONLY;SAMPLE_TOO_SMALL_LOCAL_11_MATCHES_NOT_PRODUCTION_READY,True,False
CF,9253,Moussa Koné,140887,Haytham El Bahja,90.973182,31.771006,90.973182,4,medium_research_only,SAME_ROLE_ONLY;RESEARCH_ONLY;SAMPLE_TOO_SMALL_LOCAL_11_MATCHES_NOT_PRODUCTION_READY,True,False
CF,9253,Moussa Koné,141808,Charki El Bahri,94.418993,37.515466,94.418993,4,medium_research_only,SAME_ROLE_ONLY;RESEARCH_ONLY;SAMPLE_TOO_SMALL_LOCAL_11_MATCHES_NOT_PRODUCTION_READY,True,False
CF,9253,Moussa Koné,143504,Oussama Lamlaoui,99.652763,20.183333,99.652763,4,medium_research_only,SAME_ROLE_ONLY;RESEARCH_ONLY;SAMPLE_TOO_SMALL_LOCAL_11_MATCHES_NOT_PRODUCTION_READY,True,False
CF,9253,Moussa Koné,155347,Ayoub Mouloua,58.649268,40.271107,58.649268,4,medium_research_only,SAME_ROLE_ONLY;RESEARCH_ONLY;SAMPLE_TOO_SMALL_LOCAL_11_MATCHES_NOT_PRODUCTION_READY,True,False
CF,9253,Moussa Koné,155705,Soufiane Benjdida,86.052192,29.03938,86.052192,4,medium_research_only,SAME_ROLE_ONLY;RESEARCH_ONLY;SAMPLE_TOO_SMALL_LOCAL_11_MATCHES_NOT_PRODUCTION_READY,True,False
CF,9253,Moussa Koné,312936,Hamza Hannouri,67.622075,37.210707,67.622075,4,medium_research_only,SAME_ROLE_ONLY;RESEARCH_ONLY;SAMPLE_TOO_SMALL_LOCAL_11_MATCHES_NOT_PRODUCTION_READY,True,False
CF,9253,Moussa Koné,335508,Paul Valère Bassène,58.065203,45.291793,58.065203,4,medium_research_only,SAME_ROLE_ONLY;RESEARCH_ONLY;SAMPLE_TOO_SMALL_LOCAL_11_MATCHES_NOT_PRODUCTION_READY,True,False
CF,9253,Moussa Koné,360406,Imad Khannouss,67.709312,37.358978,67.709312,4,medium_research_only,SAME_ROLE_ONLY;RESEARCH_ONLY;SAMPLE_TOO_SMALL_LOCAL_11_MATCHES_NOT_PRODUCTION_READY,True,False
CF,9253,Moussa Koné,363450,Youssef Riani,78.341419,32.980152,78.341419,4,medium_research_only,SAME_ROLE_ONLY;RESEARCH_ONLY;SAMPLE_TOO_SMALL_LOCAL_11_MATCHES_NOT_PRODUCTION_READY,True,False
CF,9253,Moussa Koné,380596,Alí El Harrak El Harrak,81.344064,33.650876,81.344064,4,medium_research_only,SAME_ROLE_ONLY;RESEARCH_ONLY;SAMPLE_TOO_SMALL_LOCAL_11_MATCHES_NOT_PRODUCTION_READY,True,False
CF,9253,Moussa Koné,393385,Nawfal Chninak,62.848201,39.132177,62.848201,4,medium_research_only,SAME_ROLE_ONLY;RESEARCH_ONLY;SAMPLE_TOO_SMALL_LOCAL_11_MATCHES_NOT_PRODUCTION_READY,True,False
CF,9253,Moussa Koné,406860,Abdelaziz El Hamzaoui,60.650744,39.331281,60.650744,4,medium_research_only,SAME_ROLE_ONLY;RESEARCH_ONLY;SAMPLE_TOO_SMALL_LOCAL_11_MATCHES_NOT_PRODUCTION_READY,True,False
CF,9253,Moussa Koné,409301,Jawad Ghabra,74.327249,34.938056,74.327249,4,medium_research_only,SAME_ROLE_ONLY;RESEARCH_ONLY;SAMPLE_TOO_SMALL_LOCAL_11_MATCHES_NOT_PRODUCTION_READY,True,False
CF,9253,Moussa Koné,416299,Mohamed Amine Katiba,82.254972,38.534971,82.254972,4,medium_research_only,SAME_ROLE_ONLY;RESEARCH_ONLY;SAMPLE_TOO_SMALL_LOCAL_11_MATCHES_NOT_PRODUCTION_READY,True,False
CF,9253,Moussa Koné,442295,Reda Abardi,59.855504,39.248112,59.855504,4,medium_research_only,SAME_ROLE_ONLY;RESEARCH_ONLY;SAMPLE_TOO_SMALL_LOCAL_11_MATCHES_NOT_PRODUCTION_READY,True,False
CF,9253,Moussa Koné,453613,Baba Bello Ilou,98.242731,13.352085,98.242731,4,medium_research_only,SAME_ROLE_ONLY;RESEARCH_ONLY;SAMPLE_TOO_SMALL_LOCAL_11_MATCHES_NOT_PRODUCTION_READY,True,False
CF,9253,Moussa Koné,462167,Livty Kpolo,57.625376,39.297897,57.625376,4,medium_research_only,SAME_ROLE_ONLY;RESEARCH_ONLY;SAMPLE_TOO_SMALL_LOCAL_11_MATCHES_NOT_PRODUCTION_READY,True,False
CF,9253,Moussa Koné,477684,Brahim Amzili,82.092463,36.293966,82.092463,4,medium_research_only,SAME_ROLE_ONLY;RESEARCH_ONLY;SAMPLE_TOO_SMALL_LOCAL_11_MATCHES_NOT_PRODUCTION_READY,True,False
CF,9253,Moussa Koné,503286,Mehdi Balouk,91.369634,31.871178,91.369634,4,medium_research_only,SAME_ROLE_ONLY;RESEARCH_ONLY;SAMPLE_TOO_SMALL_LOCAL_11_MATCHES_NOT_PRODUCTION_READY,True,False
CF,9253,Moussa Koné,522339,Souleymane Cissé,91.351367,22.35161,91.351367,4,medium_research_only,SAME_ROLE_ONLY;RESEARCH_ONLY;SAMPLE_TOO_SMALL_LOCAL_11_MATCHES_NOT_PRODUCTION_READY,True,False
CF,9253,Moussa Koné,522342,Younes El Bahraoui,93.434117,28.663308,93.434117,4,medium_research_only,SAME_ROLE_ONLY;RESEARCH_ONLY;SAMPLE_TOO_SMALL_LOCAL_11_MATCHES_NOT_PRODUCTION_READY,True,False
CF,9253,Moussa Koné,523311,Anas Jabroun,78.484101,32.674516,78.484101,4,medium_research_only,SAME_ROLE_ONLY;RESEARCH_ONLY;SAMPLE_TOO_SMALL_LOCAL_11_MATCHES_NOT_PRODUCTION_READY,True,False
CF,9253,Moussa Koné,524001,Nasreddine Moustaghfir,97.159552,59.570903,97.159552,4,medium_research_only,SAME_ROLE_ONLY;RESEARCH_ONLY;SAMPLE_TOO_SMALL_LOCAL_11_MATCHES_NOT_PRODUCTION_READY,True,False
CF,9253,Moussa Koné,524246,Youness El Kaabi,89.276575,31.737381,89.276575,4,medium_research_only,SAME_ROLE_ONLY;RESEARCH_ONLY;SAMPLE_TOO_SMALL_LOCAL_11_MATCHES_NOT_PRODUCTION_READY,True,False
CF,9253,Moussa Koné,524392,Romuald Dacosta,59.56944,39.065323,59.56944,4,medium_research_only,SAME_ROLE_ONLY;RESEARCH_ONLY;SAMPLE_TOO_SMALL_LOCAL_11_MATCHES_NOT_PRODUCTION_READY,True,False
CF,20687,Nicolás Iván González,27158,Luis Fernando Díaz Marulanda,93.549386,18.877988,93.549386,4,medium_research_only,SAME_ROLE_ONLY;RESEARCH_ONLY;SAMPLE_TOO_SMALL_LOCAL_11_MATCHES_NOT_PRODUCTION_READY,True,False
CF,20687,Nicolás Iván González,28266,Rafael Santos Borré Maury,87.155523,38.152741,87.155523,4,medium_research_only,SAME_ROLE_ONLY;RESEARCH_ONLY;SAMPLE_TOO_SMALL_LOCAL_11_MATCHES_NOT_PRODUCTION_READY,True,False
CF,20687,Nicolás Iván González,29560,Julián Álvarez,99.207398,20.603387,99.207398,4,medium_research_only,SAME_ROLE_ONLY;RESEARCH_ONLY;SAMPLE_TOO_SMALL_LOCAL_11_MATCHES_NOT_PRODUCTION_READY,True,False
CF,20687,Nicolás Iván González,38423,Siriki Sanogo,88.041541,17.217192,88.041541,4,medium_research_only,SAME_ROLE_ONLY;RESEARCH_ONLY;SAMPLE_TOO_SMALL_LOCAL_11_MATCHES_NOT_PRODUCTION_READY,True,False
CF,20687,Nicolás Iván González,138876,Hamza Khaba,99.376874,14.915098,99.376874,4,medium_research_only,SAME_ROLE_ONLY;RESEARCH_ONLY;SAMPLE_TOO_SMALL_LOCAL_11_MATCHES_NOT_PRODUCTION_READY,True,False
CF,20687,Nicolás Iván González,138936,Abderrazak Ennakouss,72.29348,23.738244,72.29348,4,medium_research_only,SAME_ROLE_ONLY;RESEARCH_ONLY;SAMPLE_TOO_SMALL_LOCAL_11_MATCHES_NOT_PRODUCTION_READY,True,False
CF,20687,Nicolás Iván González,139004,Zakaria Bahrou,98.047101,9.392097,98.047101,4,medium_research_only,SAME_ROLE_ONLY;RESEARCH_ONLY;SAMPLE_TOO_SMALL_LOCAL_11_MATCHES_NOT_PRODUCTION_READY,True,False
CF,20687,Nicolás Iván González,139566,Youssef Elfahli,94.996844,12.744384,94.996844,4,medium_research_only,SAME_ROLE_ONLY;RESEARCH_ONLY;SAMPLE_TOO_SMALL_LOCAL_11_MATCHES_NOT_PRODUCTION_READY,True,False
CF,20687,Nicolás Iván González,140867,Ismail Khafi,89.079111,23.051966,89.079111,4,medium_research_only,SAME_ROLE_ONLY;RESEARCH_ONLY;SAMPLE_TOO_SMALL_LOCAL_11_MATCHES_NOT_PRODUCTION_READY,True,False
CF,20687,Nicolás Iván González,140886,Mustapha Sahd,92.228062,14.120286,92.228062,4,medium_research_only,SAME_ROLE_ONLY;RESEARCH_ONLY;SAMPLE_TOO_SMALL_LOCAL_11_MATCHES_NOT_PRODUCTION_READY,True,False
CF,20687,Nicolás Iván González,140887,Haytham El Bahja,99.614196,15.609001,99.614196,4,medium_research_only,SAME_ROLE_ONLY;RESEARCH_ONLY;SAMPLE_TOO_SMALL_LOCAL_11_MATCHES_NOT_PRODUCTION_READY,True,False
CF,20687,Nicolás Iván González,141808,Charki El Bahri,80.973669,24.418043,80.973669,4,medium_research_only,SAME_ROLE_ONLY;RESEARCH_ONLY;SAMPLE_TOO_SMALL_LOCAL_11_MATCHES_NOT_PRODUCTION_READY,True,False
CF,20687,Nicolás Iván González,143504,Oussama Lamlaoui,90.869952,14.985843,90.869952,4,medium_research_only,SAME_ROLE_ONLY;RESEARCH_ONLY;SAMPLE_TOO_SMALL_LOCAL_11_MATCHES_NOT_PRODUCTION_READY,True,False
CF,20687,Nicolás Iván González,155347,Ayoub Mouloua,55.435628,29.068398,55.435628,4,medium_research_only,SAME_ROLE_ONLY;RESEARCH_ONLY;SAMPLE_TOO_SMALL_LOCAL_11_MATCHES_NOT_PRODUCTION_READY,True,False
CF,20687,Nicolás Iván González,155705,Soufiane Benjdida,99.19585,7.595719,99.19585,4,medium_research_only,SAME_ROLE_ONLY;RESEARCH_ONLY;SAMPLE_TOO_SMALL_LOCAL_11_MATCHES_NOT_PRODUCTION_READY,True,False
CF,20687,Nicolás Iván González,312936,Hamza Hannouri,85.793839,18.489771,85.793839,4,medium_research_only,SAME_ROLE_ONLY;RESEARCH_ONLY;SAMPLE_TOO_SMALL_LOCAL_11_MATCHES_NOT_PRODUCTION_READY,True,False
CF,20687,Nicolás Iván González,335508,Paul Valère Bassène,54.861122,36.992011,54.861122,4,medium_research_only,SAME_ROLE_ONLY;RESEARCH_ONLY;SAMPLE_TOO_SMALL_LOCAL_11_MATCHES_NOT_PRODUCTION_READY,True,False
CF,20687,Nicolás Iván González,360406,Imad Khannouss,93.842559,13.408553,93.842559,4,medium_research_only,SAME_ROLE_ONLY;RESEARCH_ONLY;SAMPLE_TOO_SMALL_LOCAL_11_MATCHES_NOT_PRODUCTION_READY,True,False
CF,20687,Nicolás Iván González,363450,Youssef Riani,95.947401,11.445113,95.947401,4,medium_research_only,SAME_ROLE_ONLY;RESEARCH_ONLY;SAMPLE_TOO_SMALL_LOCAL_11_MATCHES_NOT_PRODUCTION_READY,True,False
CF,20687,Nicolás Iván González,380596,Alí El Harrak El Harrak,95.114277,16.112484,95.114277,4,medium_research_only,SAME_ROLE_ONLY;RESEARCH_ONLY;SAMPLE_TOO_SMALL_LOCAL_11_MATCHES_NOT_PRODUCTION_READY,True,False
CF,20687,Nicolás Iván González,393385,Nawfal Chninak,75.897002,24.584882,75.897002,4,medium_research_only,SAME_ROLE_ONLY;RESEARCH_ONLY;SAMPLE_TOO_SMALL_LOCAL_11_MATCHES_NOT_PRODUCTION_READY,True,False
CF,20687,Nicolás Iván González,406860,Abdelaziz El Hamzaoui,87.79189,24.229458,87.79189,4,medium_research_only,SAME_ROLE_ONLY;RESEARCH_ONLY;SAMPLE_TOO_SMALL_LOCAL_11_MATCHES_NOT_PRODUCTION_READY,True,False
CF,20687,Nicolás Iván González,409301,Jawad Ghabra,96.63321,9.404022,96.63321,4,medium_research_only,SAME_ROLE_ONLY;RESEARCH_ONLY;SAMPLE_TOO_SMALL_LOCAL_11_MATCHES_NOT_PRODUCTION_READY,True,False
CF,20687,Nicolás Iván González,416299,Mohamed Amine Katiba,82.331721,24.703592,82.331721,4,medium_research_only,SAME_ROLE_ONLY;RESEARCH_ONLY;SAMPLE_TOO_SMALL_LOCAL_11_MATCHES_NOT_PRODUCTION_READY,True,False
CF,20687,Nicolás Iván González,442295,Reda Abardi,88.957462,23.494633,88.957462,4,medium_research_only,SAME_ROLE_ONLY;RESEARCH_ONLY;SAMPLE_TOO_SMALL_LOCAL_11_MATCHES_NOT_PRODUCTION_READY,True,False
CF,20687,Nicolás Iván González,453613,Baba Bello Ilou,94.140693,14.124828,94.140693,4,medium_research_only,SAME_ROLE_ONLY;RESEARCH_ONLY;SAMPLE_TOO_SMALL_LOCAL_11_MATCHES_NOT_PRODUCTION_READY,True,False
CF,20687,Nicolás Iván González,462167,Livty Kpolo,87.616984,21.229851,87.616984,4,medium_research_only,SAME_ROLE_ONLY;RESEARCH_ONLY;SAMPLE_TOO_SMALL_LOCAL_11_MATCHES_NOT_PRODUCTION_READY,True,False
CF,20687,Nicolás Iván González,477684,Brahim Amzili,97.492683,20.46248,97.492683,4,medium_research_only,SAME_ROLE_ONLY;RESEARCH_ONLY;SAMPLE_TOO_SMALL_LOCAL_11_MATCHES_NOT_PRODUCTION_READY,True,False
CF,20687,Nicolás Iván González,503286,Mehdi Balouk,95.853163,17.08917,95.853163,4,medium_research_only,SAME_ROLE_ONLY;RESEARCH_ONLY;SAMPLE_TOO_SMALL_LOCAL_11_MATCHES_NOT_PRODUCTION_READY,True,False
CF,20687,Nicolás Iván González,522339,Souleymane Cissé,98.267338,10.65632,98.267338,4,medium_research_only,SAME_ROLE_ONLY;RESEARCH_ONLY;SAMPLE_TOO_SMALL_LOCAL_11_MATCHES_NOT_PRODUCTION_READY,True,False
CF,20687,Nicolás Iván González,522342,Younes El Bahraoui,95.103427,14.781152,95.103427,4,medium_research_only,SAME_ROLE_ONLY;RESEARCH_ONLY;SAMPLE_TOO_SMALL_LOCAL_11_MATCHES_NOT_PRODUCTION_READY,True,False
CF,20687,Nicolás Iván González,523311,Anas Jabroun,98.269853,7.271182,98.269853,4,medium_research_only,SAME_ROLE_ONLY;RESEARCH_ONLY;SAMPLE_TOO_SMALL_LOCAL_11_MATCHES_NOT_PRODUCTION_READY,True,False
CF,20687,Nicolás Iván González,524001,Nasreddine Moustaghfir,94.975597,73.15866,94.975597,4,medium_research_only,SAME_ROLE_ONLY;RESEARCH_ONLY;SAMPLE_TOO_SMALL_LOCAL_11_MATCHES_NOT_PRODUCTION_READY,True,False
CF,20687,Nicolás Iván González,524246,Youness El Kaabi,99.784728,25.59374,99.784728,4,medium_research_only,SAME_ROLE_ONLY;RESEARCH_ONLY;SAMPLE_TOO_SMALL_LOCAL_11_MATCHES_NOT_PRODUCTION_READY,True,False
CF,20687,Nicolás Iván González,524392,Romuald Dacosta,89.123645,21.727179,89.123645,4,medium_research_only,SAME_ROLE_ONLY;RESEARCH_ONLY;SAMPLE_TOO_SMALL_LOCAL_11_MATCHES_NOT_PRODUCTION_READY,True,False
CF,27158,Luis Fernando Díaz Marulanda,28266,Rafael Santos Borré Maury,97.73258,45.076672,97.73258,4,medium_research_only,SAME_ROLE_ONLY;RESEARCH_ONLY;SAMPLE_TOO_SMALL_LOCAL_11_MATCHES_NOT_PRODUCTION_READY,True,False
CF,27158,Luis Fernando Díaz Marulanda,29560,Julián Álvarez,96.340433,4.142193,96.340433,4,medium_research_only,SAME_ROLE_ONLY;RESEARCH_ONLY;SAMPLE_TOO_SMALL_LOCAL_11_MATCHES_NOT_PRODUCTION_READY,True,False
CF,27158,Luis Fernando Díaz Marulanda,38423,Siriki Sanogo,94.268628,16.278135,94.268628,4,medium_research_only,SAME_ROLE_ONLY;RESEARCH_ONLY;SAMPLE_TOO_SMALL_LOCAL_11_MATCHES_NOT_PRODUCTION_READY,True,False
CF,27158,Luis Fernando Díaz Marulanda,138876,Hamza Khaba,96.76536,4.401883,96.76536,4,medium_research_only,SAME_ROLE_ONLY;RESEARCH_ONLY;SAMPLE_TOO_SMALL_LOCAL_11_MATCHES_NOT_PRODUCTION_READY,True,False
CF,27158,Luis Fernando Díaz Marulanda,138936,Abderrazak Ennakouss,88.263895,5.554688,88.263895,4,medium_research_only,SAME_ROLE_ONLY;RESEARCH_ONLY;SAMPLE_TOO_SMALL_LOCAL_11_MATCHES_NOT_PRODUCTION_READY,True,False
CF,27158,Luis Fernando Díaz Marulanda,139004,Zakaria Bahrou,86.855611,13.768637,86.855611,4,medium_research_only,SAME_ROLE_ONLY;RESEARCH_ONLY;SAMPLE_TOO_SMALL_LOCAL_11_MATCHES_NOT_PRODUCTION_READY,True,False
CF,27158,Luis Fernando Díaz Marulanda,139566,Youssef Elfahli,84.405624,13.078661,84.405624,4,medium_research_only,SAME_ROLE_ONLY;RESEARCH_ONLY;SAMPLE_TOO_SMALL_LOCAL_11_MATCHES_NOT_PRODUCTION_READY,True,False
CF,27158,Luis Fernando Díaz Marulanda,140867,Ismail Khafi,96.664986,5.249038,96.664986,4,medium_research_only,SAME_ROLE_ONLY;RESEARCH_ONLY;SAMPLE_TOO_SMALL_LOCAL_11_MATCHES_NOT_PRODUCTION_READY,True,False
CF,27158,Luis Fernando Díaz Marulanda,140886,Mustapha Sahd,94.984327,17.164916,94.984327,4,medium_research_only,SAME_ROLE_ONLY;RESEARCH_ONLY;SAMPLE_TOO_SMALL_LOCAL_11_MATCHES_NOT_PRODUCTION_READY,True,False
CF,27158,Luis Fernando Díaz Marulanda,140887,Haytham El Bahja,93.23207,5.257699,93.23207,4,medium_research_only,SAME_ROLE_ONLY;RESEARCH_ONLY;SAMPLE_TOO_SMALL_LOCAL_11_MATCHES_NOT_PRODUCTION_READY,True,False
CF,27158,Luis Fernando Díaz Marulanda,141808,Charki El Bahri,78.57992,7.471965,78.57992,4,medium_research_only,SAME_ROLE_ONLY;RESEARCH_ONLY;SAMPLE_TOO_SMALL_LOCAL_11_MATCHES_NOT_PRODUCTION_READY,True,False
CF,27158,Luis Fernando Díaz Marulanda,143504,Oussama Lamlaoui,80.486889,16.107642,80.486889,4,medium_research_only,SAME_ROLE_ONLY;RESEARCH_ONLY;SAMPLE_TOO_SMALL_LOCAL_11_MATCHES_NOT_PRODUCTION_READY,True,False
CF,27158,Luis Fernando Díaz Marulanda,155347,Ayoub Mouloua,74.968755,14.122843,74.968755,4,medium_research_only,SAME_ROLE_ONLY;RESEARCH_ONLY;SAMPLE_TOO_SMALL_LOCAL_11_MATCHES_NOT_PRODUCTION_READY,True,False
CF,27158,Luis Fernando Díaz Marulanda,155705,Soufiane Benjdida,96.143873,11.978751,96.143873,4,medium_research_only,SAME_ROLE_ONLY;RESEARCH_ONLY;SAMPLE_TOO_SMALL_LOCAL_11_MATCHES_NOT_PRODUCTION_READY,True,False
CF,27158,Luis Fernando Díaz Marulanda,312936,Hamza Hannouri,98.309239,6.771232,98.309239,4,medium_research_only,SAME_ROLE_ONLY;RESEARCH_ONLY;SAMPLE_TOO_SMALL_LOCAL_11_MATCHES_NOT_PRODUCTION_READY,True,False
CF,27158,Luis Fernando Díaz Marulanda,335508,Paul Valère Bassène,74.596716,25.909326,74.596716,4,medium_research_only,SAME_ROLE_ONLY;RESEARCH_ONLY;SAMPLE_TOO_SMALL_LOCAL_11_MATCHES_NOT_PRODUCTION_READY,True,False
CF,27158,Luis Fernando Díaz Marulanda,360406,Imad Khannouss,95.256294,10.603531,95.256294,4,medium_research_only,SAME_ROLE_ONLY;RESEARCH_ONLY;SAMPLE_TOO_SMALL_LOCAL_11_MATCHES_NOT_PRODUCTION_READY,True,False
CF,27158,Luis Fernando Díaz Marulanda,363450,Youssef Riani,99.646145,10.140941,99.646145,4,medium_research_only,SAME_ROLE_ONLY;RESEARCH_ONLY;SAMPLE_TOO_SMALL_LOCAL_11_MATCHES_NOT_PRODUCTION_READY,True,False
CF,27158,Luis Fernando Díaz Marulanda,380596,Alí El Harrak El Harrak,99.291273,3.568855,99.291273,4,medium_research_only,SAME_ROLE_ONLY;RESEARCH_ONLY;SAMPLE_TOO_SMALL_LOCAL_11_MATCHES_NOT_PRODUCTION_READY,True,False
CF,27158,Luis Fernando Díaz Marulanda,393385,Nawfal Chninak,92.945631,6.398492,92.945631,4,medium_research_only,SAME_ROLE_ONLY;RESEARCH_ONLY;SAMPLE_TOO_SMALL_LOCAL_11_MATCHES_NOT_PRODUCTION_READY,True,False
CF,27158,Luis Fernando Díaz Marulanda,406860,Abdelaziz El Hamzaoui,96.798292,6.538382,96.798292,4,medium_research_only,SAME_ROLE_ONLY;RESEARCH_ONLY;SAMPLE_TOO_SMALL_LOCAL_11_MATCHES_NOT_PRODUCTION_READY,True,False
CF,27158,Luis Fernando Díaz Marulanda,409301,Jawad Ghabra,97.41851,15.198811,97.41851,4,medium_research_only,SAME_ROLE_ONLY;RESEARCH_ONLY;SAMPLE_TOO_SMALL_LOCAL_11_MATCHES_NOT_PRODUCTION_READY,True,False
CF,27158,Luis Fernando Díaz Marulanda,416299,Mohamed Amine Katiba,84.299385,7.434921,84.299385,4,medium_research_only,SAME_ROLE_ONLY;RESEARCH_ONLY;SAMPLE_TOO_SMALL_LOCAL_11_MATCHES_NOT_PRODUCTION_READY,True,False
CF,27158,Luis Fernando Díaz Marulanda,442295,Reda Abardi,94.798571,5.924408,94.798571,4,medium_research_only,SAME_ROLE_ONLY;RESEARCH_ONLY;SAMPLE_TOO_SMALL_LOCAL_11_MATCHES_NOT_PRODUCTION_READY,True,False
CF,27158,Luis Fernando Díaz Marulanda,453613,Baba Bello Ilou,81.393509,25.524496,81.393509,4,medium_research_only,SAME_ROLE_ONLY;RESEARCH_ONLY;SAMPLE_TOO_SMALL_LOCAL_11_MATCHES_NOT_PRODUCTION_READY,True,False
CF,27158,Luis Fernando Díaz Marulanda,462167,Livty Kpolo,93.544264,4.288895,93.544264,4,medium_research_only,SAME_ROLE_ONLY;RESEARCH_ONLY;SAMPLE_TOO_SMALL_LOCAL_11_MATCHES_NOT_PRODUCTION_READY,True,False
CF,27158,Luis Fernando Díaz Marulanda,477684,Brahim Amzili,98.693702,3.240523,98.693702,4,medium_research_only,SAME_ROLE_ONLY;RESEARCH_ONLY;SAMPLE_TOO_SMALL_LOCAL_11_MATCHES_NOT_PRODUCTION_READY,True,False
CF,27158,Luis Fernando Díaz Marulanda,503286,Mehdi Balouk,94.780233,4.538426,94.780233,4,medium_research_only,SAME_ROLE_ONLY;RESEARCH_ONLY;SAMPLE_TOO_SMALL_LOCAL_11_MATCHES_NOT_PRODUCTION_READY,True,False
CF,27158,Luis Fernando Díaz Marulanda,522339,Souleymane Cissé,90.02625,26.844798,90.02625,4,medium_research_only,SAME_ROLE_ONLY;RESEARCH_ONLY;SAMPLE_TOO_SMALL_LOCAL_11_MATCHES_NOT_PRODUCTION_READY,True,False
CF,27158,Luis Fernando Díaz Marulanda,522342,Younes El Bahraoui,92.537991,7.816709,92.537991,4,medium_research_only,SAME_ROLE_ONLY;RESEARCH_ONLY;SAMPLE_TOO_SMALL_LOCAL_11_MATCHES_NOT_PRODUCTION_READY,True,False
CF,27158,Luis Fernando Díaz Marulanda,523311,Anas Jabroun,96.83782,14.56284,96.83782,4,medium_research_only,SAME_ROLE_ONLY;RESEARCH_ONLY;SAMPLE_TOO_SMALL_LOCAL_11_MATCHES_NOT_PRODUCTION_READY,True,False
CF,27158,Luis Fernando Díaz Marulanda,524001,Nasreddine Moustaghfir,83.6405,90.006204,83.6405,4,medium_research_only,SAME_ROLE_ONLY;RESEARCH_ONLY;SAMPLE_TOO_SMALL_LOCAL_11_MATCHES_NOT_PRODUCTION_READY,True,False
CF,27158,Luis Fernando Díaz Marulanda,524246,Youness El Kaabi,91.860265,44.308598,91.860265,4,medium_research_only,SAME_ROLE_ONLY;RESEARCH_ONLY;SAMPLE_TOO_SMALL_LOCAL_11_MATCHES_NOT_PRODUCTION_READY,True,False
CF,27158,Luis Fernando Díaz Marulanda,524392,Romuald Dacosta,93.861626,4.534654,93.861626,4,medium_research_only,SAME_ROLE_ONLY;RESEARCH_ONLY;SAMPLE_TOO_SMALL_LOCAL_11_MATCHES_NOT_PRODUCTION_READY,True,False
CF,28266,Rafael Santos Borré Maury,29560,Julián Álvarez,91.621624,48.82417,91.621624,4,medium_research_only,SAME_ROLE_ONLY;RESEARCH_ONLY;SAMPLE_TOO_SMALL_LOCAL_11_MATCHES_NOT_PRODUCTION_READY,True,False
CF,28266,Rafael Santos Borré Maury,38423,Siriki Sanogo,91.458839,36.268718,91.458839,4,medium_research_only,SAME_ROLE_ONLY;RESEARCH_ONLY;SAMPLE_TOO_SMALL_LOCAL_11_MATCHES_NOT_PRODUCTION_READY,True,False
CF,28266,Rafael Santos Borré Maury,138876,Hamza Khaba,91.207625,44.434111,91.207625,4,medium_research_only,SAME_ROLE_ONLY;RESEARCH_ONLY;SAMPLE_TOO_SMALL_LOCAL_11_MATCHES_NOT_PRODUCTION_READY,True,False
CF,28266,Rafael Santos Borré Maury,138936,Abderrazak Ennakouss,94.038944,47.621534,94.038944,4,medium_research_only,SAME_ROLE_ONLY;RESEARCH_ONLY;SAMPLE_TOO_SMALL_LOCAL_11_MATCHES_NOT_PRODUCTION_READY,True,False
CF,28266,Rafael Santos Borré Maury,139004,Zakaria Bahrou,79.857789,44.628083,79.857789,4,medium_research_only,SAME_ROLE_ONLY;RESEARCH_ONLY;SAMPLE_TOO_SMALL_LOCAL_11_MATCHES_NOT_PRODUCTION_READY,True,False
CF,28266,Rafael Santos Borré Maury,139566,Youssef Elfahli,77.599118,45.979079,77.599118,4,medium_research_only,SAME_ROLE_ONLY;RESEARCH_ONLY;SAMPLE_TOO_SMALL_LOCAL_11_MATCHES_NOT_PRODUCTION_READY,True,False
CF,28266,Rafael Santos Borré Maury,140867,Ismail Khafi,95.081918,49.827407,95.081918,4,medium_research_only,SAME_ROLE_ONLY;RESEARCH_ONLY;SAMPLE_TOO_SMALL_LOCAL_11_MATCHES_NOT_PRODUCTION_READY,True,False
CF,28266,Rafael Santos Borré Maury,140886,Mustapha Sahd,94.075746,33.685,94.075746,4,medium_research_only,SAME_ROLE_ONLY;RESEARCH_ONLY;SAMPLE_TOO_SMALL_LOCAL_11_MATCHES_NOT_PRODUCTION_READY,True,False
CF,28266,Rafael Santos Borré Maury,140887,Haytham El Bahja,86.904973,46.078278,86.904973,4,medium_research_only,SAME_ROLE_ONLY;RESEARCH_ONLY;SAMPLE_TOO_SMALL_LOCAL_11_MATCHES_NOT_PRODUCTION_READY,True,False
CF,28266,Rafael Santos Borré Maury,141808,Charki El Bahri,78.742019,51.820859,78.742019,4,medium_research_only,SAME_ROLE_ONLY;RESEARCH_ONLY;SAMPLE_TOO_SMALL_LOCAL_11_MATCHES_NOT_PRODUCTION_READY,True,False
CF,28266,Rafael Santos Borré Maury,143504,Oussama Lamlaoui,74.61727,46.775349,74.61727,4,medium_research_only,SAME_ROLE_ONLY;RESEARCH_ONLY;SAMPLE_TOO_SMALL_LOCAL_11_MATCHES_NOT_PRODUCTION_READY,True,False
CF,28266,Rafael Santos Borré Maury,155347,Ayoub Mouloua,82.047903,44.587303,82.047903,4,medium_research_only,SAME_ROLE_ONLY;RESEARCH_ONLY;SAMPLE_TOO_SMALL_LOCAL_11_MATCHES_NOT_PRODUCTION_READY,True,False
CF,28266,Rafael Santos Borré Maury,155705,Soufiane Benjdida,89.43408,39.729699,89.43408,4,medium_research_only,SAME_ROLE_ONLY;RESEARCH_ONLY;SAMPLE_TOO_SMALL_LOCAL_11_MATCHES_NOT_PRODUCTION_READY,True,False
CF,28266,Rafael Santos Borré Maury,312936,Hamza Hannouri,98.780905,39.001978,98.780905,4,medium_research_only,SAME_ROLE_ONLY;RESEARCH_ONLY;SAMPLE_TOO_SMALL_LOCAL_11_MATCHES_NOT_PRODUCTION_READY,True,False
CF,28266,Rafael Santos Borré Maury,335508,Paul Valère Bassène,81.645696,41.481467,81.645696,4,medium_research_only,SAME_ROLE_ONLY;RESEARCH_ONLY;SAMPLE_TOO_SMALL_LOCAL_11_MATCHES_NOT_PRODUCTION_READY,True,False
CF,28266,Rafael Santos Borré Maury,360406,Imad Khannouss,90.277201,40.331713,90.277201,4,medium_research_only,SAME_ROLE_ONLY;RESEARCH_ONLY;SAMPLE_TOO_SMALL_LOCAL_11_MATCHES_NOT_PRODUCTION_READY,True,False
CF,28266,Rafael Santos Borré Maury,363450,Youssef Riani,96.820529,36.36458,96.820529,4,medium_research_only,SAME_ROLE_ONLY;RESEARCH_ONLY;SAMPLE_TOO_SMALL_LOCAL_11_MATCHES_NOT_PRODUCTION_READY,True,False
CF,28266,Rafael Santos Borré Maury,380596,Alí El Harrak El Harrak,97.493766,42.22275,97.493766,4,medium_research_only,SAME_ROLE_ONLY;RESEARCH_ONLY;SAMPLE_TOO_SMALL_LOCAL_11_MATCHES_NOT_PRODUCTION_READY,True,False
CF,28266,Rafael Santos Borré Maury,393385,Nawfal Chninak,96.827856,50.643359,96.827856,4,medium_research_only,SAME_ROLE_ONLY;RESEARCH_ONLY;SAMPLE_TOO_SMALL_LOCAL_11_MATCHES_NOT_PRODUCTION_READY,True,False
CF,28266,Rafael Santos Borré Maury,406860,Abdelaziz El Hamzaoui,95.505296,51.168724,95.505296,4,medium_research_only,SAME_ROLE_ONLY;RESEARCH_ONLY;SAMPLE_TOO_SMALL_LOCAL_11_MATCHES_NOT_PRODUCTION_READY,True,False
CF,28266,Rafael Santos Borré Maury,409301,Jawad Ghabra,92.795989,35.515241,92.795989,4,medium_research_only,SAME_ROLE_ONLY;RESEARCH_ONLY;SAMPLE_TOO_SMALL_LOCAL_11_MATCHES_NOT_PRODUCTION_READY,True,False
CF,28266,Rafael Santos Borré Maury,416299,Mohamed Amine Katiba,89.375286,51.729968,89.375286,4,medium_research_only,SAME_ROLE_ONLY;RESEARCH_ONLY;SAMPLE_TOO_SMALL_LOCAL_11_MATCHES_NOT_PRODUCTION_READY,True,False
CF,28266,Rafael Santos Borré Maury,442295,Reda Abardi,92.167504,50.560795,92.167504,4,medium_research_only,SAME_ROLE_ONLY;RESEARCH_ONLY;SAMPLE_TOO_SMALL_LOCAL_11_MATCHES_NOT_PRODUCTION_READY,True,False
CF,28266,Rafael Santos Borré Maury,453613,Baba Bello Ilou,73.747113,47.092728,73.747113,4,medium_research_only,SAME_ROLE_ONLY;RESEARCH_ONLY;SAMPLE_TOO_SMALL_LOCAL_11_MATCHES_NOT_PRODUCTION_READY,True,False
CF,28266,Rafael Santos Borré Maury,462167,Livty Kpolo,90.449879,47.852567,90.449879,4,medium_research_only,SAME_ROLE_ONLY;RESEARCH_ONLY;SAMPLE_TOO_SMALL_LOCAL_11_MATCHES_NOT_PRODUCTION_READY,True,False
CF,28266,Rafael Santos Borré Maury,477684,Brahim Amzili,95.727389,47.973978,95.727389,4,medium_research_only,SAME_ROLE_ONLY;RESEARCH_ONLY;SAMPLE_TOO_SMALL_LOCAL_11_MATCHES_NOT_PRODUCTION_READY,True,False
CF,28266,Rafael Santos Borré Maury,503286,Mehdi Balouk,91.993157,45.053956,91.993157,4,medium_research_only,SAME_ROLE_ONLY;RESEARCH_ONLY;SAMPLE_TOO_SMALL_LOCAL_11_MATCHES_NOT_PRODUCTION_READY,True,False
CF,28266,Rafael Santos Borré Maury,522339,Souleymane Cissé,80.922751,41.838125,80.922751,4,medium_research_only,SAME_ROLE_ONLY;RESEARCH_ONLY;SAMPLE_TOO_SMALL_LOCAL_11_MATCHES_NOT_PRODUCTION_READY,True,False
CF,28266,Rafael Santos Borré Maury,522342,Younes El Bahraoui,89.792146,43.136964,89.792146,4,medium_research_only,SAME_ROLE_ONLY;RESEARCH_ONLY;SAMPLE_TOO_SMALL_LOCAL_11_MATCHES_NOT_PRODUCTION_READY,True,False
CF,28266,Rafael Santos Borré Maury,523311,Anas Jabroun,92.247785,36.388694,92.247785,4,medium_research_only,SAME_ROLE_ONLY;RESEARCH_ONLY;SAMPLE_TOO_SMALL_LOCAL_11_MATCHES_NOT_PRODUCTION_READY,True,False
CF,28266,Rafael Santos Borré Maury,524001,Nasreddine Moustaghfir,74.841699,83.151499,74.841699,4,medium_research_only,SAME_ROLE_ONLY;RESEARCH_ONLY;SAMPLE_TOO_SMALL_LOCAL_11_MATCHES_NOT_PRODUCTION_READY,True,False
CF,28266,Rafael Santos Borré Maury,524246,Youness El Kaabi,85.829047,39.387537,85.829047,4,medium_research_only,SAME_ROLE_ONLY;RESEARCH_ONLY;SAMPLE_TOO_SMALL_LOCAL_11_MATCHES_NOT_PRODUCTION_READY,True,False
CF,28266,Rafael Santos Borré Maury,524392,Romuald Dacosta,90.807376,48.682039,90.807376,4,medium_research_only,SAME_ROLE_ONLY;RESEARCH_ONLY;SAMPLE_TOO_SMALL_LOCAL_11_MATCHES_NOT_PRODUCTION_READY,True,False
CF,29560,Julián Álvarez,38423,Siriki Sanogo,92.552817,19.019905,92.552817,4,medium_research_only,SAME_ROLE_ONLY;RESEARCH_ONLY;SAMPLE_TOO_SMALL_LOCAL_11_MATCHES_NOT_PRODUCTION_READY,True,False
CF,29560,Julián Álvarez,138876,Hamza Khaba,99.75238,5.87695,99.75238,4,medium_research_only,SAME_ROLE_ONLY;RESEARCH_ONLY;SAMPLE_TOO_SMALL_LOCAL_11_MATCHES_NOT_PRODUCTION_READY,True,False
CF,29560,Julián Álvarez,138936,Abderrazak Ennakouss,76.487938,5.849721,76.487938,4,medium_research_only,SAME_ROLE_ONLY;RESEARCH_ONLY;SAMPLE_TOO_SMALL_LOCAL_11_MATCHES_NOT_PRODUCTION_READY,True,False
CF,29560,Julián Álvarez,139004,Zakaria Bahrou,95.109501,14.141395,95.109501,4,medium_research_only,SAME_ROLE_ONLY;RESEARCH_ONLY;SAMPLE_TOO_SMALL_LOCAL_11_MATCHES_NOT_PRODUCTION_READY,True,False
CF,29560,Julián Álvarez,139566,Youssef Elfahli,91.151243,13.322821,91.151243,4,medium_research_only,SAME_ROLE_ONLY;RESEARCH_ONLY;SAMPLE_TOO_SMALL_LOCAL_11_MATCHES_NOT_PRODUCTION_READY,True,False
CF,29560,Julián Álvarez,140867,Ismail Khafi,93.734163,2.781935,93.734163,4,medium_research_only,SAME_ROLE_ONLY;RESEARCH_ONLY;SAMPLE_TOO_SMALL_LOCAL_11_MATCHES_NOT_PRODUCTION_READY,True,False
CF,29560,Julián Álvarez,140886,Mustapha Sahd,92.688421,20.084207,92.688421,4,medium_research_only,SAME_ROLE_ONLY;RESEARCH_ONLY;SAMPLE_TOO_SMALL_LOCAL_11_MATCHES_NOT_PRODUCTION_READY,True,False
CF,29560,Julián Álvarez,140887,Haytham El Bahja,98.260145,5.397895,98.260145,4,medium_research_only,SAME_ROLE_ONLY;RESEARCH_ONLY;SAMPLE_TOO_SMALL_LOCAL_11_MATCHES_NOT_PRODUCTION_READY,True,False
CF,29560,Julián Álvarez,141808,Charki El Bahri,78.424536,4.48746,78.424536,4,medium_research_only,SAME_ROLE_ONLY;RESEARCH_ONLY;SAMPLE_TOO_SMALL_LOCAL_11_MATCHES_NOT_PRODUCTION_READY,True,False
CF,29560,Julián Álvarez,143504,Oussama Lamlaoui,86.437755,16.324916,86.437755,4,medium_research_only,SAME_ROLE_ONLY;RESEARCH_ONLY;SAMPLE_TOO_SMALL_LOCAL_11_MATCHES_NOT_PRODUCTION_READY,True,False
CF,29560,Julián Álvarez,155347,Ayoub Mouloua,59.249706,16.188902,59.249706,4,medium_research_only,SAME_ROLE_ONLY;RESEARCH_ONLY;SAMPLE_TOO_SMALL_LOCAL_11_MATCHES_NOT_PRODUCTION_READY,True,False
CF,29560,Julián Álvarez,155705,Soufiane Benjdida,98.893237,14.220733,98.893237,4,medium_research_only,SAME_ROLE_ONLY;RESEARCH_ONLY;SAMPLE_TOO_SMALL_LOCAL_11_MATCHES_NOT_PRODUCTION_READY,True,False
CF,29560,Julián Álvarez,312936,Hamza Hannouri,90.193567,10.866346,90.193567,4,medium_research_only,SAME_ROLE_ONLY;RESEARCH_ONLY;SAMPLE_TOO_SMALL_LOCAL_11_MATCHES_NOT_PRODUCTION_READY,True,False
CF,29560,Julián Álvarez,335508,Paul Valère Bassène,58.699535,28.600149,58.699535,4,medium_research_only,SAME_ROLE_ONLY;RESEARCH_ONLY;SAMPLE_TOO_SMALL_LOCAL_11_MATCHES_NOT_PRODUCTION_READY,True,False
CF,29560,Julián Álvarez,360406,Imad Khannouss,96.611868,12.859762,96.611868,4,medium_research_only,SAME_ROLE_ONLY;RESEARCH_ONLY;SAMPLE_TOO_SMALL_LOCAL_11_MATCHES_NOT_PRODUCTION_READY,True,False
CF,29560,Julián Álvarez,363450,Youssef Riani,98.213693,13.51009,98.213693,4,medium_research_only,SAME_ROLE_ONLY;RESEARCH_ONLY;SAMPLE_TOO_SMALL_LOCAL_11_MATCHES_NOT_PRODUCTION_READY,True,False
CF,29560,Julián Álvarez,380596,Alí El Harrak El Harrak,97.106135,6.908366,97.106135,4,medium_research_only,SAME_ROLE_ONLY;RESEARCH_ONLY;SAMPLE_TOO_SMALL_LOCAL_11_MATCHES_NOT_PRODUCTION_READY,True,False
CF,29560,Julián Álvarez,393385,Nawfal Chninak,81.001932,4.2875,81.001932,4,medium_research_only,SAME_ROLE_ONLY;RESEARCH_ONLY;SAMPLE_TOO_SMALL_LOCAL_11_MATCHES_NOT_PRODUCTION_READY,True,False
CF,29560,Julián Álvarez,406860,Abdelaziz El Hamzaoui,92.672492,3.663976,92.672492,4,medium_research_only,SAME_ROLE_ONLY;RESEARCH_ONLY;SAMPLE_TOO_SMALL_LOCAL_11_MATCHES_NOT_PRODUCTION_READY,True,False
CF,29560,Julián Álvarez,409301,Jawad Ghabra,98.795482,17.88679,98.795482,4,medium_research_only,SAME_ROLE_ONLY;RESEARCH_ONLY;SAMPLE_TOO_SMALL_LOCAL_11_MATCHES_NOT_PRODUCTION_READY,True,False
CF,29560,Julián Álvarez,416299,Mohamed Amine Katiba,83.669238,4.354185,83.669238,4,medium_research_only,SAME_ROLE_ONLY;RESEARCH_ONLY;SAMPLE_TOO_SMALL_LOCAL_11_MATCHES_NOT_PRODUCTION_READY,True,False
CF,29560,Julián Álvarez,442295,Reda Abardi,93.384956,3.075486,93.384956,4,medium_research_only,SAME_ROLE_ONLY;RESEARCH_ONLY;SAMPLE_TOO_SMALL_LOCAL_11_MATCHES_NOT_PRODUCTION_READY,True,False
CF,29560,Julián Álvarez,453613,Baba Bello Ilou,89.664556,25.956688,89.664556,4,medium_research_only,SAME_ROLE_ONLY;RESEARCH_ONLY;SAMPLE_TOO_SMALL_LOCAL_11_MATCHES_NOT_PRODUCTION_READY,True,False
CF,29560,Julián Álvarez,462167,Livty Kpolo,92.087832,3.727054,92.087832,4,medium_research_only,SAME_ROLE_ONLY;RESEARCH_ONLY;SAMPLE_TOO_SMALL_LOCAL_11_MATCHES_NOT_PRODUCTION_READY,True,False
CF,29560,Julián Álvarez,477684,Brahim Amzili,99.039884,1.17269,99.039884,4,medium_research_only,SAME_ROLE_ONLY;RESEARCH_ONLY;SAMPLE_TOO_SMALL_LOCAL_11_MATCHES_NOT_PRODUCTION_READY,True,False
CF,29560,Julián Álvarez,503286,Mehdi Balouk,95.453998,5.692355,95.453998,4,medium_research_only,SAME_ROLE_ONLY;RESEARCH_ONLY;SAMPLE_TOO_SMALL_LOCAL_11_MATCHES_NOT_PRODUCTION_READY,True,False
CF,29560,Julián Álvarez,522339,Souleymane Cissé,95.720925,28.381643,95.720925,4,medium_research_only,SAME_ROLE_ONLY;RESEARCH_ONLY;SAMPLE_TOO_SMALL_LOCAL_11_MATCHES_NOT_PRODUCTION_READY,True,False
CF,29560,Julián Álvarez,522342,Younes El Bahraoui,94.082547,9.291134,94.082547,4,medium_research_only,SAME_ROLE_ONLY;RESEARCH_ONLY;SAMPLE_TOO_SMALL_LOCAL_11_MATCHES_NOT_PRODUCTION_READY,True,False
CF,29560,Julián Álvarez,523311,Anas Jabroun,99.743631,16.949597,99.743631,4,medium_research_only,SAME_ROLE_ONLY;RESEARCH_ONLY;SAMPLE_TOO_SMALL_LOCAL_11_MATCHES_NOT_PRODUCTION_READY,True,False
CF,29560,Julián Álvarez,524001,Nasreddine Moustaghfir,90.696677,91.230867,90.696677,4,medium_research_only,SAME_ROLE_ONLY;RESEARCH_ONLY;SAMPLE_TOO_SMALL_LOCAL_11_MATCHES_NOT_PRODUCTION_READY,True,False
CF,29560,Julián Álvarez,524246,Youness El Kaabi,98.587659,46.035097,98.587659,4,medium_research_only,SAME_ROLE_ONLY;RESEARCH_ONLY;SAMPLE_TOO_SMALL_LOCAL_11_MATCHES_NOT_PRODUCTION_READY,True,False
CF,29560,Julián Álvarez,524392,Romuald Dacosta,93.369324,2.883209,93.369324,4,medium_research_only,SAME_ROLE_ONLY;RESEARCH_ONLY;SAMPLE_TOO_SMALL_LOCAL_11_MATCHES_NOT_PRODUCTION_READY,True,False
CF,38423,Siriki Sanogo,138876,Hamza Khaba,91.790192,15.31807,91.790192,4,medium_research_only,SAME_ROLE_ONLY;RESEARCH_ONLY;SAMPLE_TOO_SMALL_LOCAL_11_MATCHES_NOT_PRODUCTION_READY,True,False
CF,38423,Siriki Sanogo,138936,Abderrazak Ennakouss,74.986897,20.939909,74.986897,4,medium_research_only,SAME_ROLE_ONLY;RESEARCH_ONLY;SAMPLE_TOO_SMALL_LOCAL_11_MATCHES_NOT_PRODUCTION_READY,True,False
CF,38423,Siriki Sanogo,139004,Zakaria Bahrou,77.593464,20.401439,77.593464,4,medium_research_only,SAME_ROLE_ONLY;RESEARCH_ONLY;SAMPLE_TOO_SMALL_LOCAL_11_MATCHES_NOT_PRODUCTION_READY,True,False
CF,38423,Siriki Sanogo,139566,Youssef Elfahli,70.832868,22.623284,70.832868,4,medium_research_only,SAME_ROLE_ONLY;RESEARCH_ONLY;SAMPLE_TOO_SMALL_LOCAL_11_MATCHES_NOT_PRODUCTION_READY,True,False
CF,38423,Siriki Sanogo,140867,Ismail Khafi,99.468682,19.648355,99.468682,4,medium_research_only,SAME_ROLE_ONLY;RESEARCH_ONLY;SAMPLE_TOO_SMALL_LOCAL_11_MATCHES_NOT_PRODUCTION_READY,True,False
CF,38423,Siriki Sanogo,140886,Mustapha Sahd,80.381428,21.249403,80.381428,4,medium_research_only,SAME_ROLE_ONLY;RESEARCH_ONLY;SAMPLE_TOO_SMALL_LOCAL_11_MATCHES_NOT_PRODUCTION_READY,True,False
CF,38423,Siriki Sanogo,140887,Haytham El Bahja,84.929067,17.769737,84.929067,4,medium_research_only,SAME_ROLE_ONLY;RESEARCH_ONLY;SAMPLE_TOO_SMALL_LOCAL_11_MATCHES_NOT_PRODUCTION_READY,True,False
CF,38423,Siriki Sanogo,141808,Charki El Bahri,57.346262,23.178256,57.346262,4,medium_research_only,SAME_ROLE_ONLY;RESEARCH_ONLY;SAMPLE_TOO_SMALL_LOCAL_11_MATCHES_NOT_PRODUCTION_READY,True,False
CF,38423,Siriki Sanogo,143504,Oussama Lamlaoui,63.930484,26.137124,63.930484,4,medium_research_only,SAME_ROLE_ONLY;RESEARCH_ONLY;SAMPLE_TOO_SMALL_LOCAL_11_MATCHES_NOT_PRODUCTION_READY,True,False
CF,38423,Siriki Sanogo,155347,Ayoub Mouloua,60.057396,25.694303,60.057396,4,medium_research_only,SAME_ROLE_ONLY;RESEARCH_ONLY;SAMPLE_TOO_SMALL_LOCAL_11_MATCHES_NOT_PRODUCTION_READY,True,False
CF,38423,Siriki Sanogo,155705,Soufiane Benjdida,90.040679,14.041982,90.040679,4,medium_research_only,SAME_ROLE_ONLY;RESEARCH_ONLY;SAMPLE_TOO_SMALL_LOCAL_11_MATCHES_NOT_PRODUCTION_READY,True,False
CF,38423,Siriki Sanogo,312936,Hamza Hannouri,92.642211,13.301265,92.642211,4,medium_research_only,SAME_ROLE_ONLY;RESEARCH_ONLY;SAMPLE_TOO_SMALL_LOCAL_11_MATCHES_NOT_PRODUCTION_READY,True,False
CF,38423,Siriki Sanogo,335508,Paul Valère Bassène,59.83106,33.529483,59.83106,4,medium_research_only,SAME_ROLE_ONLY;RESEARCH_ONLY;SAMPLE_TOO_SMALL_LOCAL_11_MATCHES_NOT_PRODUCTION_READY,True,False
CF,38423,Siriki Sanogo,360406,Imad Khannouss,98.768429,7.244623,98.768429,4,medium_research_only,SAME_ROLE_ONLY;RESEARCH_ONLY;SAMPLE_TOO_SMALL_LOCAL_11_MATCHES_NOT_PRODUCTION_READY,True,False
CF,38423,Siriki Sanogo,363450,Youssef Riani,94.311872,11.047103,94.311872,4,medium_research_only,SAME_ROLE_ONLY;RESEARCH_ONLY;SAMPLE_TOO_SMALL_LOCAL_11_MATCHES_NOT_PRODUCTION_READY,True,False
CF,38423,Siriki Sanogo,380596,Alí El Harrak El Harrak,90.899342,15.36116,90.899342,4,medium_research_only,SAME_ROLE_ONLY;RESEARCH_ONLY;SAMPLE_TOO_SMALL_LOCAL_11_MATCHES_NOT_PRODUCTION_READY,True,False
CF,38423,Siriki Sanogo,393385,Nawfal Chninak,84.389326,21.595924,84.389326,4,medium_research_only,SAME_ROLE_ONLY;RESEARCH_ONLY;SAMPLE_TOO_SMALL_LOCAL_11_MATCHES_NOT_PRODUCTION_READY,True,False
CF,38423,Siriki Sanogo,406860,Abdelaziz El Hamzaoui,99.188932,21.170716,99.188932,4,medium_research_only,SAME_ROLE_ONLY;RESEARCH_ONLY;SAMPLE_TOO_SMALL_LOCAL_11_MATCHES_NOT_PRODUCTION_READY,True,False
CF,38423,Siriki Sanogo,409301,Jawad Ghabra,97.124573,7.898003,97.124573,4,medium_research_only,SAME_ROLE_ONLY;RESEARCH_ONLY;SAMPLE_TOO_SMALL_LOCAL_11_MATCHES_NOT_PRODUCTION_READY,True,False
CF,38423,Siriki Sanogo,416299,Mohamed Amine Katiba,69.82004,22.717557,69.82004,4,medium_research_only,SAME_ROLE_ONLY;RESEARCH_ONLY;SAMPLE_TOO_SMALL_LOCAL_11_MATCHES_NOT_PRODUCTION_READY,True,False
CF,38423,Siriki Sanogo,442295,Reda Abardi,99.958167,20.20651,99.958167,4,medium_research_only,SAME_ROLE_ONLY;RESEARCH_ONLY;SAMPLE_TOO_SMALL_LOCAL_11_MATCHES_NOT_PRODUCTION_READY,True,False
CF,38423,Siriki Sanogo,453613,Baba Bello Ilou,68.611751,30.448521,68.611751,4,medium_research_only,SAME_ROLE_ONLY;RESEARCH_ONLY;SAMPLE_TOO_SMALL_LOCAL_11_MATCHES_NOT_PRODUCTION_READY,True,False
CF,38423,Siriki Sanogo,462167,Livty Kpolo,99.968934,16.55084,99.968934,4,medium_research_only,SAME_ROLE_ONLY;RESEARCH_ONLY;SAMPLE_TOO_SMALL_LOCAL_11_MATCHES_NOT_PRODUCTION_READY,True,False
CF,38423,Siriki Sanogo,477684,Brahim Amzili,92.225359,18.75985,92.225359,4,medium_research_only,SAME_ROLE_ONLY;RESEARCH_ONLY;SAMPLE_TOO_SMALL_LOCAL_11_MATCHES_NOT_PRODUCTION_READY,True,False
CF,38423,Siriki Sanogo,503286,Mehdi Balouk,81.575107,18.738232,81.575107,4,medium_research_only,SAME_ROLE_ONLY;RESEARCH_ONLY;SAMPLE_TOO_SMALL_LOCAL_11_MATCHES_NOT_PRODUCTION_READY,True,False
CF,38423,Siriki Sanogo,522339,Souleymane Cissé,82.384266,25.402167,82.384266,4,medium_research_only,SAME_ROLE_ONLY;RESEARCH_ONLY;SAMPLE_TOO_SMALL_LOCAL_11_MATCHES_NOT_PRODUCTION_READY,True,False
CF,38423,Siriki Sanogo,522342,Younes El Bahraoui,78.130016,19.36515,78.130016,4,medium_research_only,SAME_ROLE_ONLY;RESEARCH_ONLY;SAMPLE_TOO_SMALL_LOCAL_11_MATCHES_NOT_PRODUCTION_READY,True,False
CF,38423,Siriki Sanogo,523311,Anas Jabroun,94.969237,10.314413,94.969237,4,medium_research_only,SAME_ROLE_ONLY;RESEARCH_ONLY;SAMPLE_TOO_SMALL_LOCAL_11_MATCHES_NOT_PRODUCTION_READY,True,False
CF,38423,Siriki Sanogo,524001,Nasreddine Moustaghfir,71.629869,88.024032,71.629869,4,medium_research_only,SAME_ROLE_ONLY;RESEARCH_ONLY;SAMPLE_TOO_SMALL_LOCAL_11_MATCHES_NOT_PRODUCTION_READY,True,False
CF,38423,Siriki Sanogo,524246,Youness El Kaabi,85.543806,38.35043,85.543806,4,medium_research_only,SAME_ROLE_ONLY;RESEARCH_ONLY;SAMPLE_TOO_SMALL_LOCAL_11_MATCHES_NOT_PRODUCTION_READY,True,False
CF,38423,Siriki Sanogo,524392,Romuald Dacosta,99.892607,17.708983,99.892607,4,medium_research_only,SAME_ROLE_ONLY;RESEARCH_ONLY;SAMPLE_TOO_SMALL_LOCAL_11_MATCHES_NOT_PRODUCTION_READY,True,False
CF,138876,Hamza Khaba,138936,Abderrazak Ennakouss,77.035688,9.464836,77.035688,4,medium_research_only,SAME_ROLE_ONLY;RESEARCH_ONLY;SAMPLE_TOO_SMALL_LOCAL_11_MATCHES_NOT_PRODUCTION_READY,True,False
CF,138876,Hamza Khaba,139004,Zakaria Bahrou,95.580122,9.750169,95.580122,4,medium_research_only,SAME_ROLE_ONLY;RESEARCH_ONLY;SAMPLE_TOO_SMALL_LOCAL_11_MATCHES_NOT_PRODUCTION_READY,True,False
CF,138876,Hamza Khaba,139566,Youssef Elfahli,92.358697,9.901075,92.358697,4,medium_research_only,SAME_ROLE_ONLY;RESEARCH_ONLY;SAMPLE_TOO_SMALL_LOCAL_11_MATCHES_NOT_PRODUCTION_READY,True,False
CF,138876,Hamza Khaba,140867,Ismail Khafi,93.038562,8.190483,93.038562,4,medium_research_only,SAME_ROLE_ONLY;RESEARCH_ONLY;SAMPLE_TOO_SMALL_LOCAL_11_MATCHES_NOT_PRODUCTION_READY,True,False
CF,138876,Hamza Khaba,140886,Mustapha Sahd,93.501282,15.737051,93.501282,4,medium_research_only,SAME_ROLE_ONLY;RESEARCH_ONLY;SAMPLE_TOO_SMALL_LOCAL_11_MATCHES_NOT_PRODUCTION_READY,True,False
CF,138876,Hamza Khaba,140887,Haytham El Bahja,98.821609,2.485428,98.821609,4,medium_research_only,SAME_ROLE_ONLY;RESEARCH_ONLY;SAMPLE_TOO_SMALL_LOCAL_11_MATCHES_NOT_PRODUCTION_READY,True,False
CF,138876,Hamza Khaba,141808,Charki El Bahri,79.694709,9.944111,79.694709,4,medium_research_only,SAME_ROLE_ONLY;RESEARCH_ONLY;SAMPLE_TOO_SMALL_LOCAL_11_MATCHES_NOT_PRODUCTION_READY,True,False
CF,138876,Hamza Khaba,143504,Oussama Lamlaoui,87.926444,13.481673,87.926444,4,medium_research_only,SAME_ROLE_ONLY;RESEARCH_ONLY;SAMPLE_TOO_SMALL_LOCAL_11_MATCHES_NOT_PRODUCTION_READY,True,False
CF,138876,Hamza Khaba,155347,Ayoub Mouloua,60.697878,17.7028,60.697878,4,medium_research_only,SAME_ROLE_ONLY;RESEARCH_ONLY;SAMPLE_TOO_SMALL_LOCAL_11_MATCHES_NOT_PRODUCTION_READY,True,False
CF,138876,Hamza Khaba,155705,Soufiane Benjdida,99.679908,8.398742,99.679908,4,medium_research_only,SAME_ROLE_ONLY;RESEARCH_ONLY;SAMPLE_TOO_SMALL_LOCAL_11_MATCHES_NOT_PRODUCTION_READY,True,False
CF,138876,Hamza Khaba,312936,Hamza Hannouri,90.63159,8.616016,90.63159,4,medium_research_only,SAME_ROLE_ONLY;RESEARCH_ONLY;SAMPLE_TOO_SMALL_LOCAL_11_MATCHES_NOT_PRODUCTION_READY,True,False
CF,138876,Hamza Khaba,335508,Paul Valère Bassène,60.186651,28.925929,60.186651,4,medium_research_only,SAME_ROLE_ONLY;RESEARCH_ONLY;SAMPLE_TOO_SMALL_LOCAL_11_MATCHES_NOT_PRODUCTION_READY,True,False
CF,138876,Hamza Khaba,360406,Imad Khannouss,96.156689,8.55342,96.156689,4,medium_research_only,SAME_ROLE_ONLY;RESEARCH_ONLY;SAMPLE_TOO_SMALL_LOCAL_11_MATCHES_NOT_PRODUCTION_READY,True,False
CF,138876,Hamza Khaba,363450,Youssef Riani,98.37168,8.284805,98.37168,4,medium_research_only,SAME_ROLE_ONLY;RESEARCH_ONLY;SAMPLE_TOO_SMALL_LOCAL_11_MATCHES_NOT_PRODUCTION_READY,True,False
CF,138876,Hamza Khaba,380596,Alí El Harrak El Harrak,97.406293,3.741746,97.406293,4,medium_research_only,SAME_ROLE_ONLY;RESEARCH_ONLY;SAMPLE_TOO_SMALL_LOCAL_11_MATCHES_NOT_PRODUCTION_READY,True,False
CF,138876,Hamza Khaba,393385,Nawfal Chninak,81.54355,9.728029,81.54355,4,medium_research_only,SAME_ROLE_ONLY;RESEARCH_ONLY;SAMPLE_TOO_SMALL_LOCAL_11_MATCHES_NOT_PRODUCTION_READY,True,False
CF,138876,Hamza Khaba,406860,Abdelaziz El Hamzaoui,92.145325,9.395329,92.145325,4,medium_research_only,SAME_ROLE_ONLY;RESEARCH_ONLY;SAMPLE_TOO_SMALL_LOCAL_11_MATCHES_NOT_PRODUCTION_READY,True,False
CF,138876,Hamza Khaba,409301,Jawad Ghabra,98.54814,12.51067,98.54814,4,medium_research_only,SAME_ROLE_ONLY;RESEARCH_ONLY;SAMPLE_TOO_SMALL_LOCAL_11_MATCHES_NOT_PRODUCTION_READY,True,False
CF,138876,Hamza Khaba,416299,Mohamed Amine Katiba,82.621156,10.085695,82.621156,4,medium_research_only,SAME_ROLE_ONLY;RESEARCH_ONLY;SAMPLE_TOO_SMALL_LOCAL_11_MATCHES_NOT_PRODUCTION_READY,True,False
CF,138876,Hamza Khaba,442295,Reda Abardi,92.552799,8.673091,92.552799,4,medium_research_only,SAME_ROLE_ONLY;RESEARCH_ONLY;SAMPLE_TOO_SMALL_LOCAL_11_MATCHES_NOT_PRODUCTION_READY,True,False
CF,138876,Hamza Khaba,453613,Baba Bello Ilou,90.864788,21.838008,90.864788,4,medium_research_only,SAME_ROLE_ONLY;RESEARCH_ONLY;SAMPLE_TOO_SMALL_LOCAL_11_MATCHES_NOT_PRODUCTION_READY,True,False
CF,138876,Hamza Khaba,462167,Livty Kpolo,91.317588,6.776625,91.317588,4,medium_research_only,SAME_ROLE_ONLY;RESEARCH_ONLY;SAMPLE_TOO_SMALL_LOCAL_11_MATCHES_NOT_PRODUCTION_READY,True,False
CF,138876,Hamza Khaba,477684,Brahim Amzili,99.058822,5.642425,99.058822,4,medium_research_only,SAME_ROLE_ONLY;RESEARCH_ONLY;SAMPLE_TOO_SMALL_LOCAL_11_MATCHES_NOT_PRODUCTION_READY,True,False
CF,138876,Hamza Khaba,503286,Mehdi Balouk,96.16823,4.321735,96.16823,4,medium_research_only,SAME_ROLE_ONLY;RESEARCH_ONLY;SAMPLE_TOO_SMALL_LOCAL_11_MATCHES_NOT_PRODUCTION_READY,True,False
CF,138876,Hamza Khaba,522339,Souleymane Cissé,97.058753,22.985263,97.058753,4,medium_research_only,SAME_ROLE_ONLY;RESEARCH_ONLY;SAMPLE_TOO_SMALL_LOCAL_11_MATCHES_NOT_PRODUCTION_READY,True,False
CF,138876,Hamza Khaba,522342,Younes El Bahraoui,94.815665,6.167283,94.815665,4,medium_research_only,SAME_ROLE_ONLY;RESEARCH_ONLY;SAMPLE_TOO_SMALL_LOCAL_11_MATCHES_NOT_PRODUCTION_READY,True,False
CF,138876,Hamza Khaba,523311,Anas Jabroun,99.382931,11.363488,99.382931,4,medium_research_only,SAME_ROLE_ONLY;RESEARCH_ONLY;SAMPLE_TOO_SMALL_LOCAL_11_MATCHES_NOT_PRODUCTION_READY,True,False
CF,138876,Hamza Khaba,524001,Nasreddine Moustaghfir,92.333183,86.274785,92.333183,4,medium_research_only,SAME_ROLE_ONLY;RESEARCH_ONLY;SAMPLE_TOO_SMALL_LOCAL_11_MATCHES_NOT_PRODUCTION_READY,True,False
CF,138876,Hamza Khaba,524246,Youness El Kaabi,98.581263,40.445396,98.581263,4,medium_research_only,SAME_ROLE_ONLY;RESEARCH_ONLY;SAMPLE_TOO_SMALL_LOCAL_11_MATCHES_NOT_PRODUCTION_READY,True,False
CF,138876,Hamza Khaba,524392,Romuald Dacosta,92.438835,7.064598,92.438835,4,medium_research_only,SAME_ROLE_ONLY;RESEARCH_ONLY;SAMPLE_TOO_SMALL_LOCAL_11_MATCHES_NOT_PRODUCTION_READY,True,False
CF,138936,Abderrazak Ennakouss,139004,Zakaria Bahrou,67.515053,17.639822,67.515053,4,medium_research_only,SAME_ROLE_ONLY;RESEARCH_ONLY;SAMPLE_TOO_SMALL_LOCAL_11_MATCHES_NOT_PRODUCTION_READY,True,False
CF,138936,Abderrazak Ennakouss,139566,Youssef Elfahli,69.845635,15.994488,69.845635,4,medium_research_only,SAME_ROLE_ONLY;RESEARCH_ONLY;SAMPLE_TOO_SMALL_LOCAL_11_MATCHES_NOT_PRODUCTION_READY,True,False
CF,138936,Abderrazak Ennakouss,140867,Ismail Khafi,80.79657,5.117259,80.79657,4,medium_research_only,SAME_ROLE_ONLY;RESEARCH_ONLY;SAMPLE_TOO_SMALL_LOCAL_11_MATCHES_NOT_PRODUCTION_READY,True,False
CF,138936,Abderrazak Ennakouss,140886,Mustapha Sahd,91.061048,19.532268,91.061048,4,medium_research_only,SAME_ROLE_ONLY;RESEARCH_ONLY;SAMPLE_TOO_SMALL_LOCAL_11_MATCHES_NOT_PRODUCTION_READY,True,False
CF,138936,Abderrazak Ennakouss,140887,Haytham El Bahja,74.375067,9.2192,74.375067,4,medium_research_only,SAME_ROLE_ONLY;RESEARCH_ONLY;SAMPLE_TOO_SMALL_LOCAL_11_MATCHES_NOT_PRODUCTION_READY,True,False
CF,138936,Abderrazak Ennakouss,141808,Charki El Bahri,83.649963,5.137509,83.649963,4,medium_research_only,SAME_ROLE_ONLY;RESEARCH_ONLY;SAMPLE_TOO_SMALL_LOCAL_11_MATCHES_NOT_PRODUCTION_READY,True,False
CF,138936,Abderrazak Ennakouss,143504,Oussama Lamlaoui,70.678208,18.149287,70.678208,4,medium_research_only,SAME_ROLE_ONLY;RESEARCH_ONLY;SAMPLE_TOO_SMALL_LOCAL_11_MATCHES_NOT_PRODUCTION_READY,True,False
CF,138936,Abderrazak Ennakouss,155347,Ayoub Mouloua,96.110589,10.605789,96.110589,4,medium_research_only,SAME_ROLE_ONLY;RESEARCH_ONLY;SAMPLE_TOO_SMALL_LOCAL_11_MATCHES_NOT_PRODUCTION_READY,True,False
CF,138936,Abderrazak Ennakouss,155705,Soufiane Benjdida,76.149506,17.001511,76.149506,4,medium_research_only,SAME_ROLE_ONLY;RESEARCH_ONLY;SAMPLE_TOO_SMALL_LOCAL_11_MATCHES_NOT_PRODUCTION_READY,True,False
CF,138936,Abderrazak Ennakouss,312936,Hamza Hannouri,93.371482,9.656496,93.371482,4,medium_research_only,SAME_ROLE_ONLY;RESEARCH_ONLY;SAMPLE_TOO_SMALL_LOCAL_11_MATCHES_NOT_PRODUCTION_READY,True,False
CF,138936,Abderrazak Ennakouss,335508,Paul Valère Bassène,95.849838,23.232904,95.849838,4,medium_research_only,SAME_ROLE_ONLY;RESEARCH_ONLY;SAMPLE_TOO_SMALL_LOCAL_11_MATCHES_NOT_PRODUCTION_READY,True,False
CF,138936,Abderrazak Ennakouss,360406,Imad Khannouss,72.401532,15.943364,72.401532,4,medium_research_only,SAME_ROLE_ONLY;RESEARCH_ONLY;SAMPLE_TOO_SMALL_LOCAL_11_MATCHES_NOT_PRODUCTION_READY,True,False
CF,138936,Abderrazak Ennakouss,363450,Youssef Riani,85.549894,14.763572,85.549894,4,medium_research_only,SAME_ROLE_ONLY;RESEARCH_ONLY;SAMPLE_TOO_SMALL_LOCAL_11_MATCHES_NOT_PRODUCTION_READY,True,False
CF,138936,Abderrazak Ennakouss,380596,Alí El Harrak El Harrak,88.978004,7.843064,88.978004,4,medium_research_only,SAME_ROLE_ONLY;RESEARCH_ONLY;SAMPLE_TOO_SMALL_LOCAL_11_MATCHES_NOT_PRODUCTION_READY,True,False
CF,138936,Abderrazak Ennakouss,393385,Nawfal Chninak,98.153763,3.884788,98.153763,4,medium_research_only,SAME_ROLE_ONLY;RESEARCH_ONLY;SAMPLE_TOO_SMALL_LOCAL_11_MATCHES_NOT_PRODUCTION_READY,True,False
CF,138936,Abderrazak Ennakouss,406860,Abdelaziz El Hamzaoui,82.330016,5.308236,82.330016,4,medium_research_only,SAME_ROLE_ONLY;RESEARCH_ONLY;SAMPLE_TOO_SMALL_LOCAL_11_MATCHES_NOT_PRODUCTION_READY,True,False
CF,138936,Abderrazak Ennakouss,409301,Jawad Ghabra,76.72639,20.413776,76.72639,4,medium_research_only,SAME_ROLE_ONLY;RESEARCH_ONLY;SAMPLE_TOO_SMALL_LOCAL_11_MATCHES_NOT_PRODUCTION_READY,True,False
CF,138936,Abderrazak Ennakouss,416299,Mohamed Amine Katiba,89.36644,5.109436,89.36644,4,medium_research_only,SAME_ROLE_ONLY;RESEARCH_ONLY;SAMPLE_TOO_SMALL_LOCAL_11_MATCHES_NOT_PRODUCTION_READY,True,False
CF,138936,Abderrazak Ennakouss,442295,Reda Abardi,75.714348,5.568643,75.714348,4,medium_research_only,SAME_ROLE_ONLY;RESEARCH_ONLY;SAMPLE_TOO_SMALL_LOCAL_11_MATCHES_NOT_PRODUCTION_READY,True,False
CF,138936,Abderrazak Ennakouss,453613,Baba Bello Ilou,65.202406,28.741829,65.202406,4,medium_research_only,SAME_ROLE_ONLY;RESEARCH_ONLY;SAMPLE_TOO_SMALL_LOCAL_11_MATCHES_NOT_PRODUCTION_READY,True,False
CF,138936,Abderrazak Ennakouss,462167,Livty Kpolo,73.529105,6.882175,73.529105,4,medium_research_only,SAME_ROLE_ONLY;RESEARCH_ONLY;SAMPLE_TOO_SMALL_LOCAL_11_MATCHES_NOT_PRODUCTION_READY,True,False
CF,138936,Abderrazak Ennakouss,477684,Brahim Amzili,84.197669,4.932986,84.197669,4,medium_research_only,SAME_ROLE_ONLY;RESEARCH_ONLY;SAMPLE_TOO_SMALL_LOCAL_11_MATCHES_NOT_PRODUCTION_READY,True,False
CF,138936,Abderrazak Ennakouss,503286,Mehdi Balouk,85.754393,7.135829,85.754393,4,medium_research_only,SAME_ROLE_ONLY;RESEARCH_ONLY;SAMPLE_TOO_SMALL_LOCAL_11_MATCHES_NOT_PRODUCTION_READY,True,False
CF,138936,Abderrazak Ennakouss,522339,Souleymane Cissé,68.030016,31.495391,68.030016,4,medium_research_only,SAME_ROLE_ONLY;RESEARCH_ONLY;SAMPLE_TOO_SMALL_LOCAL_11_MATCHES_NOT_PRODUCTION_READY,True,False
CF,138936,Abderrazak Ennakouss,522342,Younes El Bahraoui,84.401473,10.372331,84.401473,4,medium_research_only,SAME_ROLE_ONLY;RESEARCH_ONLY;SAMPLE_TOO_SMALL_LOCAL_11_MATCHES_NOT_PRODUCTION_READY,True,False
CF,138936,Abderrazak Ennakouss,523311,Anas Jabroun,76.289941,19.70458,76.289941,4,medium_research_only,SAME_ROLE_ONLY;RESEARCH_ONLY;SAMPLE_TOO_SMALL_LOCAL_11_MATCHES_NOT_PRODUCTION_READY,True,False
CF,138936,Abderrazak Ennakouss,524001,Nasreddine Moustaghfir,65.78221,93.737928,65.78221,4,medium_research_only,SAME_ROLE_ONLY;RESEARCH_ONLY;SAMPLE_TOO_SMALL_LOCAL_11_MATCHES_NOT_PRODUCTION_READY,True,False
CF,138936,Abderrazak Ennakouss,524246,Youness El Kaabi,71.307484,48.867526,71.307484,4,medium_research_only,SAME_ROLE_ONLY;RESEARCH_ONLY;SAMPLE_TOO_SMALL_LOCAL_11_MATCHES_NOT_PRODUCTION_READY,True,False
CF,138936,Abderrazak Ennakouss,524392,Romuald Dacosta,73.368944,6.337238,73.368944,4,medium_research_only,SAME_ROLE_ONLY;RESEARCH_ONLY;SAMPLE_TOO_SMALL_LOCAL_11_MATCHES_NOT_PRODUCTION_READY,True,False
CF,139004,Zakaria Bahrou,139566,Youssef Elfahli,98.82584,4.171869,98.82584,4,medium_research_only,SAME_ROLE_ONLY;RESEARCH_ONLY;SAMPLE_TOO_SMALL_LOCAL_11_MATCHES_NOT_PRODUCTION_READY,True,False
CF,139004,Zakaria Bahrou,140867,Ismail Khafi,79.091618,16.90041,79.091618,4,medium_research_only,SAME_ROLE_ONLY;RESEARCH_ONLY;SAMPLE_TOO_SMALL_LOCAL_11_MATCHES_NOT_PRODUCTION_READY,True,False
CF,139004,Zakaria Bahrou,140886,Mustapha Sahd,91.004902,14.081569,91.004902,4,medium_research_only,SAME_ROLE_ONLY;RESEARCH_ONLY;SAMPLE_TOO_SMALL_LOCAL_11_MATCHES_NOT_PRODUCTION_READY,True,False
CF,139004,Zakaria Bahrou,140887,Haytham El Bahja,98.804055,8.939394,98.804055,4,medium_research_only,SAME_ROLE_ONLY;RESEARCH_ONLY;SAMPLE_TOO_SMALL_LOCAL_11_MATCHES_NOT_PRODUCTION_READY,True,False
CF,139004,Zakaria Bahrou,141808,Charki El Bahri,86.334154,17.075801,86.334154,4,medium_research_only,SAME_ROLE_ONLY;RESEARCH_ONLY;SAMPLE_TOO_SMALL_LOCAL_11_MATCHES_NOT_PRODUCTION_READY,True,False
CF,139004,Zakaria Bahrou,143504,Oussama Lamlaoui,96.400597,7.404857,96.400597,4,medium_research_only,SAME_ROLE_ONLY;RESEARCH_ONLY;SAMPLE_TOO_SMALL_LOCAL_11_MATCHES_NOT_PRODUCTION_READY,True,False
CF,139004,Zakaria Bahrou,155347,Ayoub Mouloua,52.045069,24.392059,52.045069,4,medium_research_only,SAME_ROLE_ONLY;RESEARCH_ONLY;SAMPLE_TOO_SMALL_LOCAL_11_MATCHES_NOT_PRODUCTION_READY,True,False
CF,139004,Zakaria Bahrou,155705,Soufiane Benjdida,96.028745,7.658757,96.028745,4,medium_research_only,SAME_ROLE_ONLY;RESEARCH_ONLY;SAMPLE_TOO_SMALL_LOCAL_11_MATCHES_NOT_PRODUCTION_READY,True,False
CF,139004,Zakaria Bahrou,312936,Hamza Hannouri,77.482094,16.331219,77.482094,4,medium_research_only,SAME_ROLE_ONLY;RESEARCH_ONLY;SAMPLE_TOO_SMALL_LOCAL_11_MATCHES_NOT_PRODUCTION_READY,True,False
CF,139004,Zakaria Bahrou,335508,Paul Valère Bassène,51.397256,34.168337,51.397256,4,medium_research_only,SAME_ROLE_ONLY;RESEARCH_ONLY;SAMPLE_TOO_SMALL_LOCAL_11_MATCHES_NOT_PRODUCTION_READY,True,False
CF,139004,Zakaria Bahrou,360406,Imad Khannouss,85.59481,13.92328,85.59481,4,medium_research_only,SAME_ROLE_ONLY;RESEARCH_ONLY;SAMPLE_TOO_SMALL_LOCAL_11_MATCHES_NOT_PRODUCTION_READY,True,False
CF,139004,Zakaria Bahrou,363450,Youssef Riani,89.99854,11.856924,89.99854,4,medium_research_only,SAME_ROLE_ONLY;RESEARCH_ONLY;SAMPLE_TOO_SMALL_LOCAL_11_MATCHES_NOT_PRODUCTION_READY,True,False
CF,139004,Zakaria Bahrou,380596,Alí El Harrak El Harrak,90.327019,11.647582,90.327019,4,medium_research_only,SAME_ROLE_ONLY;RESEARCH_ONLY;SAMPLE_TOO_SMALL_LOCAL_11_MATCHES_NOT_PRODUCTION_READY,True,False
CF,139004,Zakaria Bahrou,393385,Nawfal Chninak,68.167704,18.009364,68.167704,4,medium_research_only,SAME_ROLE_ONLY;RESEARCH_ONLY;SAMPLE_TOO_SMALL_LOCAL_11_MATCHES_NOT_PRODUCTION_READY,True,False
CF,139004,Zakaria Bahrou,406860,Abdelaziz El Hamzaoui,77.509956,17.678761,77.509956,4,medium_research_only,SAME_ROLE_ONLY;RESEARCH_ONLY;SAMPLE_TOO_SMALL_LOCAL_11_MATCHES_NOT_PRODUCTION_READY,True,False
CF,139004,Zakaria Bahrou,409301,Jawad Ghabra,89.828124,13.990857,89.828124,4,medium_research_only,SAME_ROLE_ONLY;RESEARCH_ONLY;SAMPLE_TOO_SMALL_LOCAL_11_MATCHES_NOT_PRODUCTION_READY,True,False
CF,139004,Zakaria Bahrou,416299,Mohamed Amine Katiba,83.017151,17.615293,83.017151,4,medium_research_only,SAME_ROLE_ONLY;RESEARCH_ONLY;SAMPLE_TOO_SMALL_LOCAL_11_MATCHES_NOT_PRODUCTION_READY,True,False
CF,139004,Zakaria Bahrou,442295,Reda Abardi,78.796274,17.184945,78.796274,4,medium_research_only,SAME_ROLE_ONLY;RESEARCH_ONLY;SAMPLE_TOO_SMALL_LOCAL_11_MATCHES_NOT_PRODUCTION_READY,True,False
CF,139004,Zakaria Bahrou,453613,Baba Bello Ilou,98.71861,12.435989,98.71861,4,medium_research_only,SAME_ROLE_ONLY;RESEARCH_ONLY;SAMPLE_TOO_SMALL_LOCAL_11_MATCHES_NOT_PRODUCTION_READY,True,False
CF,139004,Zakaria Bahrou,462167,Livty Kpolo,77.074515,16.178789,77.074515,4,medium_research_only,SAME_ROLE_ONLY;RESEARCH_ONLY;SAMPLE_TOO_SMALL_LOCAL_11_MATCHES_NOT_PRODUCTION_READY,True,False
CF,139004,Zakaria Bahrou,477684,Brahim Amzili,92.919291,14.15471,92.919291,4,medium_research_only,SAME_ROLE_ONLY;RESEARCH_ONLY;SAMPLE_TOO_SMALL_LOCAL_11_MATCHES_NOT_PRODUCTION_READY,True,False
CF,139004,Zakaria Bahrou,503286,Mehdi Balouk,95.24369,10.572155,95.24369,4,medium_research_only,SAME_ROLE_ONLY;RESEARCH_ONLY;SAMPLE_TOO_SMALL_LOCAL_11_MATCHES_NOT_PRODUCTION_READY,True,False
CF,139004,Zakaria Bahrou,522339,Souleymane Cissé,98.110325,15.973404,98.110325,4,medium_research_only,SAME_ROLE_ONLY;RESEARCH_ONLY;SAMPLE_TOO_SMALL_LOCAL_11_MATCHES_NOT_PRODUCTION_READY,True,False
CF,139004,Zakaria Bahrou,522342,Younes El Bahraoui,95.759882,8.369848,95.759882,4,medium_research_only,SAME_ROLE_ONLY;RESEARCH_ONLY;SAMPLE_TOO_SMALL_LOCAL_11_MATCHES_NOT_PRODUCTION_READY,True,False
CF,139004,Zakaria Bahrou,523311,Anas Jabroun,92.883326,11.485747,92.883326,4,medium_research_only,SAME_ROLE_ONLY;RESEARCH_ONLY;SAMPLE_TOO_SMALL_LOCAL_11_MATCHES_NOT_PRODUCTION_READY,True,False
CF,139004,Zakaria Bahrou,524001,Nasreddine Moustaghfir,98.439751,77.479941,98.439751,4,medium_research_only,SAME_ROLE_ONLY;RESEARCH_ONLY;SAMPLE_TOO_SMALL_LOCAL_11_MATCHES_NOT_PRODUCTION_READY,True,False
CF,139004,Zakaria Bahrou,524246,Youness El Kaabi,98.871627,33.111795,98.871627,4,medium_research_only,SAME_ROLE_ONLY;RESEARCH_ONLY;SAMPLE_TOO_SMALL_LOCAL_11_MATCHES_NOT_PRODUCTION_READY,True,False
CF,139004,Zakaria Bahrou,524392,Romuald Dacosta,79.076581,16.188906,79.076581,4,medium_research_only,SAME_ROLE_ONLY;RESEARCH_ONLY;SAMPLE_TOO_SMALL_LOCAL_11_MATCHES_NOT_PRODUCTION_READY,True,False
CF,139566,Youssef Elfahli,140867,Ismail Khafi,73.275951,16.004114,73.275951,4,medium_research_only,SAME_ROLE_ONLY;RESEARCH_ONLY;SAMPLE_TOO_SMALL_LOCAL_11_MATCHES_NOT_PRODUCTION_READY,True,False
CF,139566,Youssef Elfahli,140886,Mustapha Sahd,92.221969,13.530796,92.221969,4,medium_research_only,SAME_ROLE_ONLY;RESEARCH_ONLY;SAMPLE_TOO_SMALL_LOCAL_11_MATCHES_NOT_PRODUCTION_READY,True,False
CF,139566,Youssef Elfahli,140887,Haytham El Bahja,97.057656,8.376941,97.057656,4,medium_research_only,SAME_ROLE_ONLY;RESEARCH_ONLY;SAMPLE_TOO_SMALL_LOCAL_11_MATCHES_NOT_PRODUCTION_READY,True,False
CF,139566,Youssef Elfahli,141808,Charki El Bahri,91.556948,15.373025,91.556948,4,medium_research_only,SAME_ROLE_ONLY;RESEARCH_ONLY;SAMPLE_TOO_SMALL_LOCAL_11_MATCHES_NOT_PRODUCTION_READY,True,False
CF,139566,Youssef Elfahli,143504,Oussama Lamlaoui,99.26326,4.008355,99.26326,4,medium_research_only,SAME_ROLE_ONLY;RESEARCH_ONLY;SAMPLE_TOO_SMALL_LOCAL_11_MATCHES_NOT_PRODUCTION_READY,True,False
CF,139566,Youssef Elfahli,155347,Ayoub Mouloua,57.266619,22.053557,57.266619,4,medium_research_only,SAME_ROLE_ONLY;RESEARCH_ONLY;SAMPLE_TOO_SMALL_LOCAL_11_MATCHES_NOT_PRODUCTION_READY,True,False
CF,139566,Youssef Elfahli,155705,Soufiane Benjdida,93.608139,9.535574,93.608139,4,medium_research_only,SAME_ROLE_ONLY;RESEARCH_ONLY;SAMPLE_TOO_SMALL_LOCAL_11_MATCHES_NOT_PRODUCTION_READY,True,False
CF,139566,Youssef Elfahli,312936,Hamza Hannouri,75.681534,16.02648,75.681534,4,medium_research_only,SAME_ROLE_ONLY;RESEARCH_ONLY;SAMPLE_TOO_SMALL_LOCAL_11_MATCHES_NOT_PRODUCTION_READY,True,False
CF,139566,Youssef Elfahli,335508,Paul Valère Bassène,56.648969,31.816252,56.648969,4,medium_research_only,SAME_ROLE_ONLY;RESEARCH_ONLY;SAMPLE_TOO_SMALL_LOCAL_11_MATCHES_NOT_PRODUCTION_READY,True,False
CF,139566,Youssef Elfahli,360406,Imad Khannouss,79.346787,15.989671,79.346787,4,medium_research_only,SAME_ROLE_ONLY;RESEARCH_ONLY;SAMPLE_TOO_SMALL_LOCAL_11_MATCHES_NOT_PRODUCTION_READY,True,False
CF,139566,Youssef Elfahli,363450,Youssef Riani,87.042612,13.036914,87.042612,4,medium_research_only,SAME_ROLE_ONLY;RESEARCH_ONLY;SAMPLE_TOO_SMALL_LOCAL_11_MATCHES_NOT_PRODUCTION_READY,True,False
CF,139566,Youssef Elfahli,380596,Alí El Harrak El Harrak,88.634975,11.186454,88.634975,4,medium_research_only,SAME_ROLE_ONLY;RESEARCH_ONLY;SAMPLE_TOO_SMALL_LOCAL_11_MATCHES_NOT_PRODUCTION_READY,True,False
CF,139566,Youssef Elfahli,393385,Nawfal Chninak,68.39933,16.598825,68.39933,4,medium_research_only,SAME_ROLE_ONLY;RESEARCH_ONLY;SAMPLE_TOO_SMALL_LOCAL_11_MATCHES_NOT_PRODUCTION_READY,True,False
CF,139566,Youssef Elfahli,406860,Abdelaziz El Hamzaoui,72.055831,16.539422,72.055831,4,medium_research_only,SAME_ROLE_ONLY;RESEARCH_ONLY;SAMPLE_TOO_SMALL_LOCAL_11_MATCHES_NOT_PRODUCTION_READY,True,False
CF,139566,Youssef Elfahli,409301,Jawad Ghabra,84.800658,16.662187,84.800658,4,medium_research_only,SAME_ROLE_ONLY;RESEARCH_ONLY;SAMPLE_TOO_SMALL_LOCAL_11_MATCHES_NOT_PRODUCTION_READY,True,False
CF,139566,Youssef Elfahli,416299,Mohamed Amine Katiba,83.990827,16.167008,83.990827,4,medium_research_only,SAME_ROLE_ONLY;RESEARCH_ONLY;SAMPLE_TOO_SMALL_LOCAL_11_MATCHES_NOT_PRODUCTION_READY,True,False
CF,139566,Youssef Elfahli,442295,Reda Abardi,72.105312,16.257241,72.105312,4,medium_research_only,SAME_ROLE_ONLY;RESEARCH_ONLY;SAMPLE_TOO_SMALL_LOCAL_11_MATCHES_NOT_PRODUCTION_READY,True,False
CF,139566,Youssef Elfahli,453613,Baba Bello Ilou,99.752721,12.825945,99.752721,4,medium_research_only,SAME_ROLE_ONLY;RESEARCH_ONLY;SAMPLE_TOO_SMALL_LOCAL_11_MATCHES_NOT_PRODUCTION_READY,True,False
CF,139566,Youssef Elfahli,462167,Livty Kpolo,70.114163,15.948713,70.114163,4,medium_research_only,SAME_ROLE_ONLY;RESEARCH_ONLY;SAMPLE_TOO_SMALL_LOCAL_11_MATCHES_NOT_PRODUCTION_READY,True,False
CF,139566,Youssef Elfahli,477684,Brahim Amzili,90.174777,13.205453,90.174777,4,medium_research_only,SAME_ROLE_ONLY;RESEARCH_ONLY;SAMPLE_TOO_SMALL_LOCAL_11_MATCHES_NOT_PRODUCTION_READY,True,False
CF,139566,Youssef Elfahli,503286,Mehdi Balouk,95.6106,9.159927,95.6106,4,medium_research_only,SAME_ROLE_ONLY;RESEARCH_ONLY;SAMPLE_TOO_SMALL_LOCAL_11_MATCHES_NOT_PRODUCTION_READY,True,False
CF,139566,Youssef Elfahli,522339,Souleymane Cissé,96.848821,17.987766,96.848821,4,medium_research_only,SAME_ROLE_ONLY;RESEARCH_ONLY;SAMPLE_TOO_SMALL_LOCAL_11_MATCHES_NOT_PRODUCTION_READY,True,False
CF,139566,Youssef Elfahli,522342,Younes El Bahraoui,96.687423,6.739603,96.687423,4,medium_research_only,SAME_ROLE_ONLY;RESEARCH_ONLY;SAMPLE_TOO_SMALL_LOCAL_11_MATCHES_NOT_PRODUCTION_READY,True,False
CF,139566,Youssef Elfahli,523311,Anas Jabroun,88.224994,14.397614,88.224994,4,medium_research_only,SAME_ROLE_ONLY;RESEARCH_ONLY;SAMPLE_TOO_SMALL_LOCAL_11_MATCHES_NOT_PRODUCTION_READY,True,False
CF,139566,Youssef Elfahli,524001,Nasreddine Moustaghfir,99.370734,78.43213,99.370734,4,medium_research_only,SAME_ROLE_ONLY;RESEARCH_ONLY;SAMPLE_TOO_SMALL_LOCAL_11_MATCHES_NOT_PRODUCTION_READY,True,False
CF,139566,Youssef Elfahli,524246,Youness El Kaabi,96.051373,35.882893,96.051373,4,medium_research_only,SAME_ROLE_ONLY;RESEARCH_ONLY;SAMPLE_TOO_SMALL_LOCAL_11_MATCHES_NOT_PRODUCTION_READY,True,False
CF,139566,Youssef Elfahli,524392,Romuald Dacosta,72.018851,15.760735,72.018851,4,medium_research_only,SAME_ROLE_ONLY;RESEARCH_ONLY;SAMPLE_TOO_SMALL_LOCAL_11_MATCHES_NOT_PRODUCTION_READY,True,False
CF,140867,Ismail Khafi,140886,Mustapha Sahd,84.962232,22.010799,84.962232,4,medium_research_only,SAME_ROLE_ONLY;RESEARCH_ONLY;SAMPLE_TOO_SMALL_LOCAL_11_MATCHES_NOT_PRODUCTION_READY,True,False
CF,140867,Ismail Khafi,140887,Haytham El Bahja,86.606369,8.072407,86.606369,4,medium_research_only,SAME_ROLE_ONLY;RESEARCH_ONLY;SAMPLE_TOO_SMALL_LOCAL_11_MATCHES_NOT_PRODUCTION_READY,True,False
CF,140867,Ismail Khafi,141808,Charki El Bahri,63.14615,3.989078,63.14615,4,medium_research_only,SAME_ROLE_ONLY;RESEARCH_ONLY;SAMPLE_TOO_SMALL_LOCAL_11_MATCHES_NOT_PRODUCTION_READY,True,False
CF,140867,Ismail Khafi,143504,Oussama Lamlaoui,67.160638,18.878453,67.160638,4,medium_research_only,SAME_ROLE_ONLY;RESEARCH_ONLY;SAMPLE_TOO_SMALL_LOCAL_11_MATCHES_NOT_PRODUCTION_READY,True,False
CF,140867,Ismail Khafi,155347,Ayoub Mouloua,66.137227,15.486534,66.137227,4,medium_research_only,SAME_ROLE_ONLY;RESEARCH_ONLY;SAMPLE_TOO_SMALL_LOCAL_11_MATCHES_NOT_PRODUCTION_READY,True,False
CF,140867,Ismail Khafi,155705,Soufiane Benjdida,91.225314,16.467652,91.225314,4,medium_research_only,SAME_ROLE_ONLY;RESEARCH_ONLY;SAMPLE_TOO_SMALL_LOCAL_11_MATCHES_NOT_PRODUCTION_READY,True,False
CF,140867,Ismail Khafi,312936,Hamza Hannouri,95.687553,11.351615,95.687553,4,medium_research_only,SAME_ROLE_ONLY;RESEARCH_ONLY;SAMPLE_TOO_SMALL_LOCAL_11_MATCHES_NOT_PRODUCTION_READY,True,False
CF,140867,Ismail Khafi,335508,Paul Valère Bassène,65.858104,28.065032,65.858104,4,medium_research_only,SAME_ROLE_ONLY;RESEARCH_ONLY;SAMPLE_TOO_SMALL_LOCAL_11_MATCHES_NOT_PRODUCTION_READY,True,False
CF,140867,Ismail Khafi,360406,Imad Khannouss,98.202363,14.116645,98.202363,4,medium_research_only,SAME_ROLE_ONLY;RESEARCH_ONLY;SAMPLE_TOO_SMALL_LOCAL_11_MATCHES_NOT_PRODUCTION_READY,True,False
CF,140867,Ismail Khafi,363450,Youssef Riani,96.456561,15.1767,96.456561,4,medium_research_only,SAME_ROLE_ONLY;RESEARCH_ONLY;SAMPLE_TOO_SMALL_LOCAL_11_MATCHES_NOT_PRODUCTION_READY,True,False
CF,140867,Ismail Khafi,380596,Alí El Harrak El Harrak,93.991047,8.604208,93.991047,4,medium_research_only,SAME_ROLE_ONLY;RESEARCH_ONLY;SAMPLE_TOO_SMALL_LOCAL_11_MATCHES_NOT_PRODUCTION_READY,True,False
CF,140867,Ismail Khafi,393385,Nawfal Chninak,88.799943,2.412784,88.799943,4,medium_research_only,SAME_ROLE_ONLY;RESEARCH_ONLY;SAMPLE_TOO_SMALL_LOCAL_11_MATCHES_NOT_PRODUCTION_READY,True,False
CF,140867,Ismail Khafi,406860,Abdelaziz El Hamzaoui,99.896129,1.541486,99.896129,4,medium_research_only,SAME_ROLE_ONLY;RESEARCH_ONLY;SAMPLE_TOO_SMALL_LOCAL_11_MATCHES_NOT_PRODUCTION_READY,True,False
CF,140867,Ismail Khafi,409301,Jawad Ghabra,97.583359,19.537228,97.583359,4,medium_research_only,SAME_ROLE_ONLY;RESEARCH_ONLY;SAMPLE_TOO_SMALL_LOCAL_11_MATCHES_NOT_PRODUCTION_READY,True,False
CF,140867,Ismail Khafi,416299,Mohamed Amine Katiba,75.559532,3.278841,75.559532,4,medium_research_only,SAME_ROLE_ONLY;RESEARCH_ONLY;SAMPLE_TOO_SMALL_LOCAL_11_MATCHES_NOT_PRODUCTION_READY,True,False
CF,140867,Ismail Khafi,442295,Reda Abardi,99.619366,0.742052,99.619366,4,medium_research_only,SAME_ROLE_ONLY;RESEARCH_ONLY;SAMPLE_TOO_SMALL_LOCAL_11_MATCHES_NOT_PRODUCTION_READY,True,False
CF,140867,Ismail Khafi,453613,Baba Bello Ilou,70.553676,28.685742,70.553676,4,medium_research_only,SAME_ROLE_ONLY;RESEARCH_ONLY;SAMPLE_TOO_SMALL_LOCAL_11_MATCHES_NOT_PRODUCTION_READY,True,False
CF,140867,Ismail Khafi,462167,Livty Kpolo,99.182304,3.192396,99.182304,4,medium_research_only,SAME_ROLE_ONLY;RESEARCH_ONLY;SAMPLE_TOO_SMALL_LOCAL_11_MATCHES_NOT_PRODUCTION_READY,True,False
CF,140867,Ismail Khafi,477684,Brahim Amzili,94.553446,2.976981,94.553446,4,medium_research_only,SAME_ROLE_ONLY;RESEARCH_ONLY;SAMPLE_TOO_SMALL_LOCAL_11_MATCHES_NOT_PRODUCTION_READY,True,False
CF,140867,Ismail Khafi,503286,Mehdi Balouk,85.339457,7.926366,85.339457,4,medium_research_only,SAME_ROLE_ONLY;RESEARCH_ONLY;SAMPLE_TOO_SMALL_LOCAL_11_MATCHES_NOT_PRODUCTION_READY,True,False
CF,140867,Ismail Khafi,522339,Souleymane Cissé,83.083956,30.857356,83.083956,4,medium_research_only,SAME_ROLE_ONLY;RESEARCH_ONLY;SAMPLE_TOO_SMALL_LOCAL_11_MATCHES_NOT_PRODUCTION_READY,True,False
CF,140867,Ismail Khafi,522342,Younes El Bahraoui,82.099341,11.631844,82.099341,4,medium_research_only,SAME_ROLE_ONLY;RESEARCH_ONLY;SAMPLE_TOO_SMALL_LOCAL_11_MATCHES_NOT_PRODUCTION_READY,True,False
CF,140867,Ismail Khafi,523311,Anas Jabroun,95.768917,18.898724,95.768917,4,medium_research_only,SAME_ROLE_ONLY;RESEARCH_ONLY;SAMPLE_TOO_SMALL_LOCAL_11_MATCHES_NOT_PRODUCTION_READY,True,False
CF,140867,Ismail Khafi,524001,Nasreddine Moustaghfir,73.177645,93.876783,73.177645,4,medium_research_only,SAME_ROLE_ONLY;RESEARCH_ONLY;SAMPLE_TOO_SMALL_LOCAL_11_MATCHES_NOT_PRODUCTION_READY,True,False
CF,140867,Ismail Khafi,524246,Youness El Kaabi,86.798591,48.540802,86.798591,4,medium_research_only,SAME_ROLE_ONLY;RESEARCH_ONLY;SAMPLE_TOO_SMALL_LOCAL_11_MATCHES_NOT_PRODUCTION_READY,True,False
CF,140867,Ismail Khafi,524392,Romuald Dacosta,99.21359,2.079502,99.21359,4,medium_research_only,SAME_ROLE_ONLY;RESEARCH_ONLY;SAMPLE_TOO_SMALL_LOCAL_11_MATCHES_NOT_PRODUCTION_READY,True,False
CF,140886,Mustapha Sahd,140887,Haytham El Bahja,94.238324,16.031096,94.238324,4,medium_research_only,SAME_ROLE_ONLY;RESEARCH_ONLY;SAMPLE_TOO_SMALL_LOCAL_11_MATCHES_NOT_PRODUCTION_READY,True,False
CF,140886,Mustapha Sahd,141808,Charki El Bahri,93.588773,22.328353,93.588773,4,medium_research_only,SAME_ROLE_ONLY;RESEARCH_ONLY;SAMPLE_TOO_SMALL_LOCAL_11_MATCHES_NOT_PRODUCTION_READY,True,False
CF,140886,Mustapha Sahd,143504,Oussama Lamlaoui,91.599867,13.60794,91.599867,4,medium_research_only,SAME_ROLE_ONLY;RESEARCH_ONLY;SAMPLE_TOO_SMALL_LOCAL_11_MATCHES_NOT_PRODUCTION_READY,True,False
CF,140886,Mustapha Sahd,155347,Ayoub Mouloua,79.902633,19.710507,79.902633,4,medium_research_only,SAME_ROLE_ONLY;RESEARCH_ONLY;SAMPLE_TOO_SMALL_LOCAL_11_MATCHES_NOT_PRODUCTION_READY,True,False
CF,140886,Mustapha Sahd,155705,Soufiane Benjdida,93.464815,12.252561,93.464815,4,medium_research_only,SAME_ROLE_ONLY;RESEARCH_ONLY;SAMPLE_TOO_SMALL_LOCAL_11_MATCHES_NOT_PRODUCTION_READY,True,False
CF,140886,Mustapha Sahd,312936,Hamza Hannouri,92.386886,14.336915,92.386886,4,medium_research_only,SAME_ROLE_ONLY;RESEARCH_ONLY;SAMPLE_TOO_SMALL_LOCAL_11_MATCHES_NOT_PRODUCTION_READY,True,False
CF,140886,Mustapha Sahd,335508,Paul Valère Bassène,79.35836,24.661917,79.35836,4,medium_research_only,SAME_ROLE_ONLY;RESEARCH_ONLY;SAMPLE_TOO_SMALL_LOCAL_11_MATCHES_NOT_PRODUCTION_READY,True,False
CF,140886,Mustapha Sahd,360406,Imad Khannouss,83.90436,18.049447,83.90436,4,medium_research_only,SAME_ROLE_ONLY;RESEARCH_ONLY;SAMPLE_TOO_SMALL_LOCAL_11_MATCHES_NOT_PRODUCTION_READY,True,False
CF,140886,Mustapha Sahd,363450,Youssef Riani,95.176268,11.06711,95.176268,4,medium_research_only,SAME_ROLE_ONLY;RESEARCH_ONLY;SAMPLE_TOO_SMALL_LOCAL_11_MATCHES_NOT_PRODUCTION_READY,True,False
CF,140886,Mustapha Sahd,380596,Alí El Harrak El Harrak,97.693135,13.74605,97.693135,4,medium_research_only,SAME_ROLE_ONLY;RESEARCH_ONLY;SAMPLE_TOO_SMALL_LOCAL_11_MATCHES_NOT_PRODUCTION_READY,True,False
CF,140886,Mustapha Sahd,393385,Nawfal Chninak,89.92783,22.349752,89.92783,4,medium_research_only,SAME_ROLE_ONLY;RESEARCH_ONLY;SAMPLE_TOO_SMALL_LOCAL_11_MATCHES_NOT_PRODUCTION_READY,True,False
CF,140886,Mustapha Sahd,406860,Abdelaziz El Hamzaoui,84.990621,22.967604,84.990621,4,medium_research_only,SAME_ROLE_ONLY;RESEARCH_ONLY;SAMPLE_TOO_SMALL_LOCAL_11_MATCHES_NOT_PRODUCTION_READY,True,False
CF,140886,Mustapha Sahd,409301,Jawad Ghabra,89.355954,15.597436,89.355954,4,medium_research_only,SAME_ROLE_ONLY;RESEARCH_ONLY;SAMPLE_TOO_SMALL_LOCAL_11_MATCHES_NOT_PRODUCTION_READY,True,False
CF,140886,Mustapha Sahd,416299,Mohamed Amine Katiba,93.857187,22.830708,93.857187,4,medium_research_only,SAME_ROLE_ONLY;RESEARCH_ONLY;SAMPLE_TOO_SMALL_LOCAL_11_MATCHES_NOT_PRODUCTION_READY,True,False
CF,140886,Mustapha Sahd,442295,Reda Abardi,81.563089,22.619005,81.563089,4,medium_research_only,SAME_ROLE_ONLY;RESEARCH_ONLY;SAMPLE_TOO_SMALL_LOCAL_11_MATCHES_NOT_PRODUCTION_READY,True,False
CF,140886,Mustapha Sahd,453613,Baba Bello Ilou,89.364142,18.543695,89.364142,4,medium_research_only,SAME_ROLE_ONLY;RESEARCH_ONLY;SAMPLE_TOO_SMALL_LOCAL_11_MATCHES_NOT_PRODUCTION_READY,True,False
CF,140886,Mustapha Sahd,462167,Livty Kpolo,79.152503,21.249283,79.152503,4,medium_research_only,SAME_ROLE_ONLY;RESEARCH_ONLY;SAMPLE_TOO_SMALL_LOCAL_11_MATCHES_NOT_PRODUCTION_READY,True,False
CF,140886,Mustapha Sahd,477684,Brahim Amzili,96.201957,19.258908,96.201957,4,medium_research_only,SAME_ROLE_ONLY;RESEARCH_ONLY;SAMPLE_TOO_SMALL_LOCAL_11_MATCHES_NOT_PRODUCTION_READY,True,False
CF,140886,Mustapha Sahd,503286,Mehdi Balouk,99.267907,14.611058,99.267907,4,medium_research_only,SAME_ROLE_ONLY;RESEARCH_ONLY;SAMPLE_TOO_SMALL_LOCAL_11_MATCHES_NOT_PRODUCTION_READY,True,False
CF,140886,Mustapha Sahd,522339,Souleymane Cissé,90.206654,19.889841,90.206654,4,medium_research_only,SAME_ROLE_ONLY;RESEARCH_ONLY;SAMPLE_TOO_SMALL_LOCAL_11_MATCHES_NOT_PRODUCTION_READY,True,False
CF,140886,Mustapha Sahd,522342,Younes El Bahraoui,98.899188,11.465857,98.899188,4,medium_research_only,SAME_ROLE_ONLY;RESEARCH_ONLY;SAMPLE_TOO_SMALL_LOCAL_11_MATCHES_NOT_PRODUCTION_READY,True,False
CF,140886,Mustapha Sahd,523311,Anas Jabroun,91.044257,14.170097,91.044257,4,medium_research_only,SAME_ROLE_ONLY;RESEARCH_ONLY;SAMPLE_TOO_SMALL_LOCAL_11_MATCHES_NOT_PRODUCTION_READY,True,False
CF,140886,Mustapha Sahd,524001,Nasreddine Moustaghfir,89.554717,77.656446,89.554717,4,medium_research_only,SAME_ROLE_ONLY;RESEARCH_ONLY;SAMPLE_TOO_SMALL_LOCAL_11_MATCHES_NOT_PRODUCTION_READY,True,False
CF,140886,Mustapha Sahd,524246,Youness El Kaabi,92.181411,33.312781,92.181411,4,medium_research_only,SAME_ROLE_ONLY;RESEARCH_ONLY;SAMPLE_TOO_SMALL_LOCAL_11_MATCHES_NOT_PRODUCTION_READY,True,False
CF,140886,Mustapha Sahd,524392,Romuald Dacosta,80.255528,21.533616,80.255528,4,medium_research_only,SAME_ROLE_ONLY;RESEARCH_ONLY;SAMPLE_TOO_SMALL_LOCAL_11_MATCHES_NOT_PRODUCTION_READY,True,False
CF,140887,Haytham El Bahja,141808,Charki El Bahri,85.204081,8.832952,85.204081,4,medium_research_only,SAME_ROLE_ONLY;RESEARCH_ONLY;SAMPLE_TOO_SMALL_LOCAL_11_MATCHES_NOT_PRODUCTION_READY,True,False
CF,140887,Haytham El Bahja,143504,Oussama Lamlaoui,93.856619,11.807509,93.856619,4,medium_research_only,SAME_ROLE_ONLY;RESEARCH_ONLY;SAMPLE_TOO_SMALL_LOCAL_11_MATCHES_NOT_PRODUCTION_READY,True,False
CF,140887,Haytham El Bahja,155347,Ayoub Mouloua,58.680135,17.755902,58.680135,4,medium_research_only,SAME_ROLE_ONLY;RESEARCH_ONLY;SAMPLE_TOO_SMALL_LOCAL_11_MATCHES_NOT_PRODUCTION_READY,True,False
CF,140887,Haytham El Bahja,155705,Soufiane Benjdida,99.058177,9.449383,99.058177,4,medium_research_only,SAME_ROLE_ONLY;RESEARCH_ONLY;SAMPLE_TOO_SMALL_LOCAL_11_MATCHES_NOT_PRODUCTION_READY,True,False
CF,140887,Haytham El Bahja,312936,Hamza Hannouri,85.619221,10.338367,85.619221,4,medium_research_only,SAME_ROLE_ONLY;RESEARCH_ONLY;SAMPLE_TOO_SMALL_LOCAL_11_MATCHES_NOT_PRODUCTION_READY,True,False
CF,140887,Haytham El Bahja,335508,Paul Valère Bassène,58.097853,29.225101,58.097853,4,medium_research_only,SAME_ROLE_ONLY;RESEARCH_ONLY;SAMPLE_TOO_SMALL_LOCAL_11_MATCHES_NOT_PRODUCTION_READY,True,False
CF,140887,Haytham El Bahja,360406,Imad Khannouss,91.22204,10.894199,91.22204,4,medium_research_only,SAME_ROLE_ONLY;RESEARCH_ONLY;SAMPLE_TOO_SMALL_LOCAL_11_MATCHES_NOT_PRODUCTION_READY,True,False
CF,140887,Haytham El Bahja,363450,Youssef Riani,95.441637,10.152027,95.441637,4,medium_research_only,SAME_ROLE_ONLY;RESEARCH_ONLY;SAMPLE_TOO_SMALL_LOCAL_11_MATCHES_NOT_PRODUCTION_READY,True,False
CF,140887,Haytham El Bahja,380596,Alí El Harrak El Harrak,95.38765,4.94263,95.38765,4,medium_research_only,SAME_ROLE_ONLY;RESEARCH_ONLY;SAMPLE_TOO_SMALL_LOCAL_11_MATCHES_NOT_PRODUCTION_READY,True,False
CF,140887,Haytham El Bahja,393385,Nawfal Chninak,76.701,9.253891,76.701,4,medium_research_only,SAME_ROLE_ONLY;RESEARCH_ONLY;SAMPLE_TOO_SMALL_LOCAL_11_MATCHES_NOT_PRODUCTION_READY,True,False
CF,140887,Haytham El Bahja,406860,Abdelaziz El Hamzaoui,85.475115,8.960249,85.475115,4,medium_research_only,SAME_ROLE_ONLY;RESEARCH_ONLY;SAMPLE_TOO_SMALL_LOCAL_11_MATCHES_NOT_PRODUCTION_READY,True,False
CF,140887,Haytham El Bahja,409301,Jawad Ghabra,94.874117,14.515764,94.874117,4,medium_research_only,SAME_ROLE_ONLY;RESEARCH_ONLY;SAMPLE_TOO_SMALL_LOCAL_11_MATCHES_NOT_PRODUCTION_READY,True,False
CF,140887,Haytham El Bahja,416299,Mohamed Amine Katiba,84.238876,9.219363,84.238876,4,medium_research_only,SAME_ROLE_ONLY;RESEARCH_ONLY;SAMPLE_TOO_SMALL_LOCAL_11_MATCHES_NOT_PRODUCTION_READY,True,False
CF,140887,Haytham El Bahja,442295,Reda Abardi,85.937256,8.428605,85.937256,4,medium_research_only,SAME_ROLE_ONLY;RESEARCH_ONLY;SAMPLE_TOO_SMALL_LOCAL_11_MATCHES_NOT_PRODUCTION_READY,True,False
CF,140887,Haytham El Bahja,453613,Baba Bello Ilou,96.09317,20.818608,96.09317,4,medium_research_only,SAME_ROLE_ONLY;RESEARCH_ONLY;SAMPLE_TOO_SMALL_LOCAL_11_MATCHES_NOT_PRODUCTION_READY,True,False
CF,140887,Haytham El Bahja,462167,Livty Kpolo,84.361284,7.586963,84.361284,4,medium_research_only,SAME_ROLE_ONLY;RESEARCH_ONLY;SAMPLE_TOO_SMALL_LOCAL_11_MATCHES_NOT_PRODUCTION_READY,True,False
CF,140887,Haytham El Bahja,477684,Brahim Amzili,97.218749,5.296559,97.218749,4,medium_research_only,SAME_ROLE_ONLY;RESEARCH_ONLY;SAMPLE_TOO_SMALL_LOCAL_11_MATCHES_NOT_PRODUCTION_READY,True,False
CF,140887,Haytham El Bahja,503286,Mehdi Balouk,97.458314,3.293947,97.458314,4,medium_research_only,SAME_ROLE_ONLY;RESEARCH_ONLY;SAMPLE_TOO_SMALL_LOCAL_11_MATCHES_NOT_PRODUCTION_READY,True,False
CF,140887,Haytham El Bahja,522339,Souleymane Cissé,98.782187,23.180518,98.782187,4,medium_research_only,SAME_ROLE_ONLY;RESEARCH_ONLY;SAMPLE_TOO_SMALL_LOCAL_11_MATCHES_NOT_PRODUCTION_READY,True,False
CF,140887,Haytham El Bahja,522342,Younes El Bahraoui,97.059467,5.24669,97.059467,4,medium_research_only,SAME_ROLE_ONLY;RESEARCH_ONLY;SAMPLE_TOO_SMALL_LOCAL_11_MATCHES_NOT_PRODUCTION_READY,True,False
CF,140887,Haytham El Bahja,523311,Anas Jabroun,96.843466,13.071119,96.843466,4,medium_research_only,SAME_ROLE_ONLY;RESEARCH_ONLY;SAMPLE_TOO_SMALL_LOCAL_11_MATCHES_NOT_PRODUCTION_READY,True,False
CF,140887,Haytham El Bahja,524001,Nasreddine Moustaghfir,96.791129,85.897134,96.791129,4,medium_research_only,SAME_ROLE_ONLY;RESEARCH_ONLY;SAMPLE_TOO_SMALL_LOCAL_11_MATCHES_NOT_PRODUCTION_READY,True,False
CF,140887,Haytham El Bahja,524246,Youness El Kaabi,99.587649,40.95191,99.587649,4,medium_research_only,SAME_ROLE_ONLY;RESEARCH_ONLY;SAMPLE_TOO_SMALL_LOCAL_11_MATCHES_NOT_PRODUCTION_READY,True,False
CF,140887,Haytham El Bahja,524392,Romuald Dacosta,85.891416,7.477784,85.891416,4,medium_research_only,SAME_ROLE_ONLY;RESEARCH_ONLY;SAMPLE_TOO_SMALL_LOCAL_11_MATCHES_NOT_PRODUCTION_READY,True,False
CF,141808,Charki El Bahri,143504,Oussama Lamlaoui,94.776959,17.605448,94.776959,4,medium_research_only,SAME_ROLE_ONLY;RESEARCH_ONLY;SAMPLE_TOO_SMALL_LOCAL_11_MATCHES_NOT_PRODUCTION_READY,True,False
CF,141808,Charki El Bahri,155347,Ayoub Mouloua,77.77912,15.028503,77.77912,4,medium_research_only,SAME_ROLE_ONLY;RESEARCH_ONLY;SAMPLE_TOO_SMALL_LOCAL_11_MATCHES_NOT_PRODUCTION_READY,True,False
CF,141808,Charki El Bahri,155705,Soufiane Benjdida,80.589339,18.028858,80.589339,4,medium_research_only,SAME_ROLE_ONLY;RESEARCH_ONLY;SAMPLE_TOO_SMALL_LOCAL_11_MATCHES_NOT_PRODUCTION_READY,True,False
CF,141808,Charki El Bahri,312936,Hamza Hannouri,75.347022,13.620352,75.347022,4,medium_research_only,SAME_ROLE_ONLY;RESEARCH_ONLY;SAMPLE_TOO_SMALL_LOCAL_11_MATCHES_NOT_PRODUCTION_READY,True,False
CF,141808,Charki El Bahri,335508,Paul Valère Bassène,77.19026,27.741103,77.19026,4,medium_research_only,SAME_ROLE_ONLY;RESEARCH_ONLY;SAMPLE_TOO_SMALL_LOCAL_11_MATCHES_NOT_PRODUCTION_READY,True,False
CF,141808,Charki El Bahri,360406,Imad Khannouss,63.139815,17.265168,63.139815,4,medium_research_only,SAME_ROLE_ONLY;RESEARCH_ONLY;SAMPLE_TOO_SMALL_LOCAL_11_MATCHES_NOT_PRODUCTION_READY,True,False
CF,141808,Charki El Bahri,363450,Youssef Riani,79.313873,17.288856,79.313873,4,medium_research_only,SAME_ROLE_ONLY;RESEARCH_ONLY;SAMPLE_TOO_SMALL_LOCAL_11_MATCHES_NOT_PRODUCTION_READY,True,False
CF,141808,Charki El Bahri,380596,Alí El Harrak El Harrak,84.371658,10.189199,84.371658,4,medium_research_only,SAME_ROLE_ONLY;RESEARCH_ONLY;SAMPLE_TOO_SMALL_LOCAL_11_MATCHES_NOT_PRODUCTION_READY,True,False
CF,141808,Charki El Bahri,393385,Nawfal Chninak,76.454745,2.591635,76.454745,4,medium_research_only,SAME_ROLE_ONLY;RESEARCH_ONLY;SAMPLE_TOO_SMALL_LOCAL_11_MATCHES_NOT_PRODUCTION_READY,True,False
CF,141808,Charki El Bahri,406860,Abdelaziz El Hamzaoui,63.070206,2.939882,63.070206,4,medium_research_only,SAME_ROLE_ONLY;RESEARCH_ONLY;SAMPLE_TOO_SMALL_LOCAL_11_MATCHES_NOT_PRODUCTION_READY,True,False
CF,141808,Charki El Bahri,409301,Jawad Ghabra,70.959048,22.187743,70.959048,4,medium_research_only,SAME_ROLE_ONLY;RESEARCH_ONLY;SAMPLE_TOO_SMALL_LOCAL_11_MATCHES_NOT_PRODUCTION_READY,True,False
CF,141808,Charki El Bahri,416299,Mohamed Amine Katiba,92.948041,1.324477,92.948041,4,medium_research_only,SAME_ROLE_ONLY;RESEARCH_ONLY;SAMPLE_TOO_SMALL_LOCAL_11_MATCHES_NOT_PRODUCTION_READY,True,False
CF,141808,Charki El Bahri,442295,Reda Abardi,58.929718,3.72229,58.929718,4,medium_research_only,SAME_ROLE_ONLY;RESEARCH_ONLY;SAMPLE_TOO_SMALL_LOCAL_11_MATCHES_NOT_PRODUCTION_READY,True,False
CF,141808,Charki El Bahri,453613,Baba Bello Ilou,89.657487,28.069714,89.657487,4,medium_research_only,SAME_ROLE_ONLY;RESEARCH_ONLY;SAMPLE_TOO_SMALL_LOCAL_11_MATCHES_NOT_PRODUCTION_READY,True,False
CF,141808,Charki El Bahri,462167,Livty Kpolo,55.880362,7.039088,55.880362,4,medium_research_only,SAME_ROLE_ONLY;RESEARCH_ONLY;SAMPLE_TOO_SMALL_LOCAL_11_MATCHES_NOT_PRODUCTION_READY,True,False
CF,141808,Charki El Bahri,477684,Brahim Amzili,82.278655,4.609064,82.278655,4,medium_research_only,SAME_ROLE_ONLY;RESEARCH_ONLY;SAMPLE_TOO_SMALL_LOCAL_11_MATCHES_NOT_PRODUCTION_READY,True,False
CF,141808,Charki El Bahri,503286,Mehdi Balouk,92.598207,8.094425,92.598207,4,medium_research_only,SAME_ROLE_ONLY;RESEARCH_ONLY;SAMPLE_TOO_SMALL_LOCAL_11_MATCHES_NOT_PRODUCTION_READY,True,False
CF,141808,Charki El Bahri,522339,Souleymane Cissé,81.733143,31.696993,81.733143,4,medium_research_only,SAME_ROLE_ONLY;RESEARCH_ONLY;SAMPLE_TOO_SMALL_LOCAL_11_MATCHES_NOT_PRODUCTION_READY,True,False
CF,141808,Charki El Bahri,522342,Younes El Bahraoui,94.423681,11.508884,94.423681,4,medium_research_only,SAME_ROLE_ONLY;RESEARCH_ONLY;SAMPLE_TOO_SMALL_LOCAL_11_MATCHES_NOT_PRODUCTION_READY,True,False
CF,141808,Charki El Bahri,523311,Anas Jabroun,74.73961,21.186457,74.73961,4,medium_research_only,SAME_ROLE_ONLY;RESEARCH_ONLY;SAMPLE_TOO_SMALL_LOCAL_11_MATCHES_NOT_PRODUCTION_READY,True,False
CF,141808,Charki El Bahri,524001,Nasreddine Moustaghfir,87.73056,93.681742,87.73056,4,medium_research_only,SAME_ROLE_ONLY;RESEARCH_ONLY;SAMPLE_TOO_SMALL_LOCAL_11_MATCHES_NOT_PRODUCTION_READY,True,False
CF,141808,Charki El Bahri,524246,Youness El Kaabi,82.695522,49.6554,82.695522,4,medium_research_only,SAME_ROLE_ONLY;RESEARCH_ONLY;SAMPLE_TOO_SMALL_LOCAL_11_MATCHES_NOT_PRODUCTION_READY,True,False
CF,141808,Charki El Bahri,524392,Romuald Dacosta,57.542196,5.900282,57.542196,4,medium_research_only,SAME_ROLE_ONLY;RESEARCH_ONLY;SAMPLE_TOO_SMALL_LOCAL_11_MATCHES_NOT_PRODUCTION_READY,True,False
CF,143504,Oussama Lamlaoui,155347,Ayoub Mouloua,60.438435,22.895837,60.438435,4,medium_research_only,SAME_ROLE_ONLY;RESEARCH_ONLY;SAMPLE_TOO_SMALL_LOCAL_11_MATCHES_NOT_PRODUCTION_READY,True,False
CF,143504,Oussama Lamlaoui,155705,Soufiane Benjdida,89.507213,12.740237,89.507213,4,medium_research_only,SAME_ROLE_ONLY;RESEARCH_ONLY;SAMPLE_TOO_SMALL_LOCAL_11_MATCHES_NOT_PRODUCTION_READY,True,False
CF,143504,Oussama Lamlaoui,312936,Hamza Hannouri,72.416149,18.673402,72.416149,4,medium_research_only,SAME_ROLE_ONLY;RESEARCH_ONLY;SAMPLE_TOO_SMALL_LOCAL_11_MATCHES_NOT_PRODUCTION_READY,True,False
CF,143504,Oussama Lamlaoui,335508,Paul Valère Bassène,59.826507,31.790798,59.826507,4,medium_research_only,SAME_ROLE_ONLY;RESEARCH_ONLY;SAMPLE_TOO_SMALL_LOCAL_11_MATCHES_NOT_PRODUCTION_READY,True,False
CF,143504,Oussama Lamlaoui,360406,Imad Khannouss,72.651084,19.744984,72.651084,4,medium_research_only,SAME_ROLE_ONLY;RESEARCH_ONLY;SAMPLE_TOO_SMALL_LOCAL_11_MATCHES_NOT_PRODUCTION_READY,True,False
CF,143504,Oussama Lamlaoui,363450,Youssef Riani,82.870244,15.971221,82.870244,4,medium_research_only,SAME_ROLE_ONLY;RESEARCH_ONLY;SAMPLE_TOO_SMALL_LOCAL_11_MATCHES_NOT_PRODUCTION_READY,True,False
CF,143504,Oussama Lamlaoui,380596,Alí El Harrak El Harrak,85.558842,14.146834,85.558842,4,medium_research_only,SAME_ROLE_ONLY;RESEARCH_ONLY;SAMPLE_TOO_SMALL_LOCAL_11_MATCHES_NOT_PRODUCTION_READY,True,False
CF,143504,Oussama Lamlaoui,393385,Nawfal Chninak,67.120542,19.071922,67.120542,4,medium_research_only,SAME_ROLE_ONLY;RESEARCH_ONLY;SAMPLE_TOO_SMALL_LOCAL_11_MATCHES_NOT_PRODUCTION_READY,True,False
CF,143504,Oussama Lamlaoui,406860,Abdelaziz El Hamzaoui,66.142948,19.22883,66.142948,4,medium_research_only,SAME_ROLE_ONLY;RESEARCH_ONLY;SAMPLE_TOO_SMALL_LOCAL_11_MATCHES_NOT_PRODUCTION_READY,True,False
CF,143504,Oussama Lamlaoui,409301,Jawad Ghabra,79.042702,19.890578,79.042702,4,medium_research_only,SAME_ROLE_ONLY;RESEARCH_ONLY;SAMPLE_TOO_SMALL_LOCAL_11_MATCHES_NOT_PRODUCTION_READY,True,False
CF,143504,Oussama Lamlaoui,416299,Mohamed Amine Katiba,84.944367,18.544213,84.944367,4,medium_research_only,SAME_ROLE_ONLY;RESEARCH_ONLY;SAMPLE_TOO_SMALL_LOCAL_11_MATCHES_NOT_PRODUCTION_READY,True,False
CF,143504,Oussama Lamlaoui,442295,Reda Abardi,65.31377,19.107167,65.31377,4,medium_research_only,SAME_ROLE_ONLY;RESEARCH_ONLY;SAMPLE_TOO_SMALL_LOCAL_11_MATCHES_NOT_PRODUCTION_READY,True,False
CF,143504,Oussama Lamlaoui,453613,Baba Bello Ilou,98.961566,11.347155,98.961566,4,medium_research_only,SAME_ROLE_ONLY;RESEARCH_ONLY;SAMPLE_TOO_SMALL_LOCAL_11_MATCHES_NOT_PRODUCTION_READY,True,False
CF,143504,Oussama Lamlaoui,462167,Livty Kpolo,63.045322,19.231897,63.045322,4,medium_research_only,SAME_ROLE_ONLY;RESEARCH_ONLY;SAMPLE_TOO_SMALL_LOCAL_11_MATCHES_NOT_PRODUCTION_READY,True,False
CF,143504,Oussama Lamlaoui,477684,Brahim Amzili,86.341587,16.117436,86.341587,4,medium_research_only,SAME_ROLE_ONLY;RESEARCH_ONLY;SAMPLE_TOO_SMALL_LOCAL_11_MATCHES_NOT_PRODUCTION_READY,True,False
CF,143504,Oussama Lamlaoui,503286,Mehdi Balouk,94.26265,11.841613,94.26265,4,medium_research_only,SAME_ROLE_ONLY;RESEARCH_ONLY;SAMPLE_TOO_SMALL_LOCAL_11_MATCHES_NOT_PRODUCTION_READY,True,False
CF,143504,Oussama Lamlaoui,522339,Souleymane Cissé,93.543854,18.709991,93.543854,4,medium_research_only,SAME_ROLE_ONLY;RESEARCH_ONLY;SAMPLE_TOO_SMALL_LOCAL_11_MATCHES_NOT_PRODUCTION_READY,True,False
CF,143504,Oussama Lamlaoui,522342,Younes El Bahraoui,95.91292,9.062971,95.91292,4,medium_research_only,SAME_ROLE_ONLY;RESEARCH_ONLY;SAMPLE_TOO_SMALL_LOCAL_11_MATCHES_NOT_PRODUCTION_READY,True,False
CF,143504,Oussama Lamlaoui,523311,Anas Jabroun,82.926274,17.572172,82.926274,4,medium_research_only,SAME_ROLE_ONLY;RESEARCH_ONLY;SAMPLE_TOO_SMALL_LOCAL_11_MATCHES_NOT_PRODUCTION_READY,True,False
CF,143504,Oussama Lamlaoui,524001,Nasreddine Moustaghfir,98.064453,76.703067,98.064453,4,medium_research_only,SAME_ROLE_ONLY;RESEARCH_ONLY;SAMPLE_TOO_SMALL_LOCAL_11_MATCHES_NOT_PRODUCTION_READY,True,False
CF,143504,Oussama Lamlaoui,524246,Youness El Kaabi,92.330664,36.06032,92.330664,4,medium_research_only,SAME_ROLE_ONLY;RESEARCH_ONLY;SAMPLE_TOO_SMALL_LOCAL_11_MATCHES_NOT_PRODUCTION_READY,True,False
CF,143504,Oussama Lamlaoui,524392,Romuald Dacosta,64.981698,18.934161,64.981698,4,medium_research_only,SAME_ROLE_ONLY;RESEARCH_ONLY;SAMPLE_TOO_SMALL_LOCAL_11_MATCHES_NOT_PRODUCTION_READY,True,False
CF,155347,Ayoub Mouloua,155705,Soufiane Benjdida,60.846317,22.514352,60.846317,4,medium_research_only,SAME_ROLE_ONLY;RESEARCH_ONLY;SAMPLE_TOO_SMALL_LOCAL_11_MATCHES_NOT_PRODUCTION_READY,True,False
CF,155347,Ayoub Mouloua,312936,Hamza Hannouri,83.21412,12.789352,83.21412,4,medium_research_only,SAME_ROLE_ONLY;RESEARCH_ONLY;SAMPLE_TOO_SMALL_LOCAL_11_MATCHES_NOT_PRODUCTION_READY,True,False
CF,155347,Ayoub Mouloua,335508,Paul Valère Bassène,99.992506,12.7554,99.992506,4,medium_research_only,SAME_ROLE_ONLY;RESEARCH_ONLY;SAMPLE_TOO_SMALL_LOCAL_11_MATCHES_NOT_PRODUCTION_READY,True,False
CF,155347,Ayoub Mouloua,360406,Imad Khannouss,55.92069,22.632454,55.92069,4,medium_research_only,SAME_ROLE_ONLY;RESEARCH_ONLY;SAMPLE_TOO_SMALL_LOCAL_11_MATCHES_NOT_PRODUCTION_READY,True,False
CF,155347,Ayoub Mouloua,363450,Youssef Riani,70.756634,19.002471,70.756634,4,medium_research_only,SAME_ROLE_ONLY;RESEARCH_ONLY;SAMPLE_TOO_SMALL_LOCAL_11_MATCHES_NOT_PRODUCTION_READY,True,False
CF,155347,Ayoub Mouloua,380596,Alí El Harrak El Harrak,75.185493,14.51698,75.185493,4,medium_research_only,SAME_ROLE_ONLY;RESEARCH_ONLY;SAMPLE_TOO_SMALL_LOCAL_11_MATCHES_NOT_PRODUCTION_READY,True,False
CF,155347,Ayoub Mouloua,393385,Nawfal Chninak,92.361008,14.011906,92.361008,4,medium_research_only,SAME_ROLE_ONLY;RESEARCH_ONLY;SAMPLE_TOO_SMALL_LOCAL_11_MATCHES_NOT_PRODUCTION_READY,True,False
CF,155347,Ayoub Mouloua,406860,Abdelaziz El Hamzaoui,68.539708,15.588759,68.539708,4,medium_research_only,SAME_ROLE_ONLY;RESEARCH_ONLY;SAMPLE_TOO_SMALL_LOCAL_11_MATCHES_NOT_PRODUCTION_READY,True,False
CF,155347,Ayoub Mouloua,409301,Jawad Ghabra,60.115738,25.456377,60.115738,4,medium_research_only,SAME_ROLE_ONLY;RESEARCH_ONLY;SAMPLE_TOO_SMALL_LOCAL_11_MATCHES_NOT_PRODUCTION_READY,True,False
CF,155347,Ayoub Mouloua,416299,Mohamed Amine Katiba,78.726357,15.261827,78.726357,4,medium_research_only,SAME_ROLE_ONLY;RESEARCH_ONLY;SAMPLE_TOO_SMALL_LOCAL_11_MATCHES_NOT_PRODUCTION_READY,True,False
CF,155347,Ayoub Mouloua,442295,Reda Abardi,60.416034,15.93459,60.416034,4,medium_research_only,SAME_ROLE_ONLY;RESEARCH_ONLY;SAMPLE_TOO_SMALL_LOCAL_11_MATCHES_NOT_PRODUCTION_READY,True,False
CF,155347,Ayoub Mouloua,453613,Baba Bello Ilou,52.647278,33.408296,52.647278,4,medium_research_only,SAME_ROLE_ONLY;RESEARCH_ONLY;SAMPLE_TOO_SMALL_LOCAL_11_MATCHES_NOT_PRODUCTION_READY,True,False
CF,155347,Ayoub Mouloua,462167,Livty Kpolo,58.612481,16.554071,58.612481,4,medium_research_only,SAME_ROLE_ONLY;RESEARCH_ONLY;SAMPLE_TOO_SMALL_LOCAL_11_MATCHES_NOT_PRODUCTION_READY,True,False
CF,155347,Ayoub Mouloua,477684,Brahim Amzili,68.648473,15.117617,68.648473,4,medium_research_only,SAME_ROLE_ONLY;RESEARCH_ONLY;SAMPLE_TOO_SMALL_LOCAL_11_MATCHES_NOT_PRODUCTION_READY,True,False
CF,155347,Ayoub Mouloua,503286,Mehdi Balouk,72.705477,14.772818,72.705477,4,medium_research_only,SAME_ROLE_ONLY;RESEARCH_ONLY;SAMPLE_TOO_SMALL_LOCAL_11_MATCHES_NOT_PRODUCTION_READY,True,False
CF,155347,Ayoub Mouloua,522339,Souleymane Cissé,53.780628,35.902134,53.780628,4,medium_research_only,SAME_ROLE_ONLY;RESEARCH_ONLY;SAMPLE_TOO_SMALL_LOCAL_11_MATCHES_NOT_PRODUCTION_READY,True,False
CF,155347,Ayoub Mouloua,522342,Younes El Bahraoui,71.722588,16.10136,71.722588,4,medium_research_only,SAME_ROLE_ONLY;RESEARCH_ONLY;SAMPLE_TOO_SMALL_LOCAL_11_MATCHES_NOT_PRODUCTION_READY,True,False
CF,155347,Ayoub Mouloua,523311,Anas Jabroun,59.015943,25.154863,59.015943,4,medium_research_only,SAME_ROLE_ONLY;RESEARCH_ONLY;SAMPLE_TOO_SMALL_LOCAL_11_MATCHES_NOT_PRODUCTION_READY,True,False
CF,155347,Ayoub Mouloua,524001,Nasreddine Moustaghfir,53.589298,95.802892,53.589298,4,medium_research_only,SAME_ROLE_ONLY;RESEARCH_ONLY;SAMPLE_TOO_SMALL_LOCAL_11_MATCHES_NOT_PRODUCTION_READY,True,False
CF,155347,Ayoub Mouloua,524246,Youness El Kaabi,54.27409,52.461251,54.27409,4,medium_research_only,SAME_ROLE_ONLY;RESEARCH_ONLY;SAMPLE_TOO_SMALL_LOCAL_11_MATCHES_NOT_PRODUCTION_READY,True,False
CF,155347,Ayoub Mouloua,524392,Romuald Dacosta,57.655396,16.419301,57.655396,4,medium_research_only,SAME_ROLE_ONLY;RESEARCH_ONLY;SAMPLE_TOO_SMALL_LOCAL_11_MATCHES_NOT_PRODUCTION_READY,True,False
CF,155705,Soufiane Benjdida,312936,Hamza Hannouri,89.74898,11.835451,89.74898,4,medium_research_only,SAME_ROLE_ONLY;RESEARCH_ONLY;SAMPLE_TOO_SMALL_LOCAL_11_MATCHES_NOT_PRODUCTION_READY,True,False
CF,155705,Soufiane Benjdida,335508,Paul Valère Bassène,60.377453,31.428791,60.377453,4,medium_research_only,SAME_ROLE_ONLY;RESEARCH_ONLY;SAMPLE_TOO_SMALL_LOCAL_11_MATCHES_NOT_PRODUCTION_READY,True,False
CF,155705,Soufiane Benjdida,360406,Imad Khannouss,94.958493,8.524171,94.958493,4,medium_research_only,SAME_ROLE_ONLY;RESEARCH_ONLY;SAMPLE_TOO_SMALL_LOCAL_11_MATCHES_NOT_PRODUCTION_READY,True,False
CF,155705,Soufiane Benjdida,363450,Youssef Riani,97.588047,5.97577,97.588047,4,medium_research_only,SAME_ROLE_ONLY;RESEARCH_ONLY;SAMPLE_TOO_SMALL_LOCAL_11_MATCHES_NOT_PRODUCTION_READY,True,False
CF,155705,Soufiane Benjdida,380596,Alí El Harrak El Harrak,96.727397,9.451875,96.727397,4,medium_research_only,SAME_ROLE_ONLY;RESEARCH_ONLY;SAMPLE_TOO_SMALL_LOCAL_11_MATCHES_NOT_PRODUCTION_READY,True,False
CF,155705,Soufiane Benjdida,393385,Nawfal Chninak,80.593458,17.904331,80.593458,4,medium_research_only,SAME_ROLE_ONLY;RESEARCH_ONLY;SAMPLE_TOO_SMALL_LOCAL_11_MATCHES_NOT_PRODUCTION_READY,True,False
CF,155705,Soufiane Benjdida,406860,Abdelaziz El Hamzaoui,90.449176,17.673392,90.449176,4,medium_research_only,SAME_ROLE_ONLY;RESEARCH_ONLY;SAMPLE_TOO_SMALL_LOCAL_11_MATCHES_NOT_PRODUCTION_READY,True,False
CF,155705,Soufiane Benjdida,409301,Jawad Ghabra,97.539614,7.598368,97.539614,4,medium_research_only,SAME_ROLE_ONLY;RESEARCH_ONLY;SAMPLE_TOO_SMALL_LOCAL_11_MATCHES_NOT_PRODUCTION_READY,True,False
CF,155705,Soufiane Benjdida,416299,Mohamed Amine Katiba,80.622092,18.349969,80.622092,4,medium_research_only,SAME_ROLE_ONLY;RESEARCH_ONLY;SAMPLE_TOO_SMALL_LOCAL_11_MATCHES_NOT_PRODUCTION_READY,True,False
CF,155705,Soufiane Benjdida,442295,Reda Abardi,90.726579,16.957755,90.726579,4,medium_research_only,SAME_ROLE_ONLY;RESEARCH_ONLY;SAMPLE_TOO_SMALL_LOCAL_11_MATCHES_NOT_PRODUCTION_READY,True,False
CF,155705,Soufiane Benjdida,453613,Baba Bello Ilou,92.266814,17.10838,92.266814,4,medium_research_only,SAME_ROLE_ONLY;RESEARCH_ONLY;SAMPLE_TOO_SMALL_LOCAL_11_MATCHES_NOT_PRODUCTION_READY,True,False
CF,155705,Soufiane Benjdida,462167,Livty Kpolo,89.593886,14.644524,89.593886,4,medium_research_only,SAME_ROLE_ONLY;RESEARCH_ONLY;SAMPLE_TOO_SMALL_LOCAL_11_MATCHES_NOT_PRODUCTION_READY,True,False
CF,155705,Soufiane Benjdida,477684,Brahim Amzili,98.23649,13.93975,98.23649,4,medium_research_only,SAME_ROLE_ONLY;RESEARCH_ONLY;SAMPLE_TOO_SMALL_LOCAL_11_MATCHES_NOT_PRODUCTION_READY,True,False
CF,155705,Soufiane Benjdida,503286,Mehdi Balouk,96.229572,10.802799,96.229572,4,medium_research_only,SAME_ROLE_ONLY;RESEARCH_ONLY;SAMPLE_TOO_SMALL_LOCAL_11_MATCHES_NOT_PRODUCTION_READY,True,False
CF,155705,Soufiane Benjdida,522339,Souleymane Cissé,98.342171,15.256381,98.342171,4,medium_research_only,SAME_ROLE_ONLY;RESEARCH_ONLY;SAMPLE_TOO_SMALL_LOCAL_11_MATCHES_NOT_PRODUCTION_READY,True,False
CF,155705,Soufiane Benjdida,522342,Younes El Bahraoui,94.988904,9.312254,94.988904,4,medium_research_only,SAME_ROLE_ONLY;RESEARCH_ONLY;SAMPLE_TOO_SMALL_LOCAL_11_MATCHES_NOT_PRODUCTION_READY,True,False
CF,155705,Soufiane Benjdida,523311,Anas Jabroun,98.340263,6.085017,98.340263,4,medium_research_only,SAME_ROLE_ONLY;RESEARCH_ONLY;SAMPLE_TOO_SMALL_LOCAL_11_MATCHES_NOT_PRODUCTION_READY,True,False
CF,155705,Soufiane Benjdida,524001,Nasreddine Moustaghfir,94.148837,78.922936,94.148837,4,medium_research_only,SAME_ROLE_ONLY;RESEARCH_ONLY;SAMPLE_TOO_SMALL_LOCAL_11_MATCHES_NOT_PRODUCTION_READY,True,False
CF,155705,Soufiane Benjdida,524246,Youness El Kaabi,98.282935,32.86903,98.282935,4,medium_research_only,SAME_ROLE_ONLY;RESEARCH_ONLY;SAMPLE_TOO_SMALL_LOCAL_11_MATCHES_NOT_PRODUCTION_READY,True,False
CF,155705,Soufiane Benjdida,524392,Romuald Dacosta,90.578679,15.199245,90.578679,4,medium_research_only,SAME_ROLE_ONLY;RESEARCH_ONLY;SAMPLE_TOO_SMALL_LOCAL_11_MATCHES_NOT_PRODUCTION_READY,True,False
CF,312936,Hamza Hannouri,335508,Paul Valère Bassène,82.966075,22.276742,82.966075,4,medium_research_only,SAME_ROLE_ONLY;RESEARCH_ONLY;SAMPLE_TOO_SMALL_LOCAL_11_MATCHES_NOT_PRODUCTION_READY,True,False
CF,312936,Hamza Hannouri,360406,Imad Khannouss,91.035825,10.146974,91.035825,4,medium_research_only,SAME_ROLE_ONLY;RESEARCH_ONLY;SAMPLE_TOO_SMALL_LOCAL_11_MATCHES_NOT_PRODUCTION_READY,True,False
CF,312936,Hamza Hannouri,363450,Youssef Riani,96.596084,7.267678,96.596084,4,medium_research_only,SAME_ROLE_ONLY;RESEARCH_ONLY;SAMPLE_TOO_SMALL_LOCAL_11_MATCHES_NOT_PRODUCTION_READY,True,False
CF,312936,Hamza Hannouri,380596,Alí El Harrak El Harrak,96.704931,5.62421,96.704931,4,medium_research_only,SAME_ROLE_ONLY;RESEARCH_ONLY;SAMPLE_TOO_SMALL_LOCAL_11_MATCHES_NOT_PRODUCTION_READY,True,False
CF,312936,Hamza Hannouri,393385,Nawfal Chninak,97.784422,12.099927,97.784422,4,medium_research_only,SAME_ROLE_ONLY;RESEARCH_ONLY;SAMPLE_TOO_SMALL_LOCAL_11_MATCHES_NOT_PRODUCTION_READY,True,False
CF,312936,Hamza Hannouri,406860,Abdelaziz El Hamzaoui,96.532752,12.632141,96.532752,4,medium_research_only,SAME_ROLE_ONLY;RESEARCH_ONLY;SAMPLE_TOO_SMALL_LOCAL_11_MATCHES_NOT_PRODUCTION_READY,True,False
CF,312936,Hamza Hannouri,409301,Jawad Ghabra,92.837831,12.969577,92.837831,4,medium_research_only,SAME_ROLE_ONLY;RESEARCH_ONLY;SAMPLE_TOO_SMALL_LOCAL_11_MATCHES_NOT_PRODUCTION_READY,True,False
CF,312936,Hamza Hannouri,416299,Mohamed Amine Katiba,83.030983,13.531309,83.030983,4,medium_research_only,SAME_ROLE_ONLY;RESEARCH_ONLY;SAMPLE_TOO_SMALL_LOCAL_11_MATCHES_NOT_PRODUCTION_READY,True,False
CF,312936,Hamza Hannouri,442295,Reda Abardi,92.974562,12.082962,92.974562,4,medium_research_only,SAME_ROLE_ONLY;RESEARCH_ONLY;SAMPLE_TOO_SMALL_LOCAL_11_MATCHES_NOT_PRODUCTION_READY,True,False
CF,312936,Hamza Hannouri,453613,Baba Bello Ilou,71.798341,27.086327,71.798341,4,medium_research_only,SAME_ROLE_ONLY;RESEARCH_ONLY;SAMPLE_TOO_SMALL_LOCAL_11_MATCHES_NOT_PRODUCTION_READY,True,False
CF,312936,Hamza Hannouri,462167,Livty Kpolo,91.78996,9.748467,91.78996,4,medium_research_only,SAME_ROLE_ONLY;RESEARCH_ONLY;SAMPLE_TOO_SMALL_LOCAL_11_MATCHES_NOT_PRODUCTION_READY,True,False
CF,312936,Hamza Hannouri,477684,Brahim Amzili,94.551079,9.903599,94.551079,4,medium_research_only,SAME_ROLE_ONLY;RESEARCH_ONLY;SAMPLE_TOO_SMALL_LOCAL_11_MATCHES_NOT_PRODUCTION_READY,True,False
CF,312936,Hamza Hannouri,503286,Mehdi Balouk,90.110947,8.951839,90.110947,4,medium_research_only,SAME_ROLE_ONLY;RESEARCH_ONLY;SAMPLE_TOO_SMALL_LOCAL_11_MATCHES_NOT_PRODUCTION_READY,True,False
CF,312936,Hamza Hannouri,522339,Souleymane Cissé,81.474246,26.567873,81.474246,4,medium_research_only,SAME_ROLE_ONLY;RESEARCH_ONLY;SAMPLE_TOO_SMALL_LOCAL_11_MATCHES_NOT_PRODUCTION_READY,True,False
CF,312936,Hamza Hannouri,522342,Younes El Bahraoui,87.400086,10.139892,87.400086,4,medium_research_only,SAME_ROLE_ONLY;RESEARCH_ONLY;SAMPLE_TOO_SMALL_LOCAL_11_MATCHES_NOT_PRODUCTION_READY,True,False
CF,312936,Hamza Hannouri,523311,Anas Jabroun,91.296124,13.123729,91.296124,4,medium_research_only,SAME_ROLE_ONLY;RESEARCH_ONLY;SAMPLE_TOO_SMALL_LOCAL_11_MATCHES_NOT_PRODUCTION_READY,True,False
CF,312936,Hamza Hannouri,524001,Nasreddine Moustaghfir,74.353482,89.340435,74.353482,4,medium_research_only,SAME_ROLE_ONLY;RESEARCH_ONLY;SAMPLE_TOO_SMALL_LOCAL_11_MATCHES_NOT_PRODUCTION_READY,True,False
CF,312936,Hamza Hannouri,524246,Youness El Kaabi,83.621746,42.786532,83.621746,4,medium_research_only,SAME_ROLE_ONLY;RESEARCH_ONLY;SAMPLE_TOO_SMALL_LOCAL_11_MATCHES_NOT_PRODUCTION_READY,True,False
CF,312936,Hamza Hannouri,524392,Romuald Dacosta,91.524393,10.4757,91.524393,4,medium_research_only,SAME_ROLE_ONLY;RESEARCH_ONLY;SAMPLE_TOO_SMALL_LOCAL_11_MATCHES_NOT_PRODUCTION_READY,True,False
CF,335508,Paul Valère Bassène,360406,Imad Khannouss,55.591667,32.301199,55.591667,4,medium_research_only,SAME_ROLE_ONLY;RESEARCH_ONLY;SAMPLE_TOO_SMALL_LOCAL_11_MATCHES_NOT_PRODUCTION_READY,True,False
CF,335508,Paul Valère Bassène,363450,Youssef Riani,70.313105,27.407938,70.313105,4,medium_research_only,SAME_ROLE_ONLY;RESEARCH_ONLY;SAMPLE_TOO_SMALL_LOCAL_11_MATCHES_NOT_PRODUCTION_READY,True,False
CF,335508,Paul Valère Bassène,380596,Alí El Harrak El Harrak,74.703243,25.380337,74.703243,4,medium_research_only,SAME_ROLE_ONLY;RESEARCH_ONLY;SAMPLE_TOO_SMALL_LOCAL_11_MATCHES_NOT_PRODUCTION_READY,True,False
CF,335508,Paul Valère Bassène,393385,Nawfal Chninak,92.185781,26.735068,92.185781,4,medium_research_only,SAME_ROLE_ONLY;RESEARCH_ONLY;SAMPLE_TOO_SMALL_LOCAL_11_MATCHES_NOT_PRODUCTION_READY,True,False
CF,335508,Paul Valère Bassène,406860,Abdelaziz El Hamzaoui,68.297222,28.284601,68.297222,4,medium_research_only,SAME_ROLE_ONLY;RESEARCH_ONLY;SAMPLE_TOO_SMALL_LOCAL_11_MATCHES_NOT_PRODUCTION_READY,True,False
CF,335508,Paul Valère Bassène,409301,Jawad Ghabra,59.699489,33.434188,59.699489,4,medium_research_only,SAME_ROLE_ONLY;RESEARCH_ONLY;SAMPLE_TOO_SMALL_LOCAL_11_MATCHES_NOT_PRODUCTION_READY,True,False
CF,335508,Paul Valère Bassène,416299,Mohamed Amine Katiba,78.016371,28.002655,78.016371,4,medium_research_only,SAME_ROLE_ONLY;RESEARCH_ONLY;SAMPLE_TOO_SMALL_LOCAL_11_MATCHES_NOT_PRODUCTION_READY,True,False
CF,335508,Paul Valère Bassène,442295,Reda Abardi,60.15662,28.562068,60.15662,4,medium_research_only,SAME_ROLE_ONLY;RESEARCH_ONLY;SAMPLE_TOO_SMALL_LOCAL_11_MATCHES_NOT_PRODUCTION_READY,True,False
CF,335508,Paul Valère Bassène,453613,Baba Bello Ilou,52.033291,40.926201,52.033291,4,medium_research_only,SAME_ROLE_ONLY;RESEARCH_ONLY;SAMPLE_TOO_SMALL_LOCAL_11_MATCHES_NOT_PRODUCTION_READY,True,False
CF,335508,Paul Valère Bassène,462167,Livty Kpolo,58.401403,28.697019,58.401403,4,medium_research_only,SAME_ROLE_ONLY;RESEARCH_ONLY;SAMPLE_TOO_SMALL_LOCAL_11_MATCHES_NOT_PRODUCTION_READY,True,False
CF,335508,Paul Valère Bassène,477684,Brahim Amzili,68.12519,27.471659,68.12519,4,medium_research_only,SAME_ROLE_ONLY;RESEARCH_ONLY;SAMPLE_TOO_SMALL_LOCAL_11_MATCHES_NOT_PRODUCTION_READY,True,False
CF,335508,Paul Valère Bassène,503286,Mehdi Balouk,72.113904,26.18511,72.113904,4,medium_research_only,SAME_ROLE_ONLY;RESEARCH_ONLY;SAMPLE_TOO_SMALL_LOCAL_11_MATCHES_NOT_PRODUCTION_READY,True,False
CF,335508,Paul Valère Bassène,522339,Souleymane Cissé,53.308138,42.674092,53.308138,4,medium_research_only,SAME_ROLE_ONLY;RESEARCH_ONLY;SAMPLE_TOO_SMALL_LOCAL_11_MATCHES_NOT_PRODUCTION_READY,True,False
CF,335508,Paul Valère Bassène,522342,Younes El Bahraoui,71.098677,26.368678,71.098677,4,medium_research_only,SAME_ROLE_ONLY;RESEARCH_ONLY;SAMPLE_TOO_SMALL_LOCAL_11_MATCHES_NOT_PRODUCTION_READY,True,False
CF,335508,Paul Valère Bassène,523311,Anas Jabroun,58.515278,33.482212,58.515278,4,medium_research_only,SAME_ROLE_ONLY;RESEARCH_ONLY;SAMPLE_TOO_SMALL_LOCAL_11_MATCHES_NOT_PRODUCTION_READY,True,False
CF,335508,Paul Valère Bassène,524001,Nasreddine Moustaghfir,53.055875,98.185671,53.055875,4,medium_research_only,SAME_ROLE_ONLY;RESEARCH_ONLY;SAMPLE_TOO_SMALL_LOCAL_11_MATCHES_NOT_PRODUCTION_READY,True,False
CF,335508,Paul Valère Bassène,524246,Youness El Kaabi,53.646455,57.059313,53.646455,4,medium_research_only,SAME_ROLE_ONLY;RESEARCH_ONLY;SAMPLE_TOO_SMALL_LOCAL_11_MATCHES_NOT_PRODUCTION_READY,True,False
CF,335508,Paul Valère Bassène,524392,Romuald Dacosta,57.391,28.757313,57.391,4,medium_research_only,SAME_ROLE_ONLY;RESEARCH_ONLY;SAMPLE_TOO_SMALL_LOCAL_11_MATCHES_NOT_PRODUCTION_READY,True,False
CF,360406,Imad Khannouss,363450,Youssef Riani,96.234714,7.120465,96.234714,4,medium_research_only,SAME_ROLE_ONLY;RESEARCH_ONLY;SAMPLE_TOO_SMALL_LOCAL_11_MATCHES_NOT_PRODUCTION_READY,True,False
CF,360406,Imad Khannouss,380596,Alí El Harrak El Harrak,93.053095,9.692943,93.053095,4,medium_research_only,SAME_ROLE_ONLY;RESEARCH_ONLY;SAMPLE_TOO_SMALL_LOCAL_11_MATCHES_NOT_PRODUCTION_READY,True,False
CF,360406,Imad Khannouss,393385,Nawfal Chninak,81.028953,16.179098,81.028953,4,medium_research_only,SAME_ROLE_ONLY;RESEARCH_ONLY;SAMPLE_TOO_SMALL_LOCAL_11_MATCHES_NOT_PRODUCTION_READY,True,False
CF,360406,Imad Khannouss,406860,Abdelaziz El Hamzaoui,97.477904,15.604469,97.477904,4,medium_research_only,SAME_ROLE_ONLY;RESEARCH_ONLY;SAMPLE_TOO_SMALL_LOCAL_11_MATCHES_NOT_PRODUCTION_READY,True,False
CF,360406,Imad Khannouss,409301,Jawad Ghabra,99.305399,6.348231,99.305399,4,medium_research_only,SAME_ROLE_ONLY;RESEARCH_ONLY;SAMPLE_TOO_SMALL_LOCAL_11_MATCHES_NOT_PRODUCTION_READY,True,False
CF,360406,Imad Khannouss,416299,Mohamed Amine Katiba,72.156785,16.989412,72.156785,4,medium_research_only,SAME_ROLE_ONLY;RESEARCH_ONLY;SAMPLE_TOO_SMALL_LOCAL_11_MATCHES_NOT_PRODUCTION_READY,True,False
CF,360406,Imad Khannouss,442295,Reda Abardi,98.951195,14.62846,98.951195,4,medium_research_only,SAME_ROLE_ONLY;RESEARCH_ONLY;SAMPLE_TOO_SMALL_LOCAL_11_MATCHES_NOT_PRODUCTION_READY,True,False
CF,360406,Imad Khannouss,453613,Baba Bello Ilou,77.748709,25.014824,77.748709,4,medium_research_only,SAME_ROLE_ONLY;RESEARCH_ONLY;SAMPLE_TOO_SMALL_LOCAL_11_MATCHES_NOT_PRODUCTION_READY,True,False
CF,360406,Imad Khannouss,462167,Livty Kpolo,98.732016,11.1684,98.732016,4,medium_research_only,SAME_ROLE_ONLY;RESEARCH_ONLY;SAMPLE_TOO_SMALL_LOCAL_11_MATCHES_NOT_PRODUCTION_READY,True,False
CF,360406,Imad Khannouss,477684,Brahim Amzili,95.197785,12.74154,95.197785,4,medium_research_only,SAME_ROLE_ONLY;RESEARCH_ONLY;SAMPLE_TOO_SMALL_LOCAL_11_MATCHES_NOT_PRODUCTION_READY,True,False
CF,360406,Imad Khannouss,503286,Mehdi Balouk,86.444429,12.474699,86.444429,4,medium_research_only,SAME_ROLE_ONLY;RESEARCH_ONLY;SAMPLE_TOO_SMALL_LOCAL_11_MATCHES_NOT_PRODUCTION_READY,True,False
CF,360406,Imad Khannouss,522339,Souleymane Cissé,89.56755,22.053339,89.56755,4,medium_research_only,SAME_ROLE_ONLY;RESEARCH_ONLY;SAMPLE_TOO_SMALL_LOCAL_11_MATCHES_NOT_PRODUCTION_READY,True,False
CF,360406,Imad Khannouss,522342,Younes El Bahraoui,83.650028,13.251413,83.650028,4,medium_research_only,SAME_ROLE_ONLY;RESEARCH_ONLY;SAMPLE_TOO_SMALL_LOCAL_11_MATCHES_NOT_PRODUCTION_READY,True,False
CF,360406,Imad Khannouss,523311,Anas Jabroun,98.171384,7.063306,98.171384,4,medium_research_only,SAME_ROLE_ONLY;RESEARCH_ONLY;SAMPLE_TOO_SMALL_LOCAL_11_MATCHES_NOT_PRODUCTION_READY,True,False
CF,360406,Imad Khannouss,524001,Nasreddine Moustaghfir,80.42607,85.941378,80.42607,4,medium_research_only,SAME_ROLE_ONLY;RESEARCH_ONLY;SAMPLE_TOO_SMALL_LOCAL_11_MATCHES_NOT_PRODUCTION_READY,True,False
CF,360406,Imad Khannouss,524246,Youness El Kaabi,91.873826,37.678951,91.873826,4,medium_research_only,SAME_ROLE_ONLY;RESEARCH_ONLY;SAMPLE_TOO_SMALL_LOCAL_11_MATCHES_NOT_PRODUCTION_READY,True,False
CF,360406,Imad Khannouss,524392,Romuald Dacosta,99.133364,12.181237,99.133364,4,medium_research_only,SAME_ROLE_ONLY;RESEARCH_ONLY;SAMPLE_TOO_SMALL_LOCAL_11_MATCHES_NOT_PRODUCTION_READY,True,False
CF,363450,Youssef Riani,380596,Alí El Harrak El Harrak,99.483578,7.209808,99.483578,4,medium_research_only,SAME_ROLE_ONLY;RESEARCH_ONLY;SAMPLE_TOO_SMALL_LOCAL_11_MATCHES_NOT_PRODUCTION_READY,True,False
CF,363450,Youssef Riani,393385,Nawfal Chninak,90.089574,16.508683,90.089574,4,medium_research_only,SAME_ROLE_ONLY;RESEARCH_ONLY;SAMPLE_TOO_SMALL_LOCAL_11_MATCHES_NOT_PRODUCTION_READY,True,False
CF,363450,Youssef Riani,406860,Abdelaziz El Hamzaoui,96.210325,16.566549,96.210325,4,medium_research_only,SAME_ROLE_ONLY;RESEARCH_ONLY;SAMPLE_TOO_SMALL_LOCAL_11_MATCHES_NOT_PRODUCTION_READY,True,False
CF,363450,Youssef Riani,409301,Jawad Ghabra,98.509258,6.765877,98.509258,4,medium_research_only,SAME_ROLE_ONLY;RESEARCH_ONLY;SAMPLE_TOO_SMALL_LOCAL_11_MATCHES_NOT_PRODUCTION_READY,True,False
CF,363450,Youssef Riani,416299,Mohamed Amine Katiba,85.260538,17.345563,85.260538,4,medium_research_only,SAME_ROLE_ONLY;RESEARCH_ONLY;SAMPLE_TOO_SMALL_LOCAL_11_MATCHES_NOT_PRODUCTION_READY,True,False
CF,363450,Youssef Riani,442295,Reda Abardi,94.973139,15.829272,94.973139,4,medium_research_only,SAME_ROLE_ONLY;RESEARCH_ONLY;SAMPLE_TOO_SMALL_LOCAL_11_MATCHES_NOT_PRODUCTION_READY,True,False
CF,363450,Youssef Riani,453613,Baba Bello Ilou,84.423382,21.882881,84.423382,4,medium_research_only,SAME_ROLE_ONLY;RESEARCH_ONLY;SAMPLE_TOO_SMALL_LOCAL_11_MATCHES_NOT_PRODUCTION_READY,True,False
CF,363450,Youssef Riani,462167,Livty Kpolo,93.634763,13.096923,93.634763,4,medium_research_only,SAME_ROLE_ONLY;RESEARCH_ONLY;SAMPLE_TOO_SMALL_LOCAL_11_MATCHES_NOT_PRODUCTION_READY,True,False
CF,363450,Youssef Riani,477684,Brahim Amzili,99.634915,12.896188,99.634915,4,medium_research_only,SAME_ROLE_ONLY;RESEARCH_ONLY;SAMPLE_TOO_SMALL_LOCAL_11_MATCHES_NOT_PRODUCTION_READY,True,False
CF,363450,Youssef Riani,503286,Mehdi Balouk,95.833809,10.193739,95.833809,4,medium_research_only,SAME_ROLE_ONLY;RESEARCH_ONLY;SAMPLE_TOO_SMALL_LOCAL_11_MATCHES_NOT_PRODUCTION_READY,True,False
CF,363450,Youssef Riani,522339,Souleymane Cissé,92.19947,20.161837,92.19947,4,medium_research_only,SAME_ROLE_ONLY;RESEARCH_ONLY;SAMPLE_TOO_SMALL_LOCAL_11_MATCHES_NOT_PRODUCTION_READY,True,False
CF,363450,Youssef Riani,522342,Younes El Bahraoui,93.857904,9.344064,93.857904,4,medium_research_only,SAME_ROLE_ONLY;RESEARCH_ONLY;SAMPLE_TOO_SMALL_LOCAL_11_MATCHES_NOT_PRODUCTION_READY,True,False
CF,363450,Youssef Riani,523311,Anas Jabroun,98.45471,6.263902,98.45471,4,medium_research_only,SAME_ROLE_ONLY;RESEARCH_ONLY;SAMPLE_TOO_SMALL_LOCAL_11_MATCHES_NOT_PRODUCTION_READY,True,False
CF,363450,Youssef Riani,524001,Nasreddine Moustaghfir,86.214127,83.074309,86.214127,4,medium_research_only,SAME_ROLE_ONLY;RESEARCH_ONLY;SAMPLE_TOO_SMALL_LOCAL_11_MATCHES_NOT_PRODUCTION_READY,True,False
CF,363450,Youssef Riani,524246,Youness El Kaabi,94.621597,35.6391,94.621597,4,medium_research_only,SAME_ROLE_ONLY;RESEARCH_ONLY;SAMPLE_TOO_SMALL_LOCAL_11_MATCHES_NOT_PRODUCTION_READY,True,False
CF,363450,Youssef Riani,524392,Romuald Dacosta,94.292969,13.843471,94.292969,4,medium_research_only,SAME_ROLE_ONLY;RESEARCH_ONLY;SAMPLE_TOO_SMALL_LOCAL_11_MATCHES_NOT_PRODUCTION_READY,True,False
CF,380596,Alí El Harrak El Harrak,393385,Nawfal Chninak,91.720601,9.56949,91.720601,4,medium_research_only,SAME_ROLE_ONLY;RESEARCH_ONLY;SAMPLE_TOO_SMALL_LOCAL_11_MATCHES_NOT_PRODUCTION_READY,True,False
CF,380596,Alí El Harrak El Harrak,406860,Abdelaziz El Hamzaoui,93.886392,9.822836,93.886392,4,medium_research_only,SAME_ROLE_ONLY;RESEARCH_ONLY;SAMPLE_TOO_SMALL_LOCAL_11_MATCHES_NOT_PRODUCTION_READY,True,False
CF,380596,Alí El Harrak El Harrak,409301,Jawad Ghabra,96.382151,12.983064,96.382151,4,medium_research_only,SAME_ROLE_ONLY;RESEARCH_ONLY;SAMPLE_TOO_SMALL_LOCAL_11_MATCHES_NOT_PRODUCTION_READY,True,False
CF,380596,Alí El Harrak El Harrak,416299,Mohamed Amine Katiba,89.219461,10.31992,89.219461,4,medium_research_only,SAME_ROLE_ONLY;RESEARCH_ONLY;SAMPLE_TOO_SMALL_LOCAL_11_MATCHES_NOT_PRODUCTION_READY,True,False
CF,380596,Alí El Harrak El Harrak,442295,Reda Abardi,91.74283,9.256651,91.74283,4,medium_research_only,SAME_ROLE_ONLY;RESEARCH_ONLY;SAMPLE_TOO_SMALL_LOCAL_11_MATCHES_NOT_PRODUCTION_READY,True,False
CF,380596,Alí El Harrak El Harrak,453613,Baba Bello Ilou,85.754405,23.13911,85.754405,4,medium_research_only,SAME_ROLE_ONLY;RESEARCH_ONLY;SAMPLE_TOO_SMALL_LOCAL_11_MATCHES_NOT_PRODUCTION_READY,True,False
CF,380596,Alí El Harrak El Harrak,462167,Livty Kpolo,90.003023,7.504088,90.003023,4,medium_research_only,SAME_ROLE_ONLY;RESEARCH_ONLY;SAMPLE_TOO_SMALL_LOCAL_11_MATCHES_NOT_PRODUCTION_READY,True,False
CF,380596,Alí El Harrak El Harrak,477684,Brahim Amzili,99.466281,6.068125,99.466281,4,medium_research_only,SAME_ROLE_ONLY;RESEARCH_ONLY;SAMPLE_TOO_SMALL_LOCAL_11_MATCHES_NOT_PRODUCTION_READY,True,False
CF,380596,Alí El Harrak El Harrak,503286,Mehdi Balouk,97.672874,3.706205,97.672874,4,medium_research_only,SAME_ROLE_ONLY;RESEARCH_ONLY;SAMPLE_TOO_SMALL_LOCAL_11_MATCHES_NOT_PRODUCTION_READY,True,False
CF,380596,Alí El Harrak El Harrak,522339,Souleymane Cissé,91.540445,24.368835,91.540445,4,medium_research_only,SAME_ROLE_ONLY;RESEARCH_ONLY;SAMPLE_TOO_SMALL_LOCAL_11_MATCHES_NOT_PRODUCTION_READY,True,False
CF,380596,Alí El Harrak El Harrak,522342,Younes El Bahraoui,96.117323,5.367829,96.117323,4,medium_research_only,SAME_ROLE_ONLY;RESEARCH_ONLY;SAMPLE_TOO_SMALL_LOCAL_11_MATCHES_NOT_PRODUCTION_READY,True,False
CF,380596,Alí El Harrak El Harrak,523311,Anas Jabroun,96.814098,12.042247,96.814098,4,medium_research_only,SAME_ROLE_ONLY;RESEARCH_ONLY;SAMPLE_TOO_SMALL_LOCAL_11_MATCHES_NOT_PRODUCTION_READY,True,False
CF,380596,Alí El Harrak El Harrak,524001,Nasreddine Moustaghfir,87.025543,87.229637,87.025543,4,medium_research_only,SAME_ROLE_ONLY;RESEARCH_ONLY;SAMPLE_TOO_SMALL_LOCAL_11_MATCHES_NOT_PRODUCTION_READY,True,False
CF,380596,Alí El Harrak El Harrak,524246,Youness El Kaabi,94.149446,41.260604,94.149446,4,medium_research_only,SAME_ROLE_ONLY;RESEARCH_ONLY;SAMPLE_TOO_SMALL_LOCAL_11_MATCHES_NOT_PRODUCTION_READY,True,False
CF,380596,Alí El Harrak El Harrak,524392,Romuald Dacosta,90.787161,7.833195,90.787161,4,medium_research_only,SAME_ROLE_ONLY;RESEARCH_ONLY;SAMPLE_TOO_SMALL_LOCAL_11_MATCHES_NOT_PRODUCTION_READY,True,False
CF,393385,Nawfal Chninak,406860,Abdelaziz El Hamzaoui,90.309666,1.646703,90.309666,4,medium_research_only,SAME_ROLE_ONLY;RESEARCH_ONLY;SAMPLE_TOO_SMALL_LOCAL_11_MATCHES_NOT_PRODUCTION_READY,True,False
CF,393385,Nawfal Chninak,409301,Jawad Ghabra,83.5778,21.363822,83.5778,4,medium_research_only,SAME_ROLE_ONLY;RESEARCH_ONLY;SAMPLE_TOO_SMALL_LOCAL_11_MATCHES_NOT_PRODUCTION_READY,True,False
CF,393385,Nawfal Chninak,416299,Mohamed Amine Katiba,84.097127,2.035343,84.097127,4,medium_research_only,SAME_ROLE_ONLY;RESEARCH_ONLY;SAMPLE_TOO_SMALL_LOCAL_11_MATCHES_NOT_PRODUCTION_READY,True,False
CF,393385,Nawfal Chninak,442295,Reda Abardi,84.74649,2.374045,84.74649,4,medium_research_only,SAME_ROLE_ONLY;RESEARCH_ONLY;SAMPLE_TOO_SMALL_LOCAL_11_MATCHES_NOT_PRODUCTION_READY,True,False
CF,393385,Nawfal Chninak,453613,Baba Bello Ilou,63.799678,29.396361,63.799678,4,medium_research_only,SAME_ROLE_ONLY;RESEARCH_ONLY;SAMPLE_TOO_SMALL_LOCAL_11_MATCHES_NOT_PRODUCTION_READY,True,False
CF,393385,Nawfal Chninak,462167,Livty Kpolo,83.24952,5.432988,83.24952,4,medium_research_only,SAME_ROLE_ONLY;RESEARCH_ONLY;SAMPLE_TOO_SMALL_LOCAL_11_MATCHES_NOT_PRODUCTION_READY,True,False
CF,393385,Nawfal Chninak,477684,Brahim Amzili,87.707613,4.146947,87.707613,4,medium_research_only,SAME_ROLE_ONLY;RESEARCH_ONLY;SAMPLE_TOO_SMALL_LOCAL_11_MATCHES_NOT_PRODUCTION_READY,True,False
CF,393385,Nawfal Chninak,503286,Mehdi Balouk,85.377571,8.413458,85.377571,4,medium_research_only,SAME_ROLE_ONLY;RESEARCH_ONLY;SAMPLE_TOO_SMALL_LOCAL_11_MATCHES_NOT_PRODUCTION_READY,True,False
CF,393385,Nawfal Chninak,522339,Souleymane Cissé,71.361307,32.158617,71.361307,4,medium_research_only,SAME_ROLE_ONLY;RESEARCH_ONLY;SAMPLE_TOO_SMALL_LOCAL_11_MATCHES_NOT_PRODUCTION_READY,True,False
CF,393385,Nawfal Chninak,522342,Younes El Bahraoui,82.957053,12.056226,82.957053,4,medium_research_only,SAME_ROLE_ONLY;RESEARCH_ONLY;SAMPLE_TOO_SMALL_LOCAL_11_MATCHES_NOT_PRODUCTION_READY,True,False
CF,393385,Nawfal Chninak,523311,Anas Jabroun,81.923459,20.663149,81.923459,4,medium_research_only,SAME_ROLE_ONLY;RESEARCH_ONLY;SAMPLE_TOO_SMALL_LOCAL_11_MATCHES_NOT_PRODUCTION_READY,True,False
CF,393385,Nawfal Chninak,524001,Nasreddine Moustaghfir,65.80158,94.741807,65.80158,4,medium_research_only,SAME_ROLE_ONLY;RESEARCH_ONLY;SAMPLE_TOO_SMALL_LOCAL_11_MATCHES_NOT_PRODUCTION_READY,True,False
CF,393385,Nawfal Chninak,524246,Youness El Kaabi,73.910746,50.008909,73.910746,4,medium_research_only,SAME_ROLE_ONLY;RESEARCH_ONLY;SAMPLE_TOO_SMALL_LOCAL_11_MATCHES_NOT_PRODUCTION_READY,True,False
CF,393385,Nawfal Chninak,524392,Romuald Dacosta,82.682286,4.435245,82.682286,4,medium_research_only,SAME_ROLE_ONLY;RESEARCH_ONLY;SAMPLE_TOO_SMALL_LOCAL_11_MATCHES_NOT_PRODUCTION_READY,True,False
CF,406860,Abdelaziz El Hamzaoui,409301,Jawad Ghabra,96.864349,21.00579,96.864349,4,medium_research_only,SAME_ROLE_ONLY;RESEARCH_ONLY;SAMPLE_TOO_SMALL_LOCAL_11_MATCHES_NOT_PRODUCTION_READY,True,False
CF,406860,Abdelaziz El Hamzaoui,416299,Mohamed Amine Katiba,75.18162,2.124124,75.18162,4,medium_research_only,SAME_ROLE_ONLY;RESEARCH_ONLY;SAMPLE_TOO_SMALL_LOCAL_11_MATCHES_NOT_PRODUCTION_READY,True,False
CF,406860,Abdelaziz El Hamzaoui,442295,Reda Abardi,99.278165,1.034359,99.278165,4,medium_research_only,SAME_ROLE_ONLY;RESEARCH_ONLY;SAMPLE_TOO_SMALL_LOCAL_11_MATCHES_NOT_PRODUCTION_READY,True,False
CF,406860,Abdelaziz El Hamzaoui,453613,Baba Bello Ilou,69.12475,29.244602,69.12475,4,medium_research_only,SAME_ROLE_ONLY;RESEARCH_ONLY;SAMPLE_TOO_SMALL_LOCAL_11_MATCHES_NOT_PRODUCTION_READY,True,False
CF,406860,Abdelaziz El Hamzaoui,462167,Livty Kpolo,98.867998,4.661757,98.867998,4,medium_research_only,SAME_ROLE_ONLY;RESEARCH_ONLY;SAMPLE_TOO_SMALL_LOCAL_11_MATCHES_NOT_PRODUCTION_READY,True,False
CF,406860,Abdelaziz El Hamzaoui,477684,Brahim Amzili,94.0216,3.960158,94.0216,4,medium_research_only,SAME_ROLE_ONLY;RESEARCH_ONLY;SAMPLE_TOO_SMALL_LOCAL_11_MATCHES_NOT_PRODUCTION_READY,True,False
CF,406860,Abdelaziz El Hamzaoui,503286,Mehdi Balouk,84.893663,8.709497,84.893663,4,medium_research_only,SAME_ROLE_ONLY;RESEARCH_ONLY;SAMPLE_TOO_SMALL_LOCAL_11_MATCHES_NOT_PRODUCTION_READY,True,False
CF,406860,Abdelaziz El Hamzaoui,522339,Souleymane Cissé,81.98615,31.835326,81.98615,4,medium_research_only,SAME_ROLE_ONLY;RESEARCH_ONLY;SAMPLE_TOO_SMALL_LOCAL_11_MATCHES_NOT_PRODUCTION_READY,True,False
CF,406860,Abdelaziz El Hamzaoui,522342,Younes El Bahraoui,81.543538,12.39302,81.543538,4,medium_research_only,SAME_ROLE_ONLY;RESEARCH_ONLY;SAMPLE_TOO_SMALL_LOCAL_11_MATCHES_NOT_PRODUCTION_READY,True,False
CF,406860,Abdelaziz El Hamzaoui,523311,Anas Jabroun,94.803194,20.305954,94.803194,4,medium_research_only,SAME_ROLE_ONLY;RESEARCH_ONLY;SAMPLE_TOO_SMALL_LOCAL_11_MATCHES_NOT_PRODUCTION_READY,True,False
CF,406860,Abdelaziz El Hamzaoui,524001,Nasreddine Moustaghfir,71.974382,94.602266,71.974382,4,medium_research_only,SAME_ROLE_ONLY;RESEARCH_ONLY;SAMPLE_TOO_SMALL_LOCAL_11_MATCHES_NOT_PRODUCTION_READY,True,False
CF,406860,Abdelaziz El Hamzaoui,524246,Youness El Kaabi,85.338255,49.690903,85.338255,4,medium_research_only,SAME_ROLE_ONLY;RESEARCH_ONLY;SAMPLE_TOO_SMALL_LOCAL_11_MATCHES_NOT_PRODUCTION_READY,True,False
CF,406860,Abdelaziz El Hamzaoui,524392,Romuald Dacosta,98.724515,3.532676,98.724515,4,medium_research_only,SAME_ROLE_ONLY;RESEARCH_ONLY;SAMPLE_TOO_SMALL_LOCAL_11_MATCHES_NOT_PRODUCTION_READY,True,False
CF,409301,Jawad Ghabra,416299,Mohamed Amine Katiba,78.351174,22.093161,78.351174,4,medium_research_only,SAME_ROLE_ONLY;RESEARCH_ONLY;SAMPLE_TOO_SMALL_LOCAL_11_MATCHES_NOT_PRODUCTION_READY,True,False
CF,409301,Jawad Ghabra,442295,Reda Abardi,97.579983,20.100774,97.579983,4,medium_research_only,SAME_ROLE_ONLY;RESEARCH_ONLY;SAMPLE_TOO_SMALL_LOCAL_11_MATCHES_NOT_PRODUCTION_READY,True,False
CF,409301,Jawad Ghabra,453613,Baba Bello Ilou,82.987175,22.818259,82.987175,4,medium_research_only,SAME_ROLE_ONLY;RESEARCH_ONLY;SAMPLE_TOO_SMALL_LOCAL_11_MATCHES_NOT_PRODUCTION_READY,True,False
CF,409301,Jawad Ghabra,462167,Livty Kpolo,96.838821,16.869026,96.838821,4,medium_research_only,SAME_ROLE_ONLY;RESEARCH_ONLY;SAMPLE_TOO_SMALL_LOCAL_11_MATCHES_NOT_PRODUCTION_READY,True,False
CF,409301,Jawad Ghabra,477684,Brahim Amzili,98.081134,17.607565,98.081134,4,medium_research_only,SAME_ROLE_ONLY;RESEARCH_ONLY;SAMPLE_TOO_SMALL_LOCAL_11_MATCHES_NOT_PRODUCTION_READY,True,False
CF,409301,Jawad Ghabra,503286,Mehdi Balouk,91.611248,15.727353,91.611248,4,medium_research_only,SAME_ROLE_ONLY;RESEARCH_ONLY;SAMPLE_TOO_SMALL_LOCAL_11_MATCHES_NOT_PRODUCTION_READY,True,False
CF,409301,Jawad Ghabra,522339,Souleymane Cissé,92.672098,18.10472,92.672098,4,medium_research_only,SAME_ROLE_ONLY;RESEARCH_ONLY;SAMPLE_TOO_SMALL_LOCAL_11_MATCHES_NOT_PRODUCTION_READY,True,False
CF,409301,Jawad Ghabra,522342,Younes El Bahraoui,89.312665,14.979621,89.312665,4,medium_research_only,SAME_ROLE_ONLY;RESEARCH_ONLY;SAMPLE_TOO_SMALL_LOCAL_11_MATCHES_NOT_PRODUCTION_READY,True,False
CF,409301,Jawad Ghabra,523311,Anas Jabroun,99.617992,2.922217,99.617992,4,medium_research_only,SAME_ROLE_ONLY;RESEARCH_ONLY;SAMPLE_TOO_SMALL_LOCAL_11_MATCHES_NOT_PRODUCTION_READY,True,False
CF,409301,Jawad Ghabra,524001,Nasreddine Moustaghfir,85.123909,81.024451,85.123909,4,medium_research_only,SAME_ROLE_ONLY;RESEARCH_ONLY;SAMPLE_TOO_SMALL_LOCAL_11_MATCHES_NOT_PRODUCTION_READY,True,False
CF,409301,Jawad Ghabra,524246,Youness El Kaabi,95.107527,32.006326,95.107527,4,medium_research_only,SAME_ROLE_ONLY;RESEARCH_ONLY;SAMPLE_TOO_SMALL_LOCAL_11_MATCHES_NOT_PRODUCTION_READY,True,False
CF,409301,Jawad Ghabra,524392,Romuald Dacosta,97.527004,17.782477,97.527004,4,medium_research_only,SAME_ROLE_ONLY;RESEARCH_ONLY;SAMPLE_TOO_SMALL_LOCAL_11_MATCHES_NOT_PRODUCTION_READY,True,False
CF,416299,Mohamed Amine Katiba,442295,Reda Abardi,71.533866,2.950416,71.533866,4,medium_research_only,SAME_ROLE_ONLY;RESEARCH_ONLY;SAMPLE_TOO_SMALL_LOCAL_11_MATCHES_NOT_PRODUCTION_READY,True,False
CF,416299,Mohamed Amine Katiba,453613,Baba Bello Ilou,81.10036,28.878767,81.10036,4,medium_research_only,SAME_ROLE_ONLY;RESEARCH_ONLY;SAMPLE_TOO_SMALL_LOCAL_11_MATCHES_NOT_PRODUCTION_READY,True,False
CF,416299,Mohamed Amine Katiba,462167,Livty Kpolo,68.319217,6.418869,68.319217,4,medium_research_only,SAME_ROLE_ONLY;RESEARCH_ONLY;SAMPLE_TOO_SMALL_LOCAL_11_MATCHES_NOT_PRODUCTION_READY,True,False
CF,416299,Mohamed Amine Katiba,477684,Brahim Amzili,87.597739,4.548702,87.597739,4,medium_research_only,SAME_ROLE_ONLY;RESEARCH_ONLY;SAMPLE_TOO_SMALL_LOCAL_11_MATCHES_NOT_PRODUCTION_READY,True,False
CF,416299,Mohamed Amine Katiba,503286,Mehdi Balouk,92.148618,8.581622,92.148618,4,medium_research_only,SAME_ROLE_ONLY;RESEARCH_ONLY;SAMPLE_TOO_SMALL_LOCAL_11_MATCHES_NOT_PRODUCTION_READY,True,False
CF,416299,Mohamed Amine Katiba,522339,Souleymane Cissé,76.294785,32.273309,76.294785,4,medium_research_only,SAME_ROLE_ONLY;RESEARCH_ONLY;SAMPLE_TOO_SMALL_LOCAL_11_MATCHES_NOT_PRODUCTION_READY,True,False
CF,416299,Mohamed Amine Katiba,522342,Younes El Bahraoui,92.824233,12.091529,92.824233,4,medium_research_only,SAME_ROLE_ONLY;RESEARCH_ONLY;SAMPLE_TOO_SMALL_LOCAL_11_MATCHES_NOT_PRODUCTION_READY,True,False
CF,416299,Mohamed Amine Katiba,523311,Anas Jabroun,81.453834,21.164772,81.453834,4,medium_research_only,SAME_ROLE_ONLY;RESEARCH_ONLY;SAMPLE_TOO_SMALL_LOCAL_11_MATCHES_NOT_PRODUCTION_READY,True,False
CF,416299,Mohamed Amine Katiba,524001,Nasreddine Moustaghfir,78.154352,94.508478,78.154352,4,medium_research_only,SAME_ROLE_ONLY;RESEARCH_ONLY;SAMPLE_TOO_SMALL_LOCAL_11_MATCHES_NOT_PRODUCTION_READY,True,False
CF,416299,Mohamed Amine Katiba,524246,Youness El Kaabi,83.936933,49.986799,83.936933,4,medium_research_only,SAME_ROLE_ONLY;RESEARCH_ONLY;SAMPLE_TOO_SMALL_LOCAL_11_MATCHES_NOT_PRODUCTION_READY,True,False
CF,416299,Mohamed Amine Katiba,524392,Romuald Dacosta,70.233543,5.246573,70.233543,4,medium_research_only,SAME_ROLE_ONLY;RESEARCH_ONLY;SAMPLE_TOO_SMALL_LOCAL_11_MATCHES_NOT_PRODUCTION_READY,True,False
CF,442295,Reda Abardi,453613,Baba Bello Ilou,69.861557,28.917241,69.861557,4,medium_research_only,SAME_ROLE_ONLY;RESEARCH_ONLY;SAMPLE_TOO_SMALL_LOCAL_11_MATCHES_NOT_PRODUCTION_READY,True,False
CF,442295,Reda Abardi,462167,Livty Kpolo,99.876963,3.673406,99.876963,4,medium_research_only,SAME_ROLE_ONLY;RESEARCH_ONLY;SAMPLE_TOO_SMALL_LOCAL_11_MATCHES_NOT_PRODUCTION_READY,True,False
CF,442295,Reda Abardi,477684,Brahim Amzili,93.087064,3.461041,93.087064,4,medium_research_only,SAME_ROLE_ONLY;RESEARCH_ONLY;SAMPLE_TOO_SMALL_LOCAL_11_MATCHES_NOT_PRODUCTION_READY,True,False
CF,442295,Reda Abardi,503286,Mehdi Balouk,82.785577,8.400833,82.785577,4,medium_research_only,SAME_ROLE_ONLY;RESEARCH_ONLY;SAMPLE_TOO_SMALL_LOCAL_11_MATCHES_NOT_PRODUCTION_READY,True,False
CF,442295,Reda Abardi,522339,Souleymane Cissé,83.115953,31.21458,83.115953,4,medium_research_only,SAME_ROLE_ONLY;RESEARCH_ONLY;SAMPLE_TOO_SMALL_LOCAL_11_MATCHES_NOT_PRODUCTION_READY,True,False
CF,442295,Reda Abardi,522342,Younes El Bahraoui,79.456043,12.096869,79.456043,4,medium_research_only,SAME_ROLE_ONLY;RESEARCH_ONLY;SAMPLE_TOO_SMALL_LOCAL_11_MATCHES_NOT_PRODUCTION_READY,True,False
CF,442295,Reda Abardi,523311,Anas Jabroun,95.646895,19.440628,95.646895,4,medium_research_only,SAME_ROLE_ONLY;RESEARCH_ONLY;SAMPLE_TOO_SMALL_LOCAL_11_MATCHES_NOT_PRODUCTION_READY,True,False
CF,442295,Reda Abardi,524001,Nasreddine Moustaghfir,72.65341,94.17282,72.65341,4,medium_research_only,SAME_ROLE_ONLY;RESEARCH_ONLY;SAMPLE_TOO_SMALL_LOCAL_11_MATCHES_NOT_PRODUCTION_READY,True,False
CF,442295,Reda Abardi,524246,Youness El Kaabi,86.610708,48.977069,86.610708,4,medium_research_only,SAME_ROLE_ONLY;RESEARCH_ONLY;SAMPLE_TOO_SMALL_LOCAL_11_MATCHES_NOT_PRODUCTION_READY,True,False
CF,442295,Reda Abardi,524392,Romuald Dacosta,99.920944,2.522218,99.920944,4,medium_research_only,SAME_ROLE_ONLY;RESEARCH_ONLY;SAMPLE_TOO_SMALL_LOCAL_11_MATCHES_NOT_PRODUCTION_READY,True,False
CF,453613,Baba Bello Ilou,462167,Livty Kpolo,68.01595,28.302062,68.01595,4,medium_research_only,SAME_ROLE_ONLY;RESEARCH_ONLY;SAMPLE_TOO_SMALL_LOCAL_11_MATCHES_NOT_PRODUCTION_READY,True,False
CF,453613,Baba Bello Ilou,477684,Brahim Amzili,87.845476,25.917095,87.845476,4,medium_research_only,SAME_ROLE_ONLY;RESEARCH_ONLY;SAMPLE_TOO_SMALL_LOCAL_11_MATCHES_NOT_PRODUCTION_READY,True,False
CF,453613,Baba Bello Ilou,503286,Mehdi Balouk,93.432848,21.813644,93.432848,4,medium_research_only,SAME_ROLE_ONLY;RESEARCH_ONLY;SAMPLE_TOO_SMALL_LOCAL_11_MATCHES_NOT_PRODUCTION_READY,True,False
CF,453613,Baba Bello Ilou,522339,Souleymane Cissé,96.550236,12.17028,96.550236,4,medium_research_only,SAME_ROLE_ONLY;RESEARCH_ONLY;SAMPLE_TOO_SMALL_LOCAL_11_MATCHES_NOT_PRODUCTION_READY,True,False
CF,453613,Baba Bello Ilou,522342,Younes El Bahraoui,94.726956,18.806762,94.726956,4,medium_research_only,SAME_ROLE_ONLY;RESEARCH_ONLY;SAMPLE_TOO_SMALL_LOCAL_11_MATCHES_NOT_PRODUCTION_READY,True,False
CF,453613,Baba Bello Ilou,523311,Anas Jabroun,86.618319,20.458775,86.618319,4,medium_research_only,SAME_ROLE_ONLY;RESEARCH_ONLY;SAMPLE_TOO_SMALL_LOCAL_11_MATCHES_NOT_PRODUCTION_READY,True,False
CF,453613,Baba Bello Ilou,524001,Nasreddine Moustaghfir,99.507469,65.972128,99.507469,4,medium_research_only,SAME_ROLE_ONLY;RESEARCH_ONLY;SAMPLE_TOO_SMALL_LOCAL_11_MATCHES_NOT_PRODUCTION_READY,True,False
CF,453613,Baba Bello Ilou,524246,Youness El Kaabi,95.366952,27.139001,95.366952,4,medium_research_only,SAME_ROLE_ONLY;RESEARCH_ONLY;SAMPLE_TOO_SMALL_LOCAL_11_MATCHES_NOT_PRODUCTION_READY,True,False
CF,453613,Baba Bello Ilou,524392,Romuald Dacosta,70.01764,28.242515,70.01764,4,medium_research_only,SAME_ROLE_ONLY;RESEARCH_ONLY;SAMPLE_TOO_SMALL_LOCAL_11_MATCHES_NOT_PRODUCTION_READY,True,False
CF,462167,Livty Kpolo,477684,Brahim Amzili,91.497656,3.834227,91.497656,4,medium_research_only,SAME_ROLE_ONLY;RESEARCH_ONLY;SAMPLE_TOO_SMALL_LOCAL_11_MATCHES_NOT_PRODUCTION_READY,True,False
CF,462167,Livty Kpolo,503286,Mehdi Balouk,80.526451,8.066236,80.526451,4,medium_research_only,SAME_ROLE_ONLY;RESEARCH_ONLY;SAMPLE_TOO_SMALL_LOCAL_11_MATCHES_NOT_PRODUCTION_READY,True,False
CF,462167,Livty Kpolo,522339,Souleymane Cissé,82.068363,29.32017,82.068363,4,medium_research_only,SAME_ROLE_ONLY;RESEARCH_ONLY;SAMPLE_TOO_SMALL_LOCAL_11_MATCHES_NOT_PRODUCTION_READY,True,False
CF,462167,Livty Kpolo,522342,Younes El Bahraoui,77.036531,11.543172,77.036531,4,medium_research_only,SAME_ROLE_ONLY;RESEARCH_ONLY;SAMPLE_TOO_SMALL_LOCAL_11_MATCHES_NOT_PRODUCTION_READY,True,False
CF,462167,Livty Kpolo,523311,Anas Jabroun,94.595533,16.495981,94.595533,4,medium_research_only,SAME_ROLE_ONLY;RESEARCH_ONLY;SAMPLE_TOO_SMALL_LOCAL_11_MATCHES_NOT_PRODUCTION_READY,True,False
CF,462167,Livty Kpolo,524001,Nasreddine Moustaghfir,71.131787,92.889682,71.131787,4,medium_research_only,SAME_ROLE_ONLY;RESEARCH_ONLY;SAMPLE_TOO_SMALL_LOCAL_11_MATCHES_NOT_PRODUCTION_READY,True,False
CF,462167,Livty Kpolo,524246,Youness El Kaabi,85.065987,46.718968,85.065987,4,medium_research_only,SAME_ROLE_ONLY;RESEARCH_ONLY;SAMPLE_TOO_SMALL_LOCAL_11_MATCHES_NOT_PRODUCTION_READY,True,False
CF,462167,Livty Kpolo,524392,Romuald Dacosta,99.890213,1.220807,99.890213,4,medium_research_only,SAME_ROLE_ONLY;RESEARCH_ONLY;SAMPLE_TOO_SMALL_LOCAL_11_MATCHES_NOT_PRODUCTION_READY,True,False
CF,477684,Brahim Amzili,503286,Mehdi Balouk,97.373444,4.993938,97.373444,4,medium_research_only,SAME_ROLE_ONLY;RESEARCH_ONLY;SAMPLE_TOO_SMALL_LOCAL_11_MATCHES_NOT_PRODUCTION_READY,True,False
CF,477684,Brahim Amzili,522339,Souleymane Cissé,93.781159,28.291779,93.781159,4,medium_research_only,SAME_ROLE_ONLY;RESEARCH_ONLY;SAMPLE_TOO_SMALL_LOCAL_11_MATCHES_NOT_PRODUCTION_READY,True,False
CF,477684,Brahim Amzili,522342,Younes El Bahraoui,95.879586,8.680021,95.879586,4,medium_research_only,SAME_ROLE_ONLY;RESEARCH_ONLY;SAMPLE_TOO_SMALL_LOCAL_11_MATCHES_NOT_PRODUCTION_READY,True,False
CF,477684,Brahim Amzili,523311,Anas Jabroun,98.761509,16.701186,98.761509,4,medium_research_only,SAME_ROLE_ONLY;RESEARCH_ONLY;SAMPLE_TOO_SMALL_LOCAL_11_MATCHES_NOT_PRODUCTION_READY,True,False
CF,477684,Brahim Amzili,524001,Nasreddine Moustaghfir,88.976331,91.119664,88.976331,4,medium_research_only,SAME_ROLE_ONLY;RESEARCH_ONLY;SAMPLE_TOO_SMALL_LOCAL_11_MATCHES_NOT_PRODUCTION_READY,True,False
CF,477684,Brahim Amzili,524246,Youness El Kaabi,96.687094,45.891717,96.687094,4,medium_research_only,SAME_ROLE_ONLY;RESEARCH_ONLY;SAMPLE_TOO_SMALL_LOCAL_11_MATCHES_NOT_PRODUCTION_READY,True,False
CF,477684,Brahim Amzili,524392,Romuald Dacosta,92.525874,3.15721,92.525874,4,medium_research_only,SAME_ROLE_ONLY;RESEARCH_ONLY;SAMPLE_TOO_SMALL_LOCAL_11_MATCHES_NOT_PRODUCTION_READY,True,False
CF,503286,Mehdi Balouk,522339,Souleymane Cissé,94.252688,24.721831,94.252688,4,medium_research_only,SAME_ROLE_ONLY;RESEARCH_ONLY;SAMPLE_TOO_SMALL_LOCAL_11_MATCHES_NOT_PRODUCTION_READY,True,False
CF,503286,Mehdi Balouk,522342,Younes El Bahraoui,99.786233,3.721494,99.786233,4,medium_research_only,SAME_ROLE_ONLY;RESEARCH_ONLY;SAMPLE_TOO_SMALL_LOCAL_11_MATCHES_NOT_PRODUCTION_READY,True,False
CF,503286,Mehdi Balouk,523311,Anas Jabroun,93.671837,14.342046,93.671837,4,medium_research_only,SAME_ROLE_ONLY;RESEARCH_ONLY;SAMPLE_TOO_SMALL_LOCAL_11_MATCHES_NOT_PRODUCTION_READY,True,False
CF,503286,Mehdi Balouk,524001,Nasreddine Moustaghfir,93.578752,86.881198,93.578752,4,medium_research_only,SAME_ROLE_ONLY;RESEARCH_ONLY;SAMPLE_TOO_SMALL_LOCAL_11_MATCHES_NOT_PRODUCTION_READY,True,False
CF,503286,Mehdi Balouk,524246,Youness El Kaabi,95.988292,42.133603,95.988292,4,medium_research_only,SAME_ROLE_ONLY;RESEARCH_ONLY;SAMPLE_TOO_SMALL_LOCAL_11_MATCHES_NOT_PRODUCTION_READY,True,False
CF,503286,Mehdi Balouk,524392,Romuald Dacosta,81.910365,7.849851,81.910365,4,medium_research_only,SAME_ROLE_ONLY;RESEARCH_ONLY;SAMPLE_TOO_SMALL_LOCAL_11_MATCHES_NOT_PRODUCTION_READY,True,False
CF,522339,Souleymane Cissé,522342,Younes El Bahraoui,93.878066,22.214276,93.878066,4,medium_research_only,SAME_ROLE_ONLY;RESEARCH_ONLY;SAMPLE_TOO_SMALL_LOCAL_11_MATCHES_NOT_PRODUCTION_READY,True,False
CF,522339,Souleymane Cissé,523311,Anas Jabroun,94.322458,16.966252,94.322458,4,medium_research_only,SAME_ROLE_ONLY;RESEARCH_ONLY;SAMPLE_TOO_SMALL_LOCAL_11_MATCHES_NOT_PRODUCTION_READY,True,False
CF,522339,Souleymane Cissé,524001,Nasreddine Moustaghfir,98.190475,64.154149,98.190475,4,medium_research_only,SAME_ROLE_ONLY;RESEARCH_ONLY;SAMPLE_TOO_SMALL_LOCAL_11_MATCHES_NOT_PRODUCTION_READY,True,False
CF,522339,Souleymane Cissé,524246,Youness El Kaabi,97.897357,21.645206,97.897357,4,medium_research_only,SAME_ROLE_ONLY;RESEARCH_ONLY;SAMPLE_TOO_SMALL_LOCAL_11_MATCHES_NOT_PRODUCTION_READY,True,False
CF,522339,Souleymane Cissé,524392,Romuald Dacosta,83.302067,29.745366,83.302067,4,medium_research_only,SAME_ROLE_ONLY;RESEARCH_ONLY;SAMPLE_TOO_SMALL_LOCAL_11_MATCHES_NOT_PRODUCTION_READY,True,False
CF,522342,Younes El Bahraoui,523311,Anas Jabroun,91.87494,13.183066,91.87494,4,medium_research_only,SAME_ROLE_ONLY;RESEARCH_ONLY;SAMPLE_TOO_SMALL_LOCAL_11_MATCHES_NOT_PRODUCTION_READY,True,False
CF,522342,Younes El Bahraoui,524001,Nasreddine Moustaghfir,94.405902,83.648286,94.405902,4,medium_research_only,SAME_ROLE_ONLY;RESEARCH_ONLY;SAMPLE_TOO_SMALL_LOCAL_11_MATCHES_NOT_PRODUCTION_READY,True,False
CF,522342,Younes El Bahraoui,524246,Youness El Kaabi,95.624037,39.175608,95.624037,4,medium_research_only,SAME_ROLE_ONLY;RESEARCH_ONLY;SAMPLE_TOO_SMALL_LOCAL_11_MATCHES_NOT_PRODUCTION_READY,True,False
CF,522342,Younes El Bahraoui,524392,Romuald Dacosta,78.612567,11.439483,78.612567,4,medium_research_only,SAME_ROLE_ONLY;RESEARCH_ONLY;SAMPLE_TOO_SMALL_LOCAL_11_MATCHES_NOT_PRODUCTION_READY,True,False
CF,523311,Anas Jabroun,524001,Nasreddine Moustaghfir,88.062419,79.909626,88.062419,4,medium_research_only,SAME_ROLE_ONLY;RESEARCH_ONLY;SAMPLE_TOO_SMALL_LOCAL_11_MATCHES_NOT_PRODUCTION_READY,True,False
CF,523311,Anas Jabroun,524246,Youness El Kaabi,97.279834,31.028479,97.279834,4,medium_research_only,SAME_ROLE_ONLY;RESEARCH_ONLY;SAMPLE_TOO_SMALL_LOCAL_11_MATCHES_NOT_PRODUCTION_READY,True,False
CF,523311,Anas Jabroun,524392,Romuald Dacosta,95.655737,17.261678,95.655737,4,medium_research_only,SAME_ROLE_ONLY;RESEARCH_ONLY;SAMPLE_TOO_SMALL_LOCAL_11_MATCHES_NOT_PRODUCTION_READY,True,False
CF,524001,Nasreddine Moustaghfir,524246,Youness El Kaabi,95.591183,53.172336,95.591183,4,medium_research_only,SAME_ROLE_ONLY;RESEARCH_ONLY;SAMPLE_TOO_SMALL_LOCAL_11_MATCHES_NOT_PRODUCTION_READY,True,False
CF,524001,Nasreddine Moustaghfir,524392,Romuald Dacosta,72.765445,93.118436,72.765445,4,medium_research_only,SAME_ROLE_ONLY;RESEARCH_ONLY;SAMPLE_TOO_SMALL_LOCAL_11_MATCHES_NOT_PRODUCTION_READY,True,False
CF,524246,Youness El Kaabi,524392,Romuald Dacosta,86.832134,47.223341,86.832134,4,medium_research_only,SAME_ROLE_ONLY;RESEARCH_ONLY;SAMPLE_TOO_SMALL_LOCAL_11_MATCHES_NOT_PRODUCTION_READY,True,False
